302,1,660.09,731.53,630.7499999999999,339.75,1,1,1.0
303,1,619.22,715.59,637.8699999999999,354.57000000000005,1,1,1.0
304,1,582.23,696.19,643.8799999999999,372.75,1,1,1.0
305,1,557.67,673.59,655.5000000000001,393.38,1,1,1.0
306,1,520.31,647.3,690.75,418.8700000000001,1,1,1.0
307,1,494.62,624.47,714.7600000000001,439.5,1,1,1.0
308,1,471.75,603.84,724.8699999999999,467.9999999999999,1,1,1.0
309,1,451.31,592.97,734.25,479.25,1,1,1.0
310,1,430.36,579.28,739.87,491.6300000000001,1,1,1.0
311,1,402.61,569.06,745.12,501.3800000000001,1,1,1.0
312,1,383.25,558.94,730.8699999999999,510.75,1,1,1.0
313,1,359.44,554.91,723.75,514.87,1,1,1.0
314,1,336.19,546.56,722.25,523.5,1,1,1.0
315,1,310.22,534.56,710.25,534.3800000000001,1,1,1.0
316,1,287.16,521.53,678.0,546.3800000000001,1,1,1.0
317,1,263.81,516.84,660.3800000000001,553.4999999999999,1,1,1.0
318,1,245.06,512.81,625.1300000000001,556.8800000000001,1,1,1.0
319,1,223.31,508.12,606.75,562.4999999999999,1,1,1.0
320,1,198.94,503.81,596.6199999999999,567.3800000000001,1,1,1.0
321,1,174.09,499.88,592.88,569.62,1,1,1.0
322,1,147.38,496.03,594.0,572.6300000000001,1,1,1.0
323,1,117.56,492.94,595.5,576.75,1,1,1.0
324,1,83.06,492.84,600.75,576.75,1,1,1.0
325,1,52.31,493.31,603.3800000000001,576.75,1,1,1.0
326,1,24.94,497.25,612.0,572.6300000000001,1,1,1.0
327,1,3.94,503.44,617.25,567.3699999999999,1,1,1.0
328,1,-1.69,509.44,600.75,562.5,1,1,1.0
329,1,-0.75,510.38,586.5,562.12,1,1,1.0
330,1,-2.09,513.84,570.75,559.4999999999999,1,1,1.0
331,1,-5.09,517.69,556.5,556.1199999999999,1,1,1.0
332,1,-2.06,519.47,535.1199999999999,552.3699999999999,1,1,1.0
333,1,-2.81,522.09,510.75,549.7499999999999,1,1,1.0
334,1,0.47,501.56,485.25,570.75,1,1,1.0
335,1,0.09,471.0,462.75,604.1199999999999,1,1,1.0
336,1,-1.45,528.0,448.12,546.3800000000001,1,1,1.0
337,1,-0.47,524.53,428.25,549.75,1,1,1.0
338,1,-0.84,242.25,418.86999999999995,827.25,1,1,1.0
339,1,-0.66,174.38,408.0,894.7399999999999,1,1,1.0
340,1,-1.31,163.31,414.0,907.5,1,1,1.0
341,1,-1.5,163.88,427.12,907.5000000000001,1,1,1.0
343,1,-1.5,163.88,427.12,907.5000000000001,1,1,1.0
344,1,-0.47,439.41,432.0,629.25,1,1,1.0
345,1,-0.09,403.12,427.5,666.7600000000001,1,1,1.0
346,1,-0.66,416.53,422.63000000000005,652.5,1,1,1.0
347,1,-0.38,396.47,411.76,672.0,1,1,1.0
348,1,-0.47,408.38,400.5,661.12,1,1,1.0
349,1,-0.56,412.41,386.25,656.6199999999999,1,1,1.0
350,1,-1.5,358.69,370.5,716.25,1,1,1.0
351,1,0.84,343.88,341.63000000000005,731.62,1,1,1.0
352,1,0.94,336.84,316.87,739.8800000000001,1,1,1.0
353,1,1.31,282.8,285.19,791.25,1,1,1.0
354,1,2.02,276.09,262.5,796.5,1,1,1.0
355,1,1.55,83.2,262.12,989.25,1,1,1.0
356,1,1.27,78.05,262.5,995.25,1,1,1.0
357,1,1.69,51.38,260.25,1019.2399999999999,1,1,1.0
368,1,-1.78,356.25,365.05999999999995,717.3699999999999,1,1,1.0
369,1,-0.66,422.16,380.07000000000005,648.0,1,1,1.0
370,1,-0.84,316.31,402.36999999999995,754.8800000000001,1,1,1.0
371,1,0.61,338.06,411.75,734.6300000000001,1,1,1.0
372,1,1.03,353.62,423.38000000000005,717.7600000000001,1,1,1.0
373,1,-0.47,354.98,438.75,715.1299999999999,1,1,1.0
374,1,-0.94,354.94,450.0,716.25,1,1,1.0
375,1,-0.84,354.84,454.86999999999995,716.25,1,1,1.0
376,1,-0.84,351.94,457.11999999999995,719.6199999999999,1,1,1.0
377,1,-1.03,347.48,457.11999999999995,724.1299999999999,1,1,1.0
378,1,-0.94,340.27,457.13,731.25,1,1,1.0
379,1,-0.66,341.91,457.13000000000005,729.75,1,1,1.0
380,1,-0.94,342.42,457.13,729.75,1,1,1.0
381,1,-0.75,343.73,454.87,728.6299999999999,1,1,1.0
382,1,-0.94,343.64,452.25,727.5000000000001,1,1,1.0
383,1,-0.66,345.47,446.25,726.3699999999999,1,1,1.0
384,1,-0.56,349.78,441.0,721.8800000000001,1,1,1.0
385,1,-0.47,355.12,434.25,716.2600000000001,1,1,1.0
386,1,0.0,355.5,429.0,716.25,1,1,1.0
387,1,-0.19,357.23,424.13,714.0,1,1,1.0
388,1,-0.28,354.75,419.61999999999995,716.25,1,1,1.0
389,1,1.17,352.59,409.88,720.75,1,1,1.0
390,1,1.55,351.66,404.62,721.8699999999999,1,1,1.0
391,1,1.78,346.31,397.5,726.75,1,1,1.0
392,1,1.17,350.34,392.25,723.3800000000001,1,1,1.0
393,1,0.98,353.34,387.0,720.75,1,1,1.0
394,1,0.84,359.06,384.38000000000005,715.8800000000001,1,1,1.0
395,1,0.94,362.25,382.31,712.5,1,1,1.0
396,1,0.75,364.22,383.06,710.6199999999999,1,1,1.0
397,1,0.56,366.09,384.0,709.5,1,1,1.0
398,1,0.7,366.47,385.5,708.3699999999999,1,1,1.0
399,1,0.66,367.59,385.86999999999995,706.8800000000001,1,1,1.0
400,1,0.42,371.06,385.88,703.8800000000001,1,1,1.0
401,1,0.23,374.91,384.75,699.75,1,1,1.0
402,1,1.12,380.25,378.76,690.3699999999999,1,1,1.0
403,1,1.12,379.31,376.88,691.5,1,1,1.0
404,1,1.22,370.5,373.86999999999995,700.5,1,1,1.0
405,1,1.03,360.66,371.44000000000005,709.8699999999999,1,1,1.0
406,1,1.03,351.19,368.25,719.6199999999999,1,1,1.0
407,1,0.84,338.72,366.57000000000005,732.75,1,1,1.0
408,1,0.84,336.84,366.0,734.6300000000001,1,1,1.0
409,1,0.75,335.81,367.31,735.3800000000001,1,1,1.0
410,1,0.75,337.12,369.94,733.4999999999999,1,1,1.0
411,1,0.94,341.44,371.06,729.75,1,1,1.0
412,1,0.94,348.75,372.19,721.8699999999999,1,1,1.0
413,1,1.03,355.12,372.19000000000005,715.88,1,1,1.0
414,1,1.03,359.62,370.31,712.4999999999999,1,1,1.0
415,1,0.94,361.59,368.25,709.8800000000001,1,1,1.0
416,1,1.03,359.06,366.0,712.5,1,1,1.0
417,1,0.94,351.75,364.87,719.6300000000001,1,1,1.0
418,1,0.66,356.34,364.67999999999995,715.5,1,1,1.0
419,1,0.75,361.41,364.69,710.6199999999999,1,1,1.0
420,1,0.94,361.41,364.69,710.6199999999999,1,1,1.0
421,1,0.94,364.12,365.25,707.63,1,1,1.0
422,1,0.84,367.12,366.57000000000005,704.63,1,1,1.0
423,1,0.94,368.62,367.31,702.7600000000001,1,1,1.0
424,1,1.03,369.66,367.88000000000005,701.6199999999999,1,1,1.0
425,1,1.12,368.53,367.69,702.75,1,1,1.0
426,1,0.94,369.38,367.31,702.37,1,1,1.0
427,1,1.03,367.97,366.94000000000005,703.8699999999999,1,1,1.0
428,1,1.03,366.75,365.25,705.3699999999999,1,1,1.0
429,1,0.84,361.78,364.69,710.6300000000001,1,1,1.0
430,1,0.94,360.94,364.12,711.75,1,1,1.0
431,1,0.94,359.25,363.75,712.8699999999999,1,1,1.0
432,1,0.84,359.53,363.75,712.5,1,1,1.0
433,1,0.94,356.06,363.37,717.0,1,1,1.0
434,1,0.94,357.28,363.37,715.8800000000001,1,1,1.0
435,1,1.12,359.06,363.38,714.0,1,1,1.0
436,1,0.94,355.78,363.75,717.0,1,1,1.0
437,1,1.03,357.75,364.13000000000005,714.75,1,1,1.0
438,1,1.12,359.53,365.26,712.8800000000001,1,1,1.0
439,1,1.22,361.78,365.61999999999995,710.6300000000001,1,1,1.0
440,1,1.12,361.59,366.0,710.6300000000001,1,1,1.0
441,1,1.12,362.16,366.57,709.8699999999999,1,1,1.0
442,1,1.03,361.5,366.94000000000005,710.6199999999999,1,1,1.0
443,1,1.03,362.25,367.31,709.8699999999999,1,1,1.0
444,1,1.12,362.25,367.32,709.8699999999999,1,1,1.0
445,1,1.03,360.84,367.69000000000005,711.75,1,1,1.0
446,1,1.03,358.41,367.31,714.75,1,1,1.0
447,1,0.94,356.81,367.31,715.8800000000001,1,1,1.0
448,1,1.03,356.72,367.31,715.5,1,1,1.0
449,1,1.12,354.66,368.26,717.75,1,1,1.0
450,1,1.03,359.34,369.19000000000005,712.5,1,1,1.0
451,1,0.94,359.53,369.56,712.5,1,1,1.0
452,1,0.94,359.34,369.56,712.5,1,1,1.0
453,1,1.03,359.34,369.56,712.5,1,1,1.0
454,1,1.03,359.53,369.94000000000005,712.5,1,1,1.0
455,1,1.03,359.53,370.31,712.5,1,1,1.0
456,1,1.03,359.16,371.06,712.5,1,1,1.0
457,1,1.12,352.97,371.44,719.6199999999999,1,1,1.0
458,1,1.12,357.47,371.44,714.75,1,1,1.0
459,1,1.22,360.09,371.44,711.75,1,1,1.0
460,1,1.12,359.44,371.44,712.5,1,1,1.0
461,1,1.12,354.38,371.44,717.7399999999999,1,1,1.0
462,1,1.03,359.81,371.44000000000005,712.5,1,1,1.0
463,1,1.03,359.44,371.06,712.5,1,1,1.0
464,1,1.03,360.94,370.31,710.6199999999999,1,1,1.0
465,1,0.84,358.78,369.57000000000005,712.8800000000001,1,1,1.0
466,1,0.84,357.28,369.57000000000005,714.75,1,1,1.0
467,1,0.94,359.72,369.19,712.5,1,1,1.0
468,1,0.84,357.0,369.19,715.5,1,1,1.0
469,1,0.94,356.44,369.19,715.8699999999999,1,1,1.0
470,1,0.84,357.47,369.57000000000005,714.75,1,1,1.0
471,1,0.94,357.56,369.19,714.75,1,1,1.0
472,1,0.75,357.09,369.56,715.5,1,1,1.0
473,1,0.84,357.0,369.57000000000005,715.5,1,1,1.0
474,1,0.94,355.88,370.31,717.0000000000001,1,1,1.0
475,1,0.94,354.84,370.87,717.75,1,1,1.0
476,1,1.03,359.44,371.44000000000005,712.8699999999999,1,1,1.0
477,1,1.03,360.47,371.44000000000005,711.75,1,1,1.0
478,1,1.03,359.91,372.19000000000005,712.5,1,1,1.0
479,1,1.12,362.25,372.57,709.5,1,1,1.0
480,1,1.12,361.22,372.57,710.6199999999999,1,1,1.0
481,1,1.12,361.59,372.19,710.6300000000001,1,1,1.0
482,1,0.94,363.09,372.19,709.5,1,1,1.0
483,1,0.94,362.25,371.44,710.6300000000001,1,1,1.0
484,1,0.75,348.66,371.81,725.6199999999999,1,1,1.0
485,1,0.84,352.12,371.44,721.88,1,1,1.0
486,1,1.03,350.06,371.06,724.1300000000001,1,1,1.0
487,1,0.75,348.28,371.44,726.75,1,1,1.0
488,1,0.84,347.53,371.44,727.5,1,1,1.0
489,1,0.94,344.16,371.81,730.5,1,1,1.0
490,1,0.84,345.75,372.19,729.0,1,1,1.0
491,1,0.84,348.0,373.13000000000005,726.75,1,1,1.0
492,1,0.75,350.44,373.87,724.1199999999999,1,1,1.0
493,1,1.03,356.53,373.5,717.0,1,1,1.0
494,1,1.03,355.97,373.5,717.75,1,1,1.0
495,1,1.12,358.41,373.13,714.75,1,1,1.0
496,1,0.94,357.94,373.5,715.5,1,1,1.0
497,1,0.94,358.22,373.5,714.75,1,1,1.0
498,1,1.12,356.62,373.13,716.9999999999999,1,1,1.0
499,1,1.03,358.22,373.5,715.5,1,1,1.0
500,1,1.03,355.12,373.13000000000005,718.88,1,1,1.0
501,1,1.03,352.59,372.56,721.8800000000001,1,1,1.0
502,1,1.12,354.66,371.82,719.6199999999999,1,1,1.0
503,1,1.03,355.5,371.44000000000005,718.8800000000001,1,1,1.0
504,1,0.84,347.44,371.44,727.5,1,1,1.0
505,1,0.75,345.47,371.44,729.0,1,1,1.0
506,1,0.84,346.31,370.32000000000005,727.8800000000001,1,1,1.0
507,1,0.84,351.38,368.82000000000005,721.87,1,1,1.0
508,1,1.88,461.95,367.31,612.0,1,1,1.0
509,1,1.69,465.38,367.31,608.62,1,1,1.0
510,1,1.69,452.81,367.31,621.3800000000001,1,1,1.0
511,1,1.69,464.11,366.56,609.7499999999999,1,1,1.0
512,1,1.69,453.28,366.56,621.3800000000001,1,1,1.0
513,1,1.88,456.94,366.0,617.6199999999999,1,1,1.0
514,1,1.97,463.12,365.61999999999995,611.2600000000001,1,1,1.0
515,1,1.97,463.17,365.61999999999995,611.25,1,1,1.0
516,1,1.88,471.14,365.62,603.0000000000001,1,1,1.0
517,1,1.41,434.53,366.92999999999995,639.75,1,1,1.0
518,1,1.31,436.31,366.94,637.5,1,1,1.0
519,1,1.41,441.56,366.92999999999995,632.25,1,1,1.0
520,1,1.59,443.81,366.57000000000005,630.0,1,1,1.0
521,1,1.5,438.98,366.94,634.5,1,1,1.0
522,1,1.69,456.52,367.31,617.25,1,1,1.0
523,1,1.88,464.11,366.93,609.7499999999999,1,1,1.0
524,1,1.78,487.97,366.94000000000005,585.3699999999999,1,1,1.0
525,1,1.78,489.94,366.94000000000005,583.5,1,1,1.0
526,1,1.88,490.88,366.93,582.0000000000001,1,1,1.0
527,1,1.69,494.53,367.31,578.6300000000001,1,1,1.0
528,1,1.78,483.8,367.31,589.5,1,1,1.0
529,1,1.59,470.2,367.69,603.0,1,1,1.0
530,1,1.5,463.5,367.69,609.75,1,1,1.0
531,1,1.69,467.72,367.31,605.25,1,1,1.0
532,1,1.78,479.48,366.94000000000005,593.6299999999999,1,1,1.0
533,1,1.59,471.0,367.32000000000005,601.8800000000001,1,1,1.0
534,1,1.59,472.5,367.32000000000005,600.3800000000001,1,1,1.0
535,1,1.78,470.91,366.56,601.8699999999999,1,1,1.0
536,1,1.69,464.44,366.94,608.6199999999999,1,1,1.0
537,1,1.78,464.86,366.94000000000005,607.4999999999999,1,1,1.0
538,1,1.69,463.73,366.94,609.0,1,1,1.0
539,1,1.69,458.77,367.31,614.25,1,1,1.0
540,1,1.78,464.3,366.94000000000005,608.6200000000001,1,1,1.0
541,1,1.69,452.62,367.31,620.9999999999999,1,1,1.0
542,1,1.69,460.78,366.94,612.0,1,1,1.0
543,1,1.59,464.2,366.94,609.0,1,1,1.0
544,1,1.69,463.55,366.94,609.75,1,1,1.0
545,1,1.59,464.81,367.32000000000005,608.6300000000001,1,1,1.0
546,1,1.78,474.0,366.94000000000005,599.25,1,1,1.0
547,1,1.78,469.31,366.94000000000005,604.1300000000001,1,1,1.0
548,1,1.78,471.61,367.31,601.87,1,1,1.0
549,1,1.69,474.94,367.31,598.5,1,1,1.0
550,1,1.88,479.16,366.93,594.0,1,1,1.0
551,1,1.69,486.23,367.31,586.8799999999999,1,1,1.0
552,1,1.78,473.91,367.69000000000005,599.25,1,1,1.0
553,1,1.88,467.95,367.87,605.25,1,1,1.0
554,1,1.88,467.2,367.87,606.3799999999999,1,1,1.0
555,1,1.88,463.59,367.87,609.75,1,1,1.0
556,1,1.78,462.09,368.25,611.25,1,1,1.0
557,1,1.78,468.56,368.25,604.8800000000001,1,1,1.0
558,1,1.97,472.27,367.86999999999995,601.1200000000001,1,1,1.0
559,1,1.97,471.75,367.86999999999995,601.8699999999999,1,1,1.0
560,1,1.97,485.53,367.69,588.0,1,1,1.0
561,1,1.97,489.28,367.69,584.25,1,1,1.0
562,1,1.78,479.81,368.25,593.6300000000001,1,1,1.0
563,1,1.78,478.41,368.81,595.1199999999999,1,1,1.0
564,1,1.78,482.77,369.19000000000005,590.25,1,1,1.0
565,1,1.69,481.97,369.94,591.3699999999999,1,1,1.0
566,1,1.78,485.48,369.94000000000005,587.6299999999999,1,1,1.0
567,1,1.78,479.53,369.94000000000005,593.6300000000001,1,1,1.0
568,1,1.69,466.27,370.31,606.75,1,1,1.0
569,1,1.59,468.89,370.32000000000005,604.13,1,1,1.0
570,1,1.69,478.92,369.94,594.0,1,1,1.0
571,1,1.5,466.92,370.88,606.3799999999999,1,1,1.0
572,1,1.5,466.41,371.81,606.75,1,1,1.0
573,1,1.69,466.36,372.19,606.7499999999999,1,1,1.0
574,1,1.5,470.11,372.19,602.9999999999999,1,1,1.0
575,1,1.5,461.48,373.88,612.0,1,1,1.0
576,1,1.5,461.77,375.38,612.0,1,1,1.0
577,1,1.69,466.5,377.25,606.75,1,1,1.0
578,1,-1.12,356.81,387.74,716.25,1,1,1.0
579,1,0.23,364.69,388.13,709.5,1,1,1.0
580,1,0.61,378.66,391.12,695.25,1,1,1.0
581,1,0.89,379.5,393.0,694.5,1,1,1.0
582,1,0.75,377.62,394.13,697.4999999999999,1,1,1.0
583,1,1.41,386.3,391.86999999999995,688.1200000000001,1,1,1.0
584,1,1.27,388.66,390.75,686.25,1,1,1.0
585,1,1.27,392.53,388.87,682.1300000000001,1,1,1.0
586,1,0.94,393.84,384.75,681.3800000000001,1,1,1.0
587,1,0.84,402.19,378.38000000000005,671.6199999999999,1,1,1.0
588,1,0.84,394.41,375.75,680.6199999999999,1,1,1.0
589,1,1.97,496.69,369.94,574.8699999999999,1,1,1.0
590,1,1.78,492.0,365.63000000000005,579.0,1,1,1.0
591,1,1.59,489.66,360.0,582.0,1,1,1.0
592,1,1.31,476.2,354.38,596.25,1,1,1.0
593,1,0.94,460.97,344.62,611.25,1,1,1.0
594,1,0.84,488.25,334.32000000000005,584.6300000000001,1,1,1.0
595,1,0.75,518.06,323.44,556.8800000000001,1,1,1.0
596,1,0.47,538.12,313.30999999999995,537.7600000000001,1,1,1.0
597,1,0.38,502.78,302.43,572.6300000000001,1,1,1.0
598,1,0.84,541.88,288.38000000000005,537.37,1,1,1.0
599,1,0.28,528.75,279.56,552.0,1,1,1.0
600,1,0.23,503.44,271.32,575.25,1,1,1.0
601,1,0.56,513.66,262.5,564.7500000000001,1,1,1.0
602,1,1.03,516.84,252.38,561.7499999999999,1,1,1.0
603,1,0.84,519.38,240.94,558.7399999999999,1,1,1.0
604,1,0.7,486.94,234.38000000000002,589.5,1,1,1.0
605,1,0.75,490.5,228.75,586.8800000000001,1,1,1.0
606,1,1.08,480.47,225.94,597.0,1,1,1.0
607,1,0.98,496.88,224.82000000000002,581.2399999999999,1,1,1.0
608,1,0.89,501.47,224.06,576.3699999999999,1,1,1.0
609,1,0.94,527.34,224.44,552.38,1,1,1.0
610,1,1.17,550.31,224.44000000000003,529.8800000000001,1,1,1.0
611,1,1.08,558.38,225.0,522.0000000000001,1,1,1.0
612,1,0.89,559.5,224.81,518.6199999999999,1,1,1.0
612,2,1482.84,603.7,436.5,466.1299999999999,1,1,1.0
613,1,0.98,564.75,222.94,512.6300000000001,1,1,1.0
613,2,1456.31,590.53,463.8700000000001,478.1300000000001,1,1,1.0
614,1,0.94,557.91,222.37,518.2500000000001,1,1,1.0
614,2,1426.12,578.91,490.1200000000001,489.0000000000001,1,1,1.0
615,1,-0.28,611.02,222.19,460.5,1,1,1.0
615,2,1393.64,570.66,516.75,499.87,1,1,1.0
616,1,0.28,597.38,221.06,474.7399999999999,1,1,1.0
616,2,1309.12,563.34,565.1200000000001,507.38,1,1,1.0
617,1,0.23,583.78,221.07000000000002,487.5,1,1,1.0
617,2,1279.12,553.97,564.3800000000001,516.75,1,1,1.0
618,1,0.28,562.59,224.06,510.7499999999999,1,1,1.0
618,2,1246.22,546.0,552.0,524.6199999999999,1,1,1.0
619,1,-0.23,591.38,229.86999999999998,481.12,1,1,1.0
619,2,1218.28,534.09,574.8800000000001,534.7499999999999,1,1,1.0
620,1,1.27,423.56,237.56,646.5,1,1,1.0
620,2,1182.75,518.44,563.25,550.8699999999999,1,1,1.0
621,1,1.31,415.88,249.0,655.5000000000001,1,1,1.0
621,2,1145.62,501.09,550.8800000000001,568.5,1,1,1.0
622,1,1.03,400.31,261.56,673.8800000000001,1,1,1.0
622,2,1117.41,480.0,550.8699999999999,590.25,1,1,1.0
623,1,1.5,398.48,270.38,676.8799999999999,1,1,1.0
623,2,1102.59,458.62,540.0,612.7600000000001,1,1,1.0
624,1,1.31,392.39,280.88,682.88,1,1,1.0
624,2,1088.34,443.44,534.3800000000001,628.5,1,1,1.0
625,1,1.59,385.01,288.94,690.3700000000001,1,1,1.0
625,2,1076.81,429.66,523.5,639.75,1,1,1.0
626,1,1.41,382.41,294.56,692.25,1,1,1.0
626,2,1063.12,410.11,519.0,661.4999999999999,1,1,1.0
627,1,1.69,381.66,295.87,692.25,1,1,1.0
627,2,1048.88,397.17,516.75,673.8799999999999,1,1,1.0
628,1,1.69,375.4,295.5,697.5000000000001,1,1,1.0
628,2,1039.88,386.81,510.3799999999999,685.8800000000001,1,1,1.0
629,1,0.84,374.81,294.0,696.3800000000001,1,1,1.0
629,2,1035.75,378.38,500.6300000000001,694.87,1,1,1.0
630,1,1.22,368.04,288.36999999999995,705.3700000000001,1,1,1.0
630,2,1031.44,371.44,491.25,701.6199999999999,1,1,1.0
631,1,0.47,364.5,284.61999999999995,710.6199999999999,1,1,1.0
631,2,1029.38,366.38,485.6199999999999,706.12,1,1,1.0
632,1,0.38,361.41,278.62,712.5,1,1,1.0
632,2,1026.0,362.44,485.25,709.5,1,1,1.0
633,1,0.98,361.03,268.69,712.8800000000001,1,1,1.0
633,2,1020.94,358.12,489.0,712.88,1,1,1.0
634,1,0.98,361.22,259.88,714.0,1,1,1.0
634,2,1015.5,354.75,491.25,717.3699999999999,1,1,1.0
635,1,1.03,364.31,246.0,710.6300000000001,1,1,1.0
635,2,1010.25,350.06,490.5,721.8800000000001,1,1,1.0
636,1,0.23,365.62,236.63000000000002,709.4999999999999,1,1,1.0
636,2,1003.97,345.38,487.1299999999999,726.37,1,1,1.0
637,1,0.14,364.88,237.56,709.5000000000001,1,1,1.0
637,2,997.88,338.62,485.2399999999999,734.2600000000001,1,1,1.0
638,1,0.75,368.16,230.06,709.5,1,1,1.0
638,2,991.69,328.69,483.3699999999999,744.75,1,1,1.0
639,1,0.42,370.5,230.06,708.3800000000001,1,1,1.0
639,2,987.0,317.62,478.1199999999999,754.88,1,1,1.0
640,1,0.05,373.12,229.5,705.7600000000001,1,1,1.0
640,2,982.78,303.19,470.25,769.5,1,1,1.0
641,1,-0.23,376.43,231.36999999999998,701.6299999999999,1,1,1.0
641,2,977.44,291.38,462.75,780.7399999999999,1,1,1.0
642,1,0.0,377.2,231.38,701.6299999999999,1,1,1.0
642,2,972.75,277.88,453.3699999999999,794.2399999999999,1,1,1.0
643,1,1.78,379.78,233.25,699.3800000000001,1,1,1.0
643,2,970.12,267.75,439.88,805.5,1,1,1.0
644,1,1.69,384.28,234.37,695.25,1,1,1.0
644,2,968.62,256.31,427.4999999999999,818.25,1,1,1.0
645,1,1.59,383.06,240.0,696.3800000000001,1,1,1.0
645,2,967.12,248.81,422.9999999999999,825.75,1,1,1.0
646,1,1.78,378.66,245.25,702.3699999999999,1,1,1.0
646,2,966.0,241.12,417.3800000000001,833.9999999999999,1,1,1.0
647,1,2.3,376.78,250.11999999999998,702.75,1,1,1.0
647,2,965.06,236.25,410.25,838.5,1,1,1.0
648,1,1.97,374.72,256.30999999999995,703.8699999999999,1,1,1.0
648,2,964.31,232.69,403.8800000000001,841.5,1,1,1.0
649,1,1.69,373.41,277.69,703.8699999999999,1,1,1.0
649,2,963.0,230.62,396.75,843.7600000000001,1,1,1.0
650,1,1.88,373.78,296.62,703.8800000000001,1,1,1.0
650,2,962.06,228.56,388.5,845.25,1,1,1.0
651,1,1.12,372.0,317.63,704.6199999999999,1,1,1.0
651,2,959.72,227.62,381.55999999999995,846.7600000000001,1,1,1.0
652,1,0.84,370.69,337.13000000000005,703.8699999999999,1,1,1.0
652,2,959.91,230.06,373.87,843.75,1,1,1.0
653,1,1.22,367.78,352.69,704.6300000000001,1,1,1.0
653,2,958.97,232.97,364.1199999999999,840.75,1,1,1.0
654,1,1.22,364.5,364.69,706.8800000000001,1,1,1.0
654,2,957.94,231.8,358.8699999999999,841.5,1,1,1.0
655,1,0.8,358.88,379.68,712.87,1,1,1.0
655,2,955.97,229.97,352.69000000000005,843.75,1,1,1.0
656,1,1.5,354.56,385.88,717.0,1,1,1.0
656,2,955.03,226.97,345.0,847.5,1,1,1.0
657,1,1.59,349.69,394.88000000000005,719.6199999999999,1,1,1.0
657,2,954.84,225.84,338.9999999999999,848.9999999999999,1,1,1.0
658,1,1.5,345.38,402.75,724.12,1,1,1.0
658,2,955.59,218.16,332.43999999999994,855.0000000000001,1,1,1.0
659,1,2.39,339.75,408.0,732.0,1,1,1.0
659,2,955.31,209.62,325.8800000000001,863.9999999999999,1,1,1.0
660,1,2.11,337.31,411.0,733.5,1,1,1.0
660,2,955.97,202.22,318.3699999999999,867.0,1,1,1.0
661,1,2.16,332.34,408.0,738.3800000000001,1,1,1.0
661,2,956.81,192.68,309.3800000000001,872.25,1,1,1.0
662,1,1.31,328.31,405.38,739.5,1,1,1.0
662,2,958.78,183.66,306.3800000000001,878.2500000000001,1,1,1.0
663,1,1.22,323.53,402.0,744.75,1,1,1.0
663,2,959.81,177.0,306.0,884.25,1,1,1.0
664,1,1.03,319.78,397.5,748.5,1,1,1.0
664,2,959.81,173.34,308.44000000000005,886.4999999999999,1,1,1.0
665,1,1.03,316.59,395.63000000000005,752.25,1,1,1.0
665,2,960.47,170.06,312.3699999999999,887.25,1,1,1.0
666,1,1.03,314.72,393.0,752.6199999999999,1,1,1.0
666,2,961.88,167.25,313.67999999999995,889.5,1,1,1.0
667,1,-0.66,309.19,399.0,760.8699999999999,1,1,1.0
667,2,963.09,164.44,313.32000000000005,891.0,1,1,1.0
668,1,-0.75,304.88,400.5,766.5000000000001,1,1,1.0
668,2,963.75,164.34,312.75,889.4999999999999,1,1,1.0
669,1,-0.94,300.38,403.13,771.0000000000001,1,1,1.0
669,2,965.53,162.47,309.3800000000001,891.0,1,1,1.0
670,1,-0.94,296.06,405.38,775.5,1,1,1.0
670,2,968.91,162.94,304.87,889.5,1,1,1.0
671,1,-0.94,292.12,406.88,779.2600000000001,1,1,1.0
671,2,971.91,162.84,299.06000000000006,887.2499999999999,1,1,1.0
672,1,-0.75,289.12,408.0,781.4999999999999,1,1,1.0
672,2,976.03,161.62,289.30999999999995,887.2600000000001,1,1,1.0
673,1,-1.12,285.0,410.24,786.75,1,1,1.0
673,2,978.94,159.66,282.19000000000005,886.5000000000001,1,1,1.0
674,1,-1.5,282.94,412.5,789.0,1,1,1.0
674,2,982.03,153.09,273.94000000000005,870.0,1,1,1.0
675,1,-1.5,281.25,420.38,789.0,1,1,1.0
675,2,984.66,147.05,267.37,858.75,1,1,1.0
676,1,-1.88,279.0,427.13,792.0,1,1,1.0
676,2,986.34,142.45,265.13,864.75,1,1,1.0
677,1,-2.16,278.06,435.75,793.5,1,1,1.0
677,2,987.84,138.28,263.82000000000005,863.25,1,1,1.0
678,1,-2.53,277.5,443.25,794.25,1,1,1.0
678,2,989.25,135.52,264.3699999999999,804.0,1,1,1.0
679,1,-2.81,277.88,448.87,795.7399999999999,1,1,1.0
679,2,991.31,132.14,265.8800000000001,784.5,1,1,1.0
680,1,-2.34,278.81,454.5,793.5,1,1,1.0
680,2,993.75,126.94,267.3699999999999,783.75,1,1,1.0
681,1,-2.81,278.81,462.75,793.5,1,1,1.0
681,2,995.81,122.16,269.25,798.75,1,1,1.0
682,1,-2.91,279.38,470.25,793.5000000000001,1,1,1.0
682,2,996.94,120.19,273.3699999999999,783.75,1,1,1.0
683,1,-2.91,278.81,483.38000000000005,792.0,1,1,1.0
683,2,999.0,117.66,275.6199999999999,783.0,1,1,1.0
684,1,-3.09,275.25,497.61999999999995,796.5,1,1,1.0
684,2,999.66,116.44,279.0000000000001,783.0,1,1,1.0
685,1,-2.72,271.69,510.38000000000005,799.5,1,1,1.0
685,2,1000.88,113.06,282.56000000000006,784.5,1,1,1.0
686,1,-2.16,272.25,517.5,795.75,1,1,1.0
686,2,1003.22,112.31,283.1199999999999,784.5,1,1,1.0
687,1,-2.53,271.41,528.75,797.25,1,1,1.0
687,2,1004.16,111.94,285.7500000000001,784.5,1,1,1.0
688,1,-3.0,266.06,545.25,806.25,1,1,1.0
688,2,1005.09,112.78,286.31000000000006,786.0,1,1,1.0
689,1,-0.09,265.88,549.75,806.2399999999999,1,1,1.0
689,2,1005.56,112.59,287.05999999999995,783.75,1,1,1.0
690,1,10.69,268.55,543.3699999999999,801.0,1,1,1.0
690,2,1006.03,113.44,287.05999999999995,780.75,1,1,1.0
691,1,18.98,267.14,539.63,803.2500000000001,1,1,1.0
691,2,1006.41,112.69,286.31000000000006,778.5,1,1,1.0
692,1,26.06,265.69,535.1300000000001,804.75,1,1,1.0
692,2,1006.5,110.62,285.19000000000005,775.5,1,1,1.0
693,1,33.23,263.11,528.0,807.7499999999999,1,1,1.0
693,2,1006.5,107.53,280.5,779.25,1,1,1.0
694,1,38.81,260.53,520.5,810.75,1,1,1.0
694,2,1007.74,103.88,273.94000000000005,778.5,1,1,1.0
695,1,45.94,259.36,510.75000000000006,811.4999999999999,1,1,1.0
695,2,1007.88,100.45,268.31000000000006,766.88,1,1,1.0
696,1,56.39,258.66,497.25,812.25,1,1,1.0
696,2,1006.31,98.2,264.3700000000001,758.25,1,1,1.0
697,1,67.22,257.16,480.37,813.75,1,1,1.0
697,2,1007.25,98.48,257.6300000000001,747.38,1,1,1.0
698,1,77.86,257.44,463.12,812.25,1,1,1.0
698,2,1008.66,96.42,247.68999999999994,737.63,1,1,1.0
699,1,89.77,257.11,446.62,812.2499999999999,1,1,1.0
699,2,1009.69,92.16,238.5,726.75,1,1,1.0
700,1,99.66,256.27,427.5,813.75,1,1,1.0
700,2,1011.28,90.56,229.30999999999995,714.0,1,1,1.0
701,1,108.19,254.95,411.75000000000006,815.25,1,1,1.0
701,2,1014.84,88.64,221.06000000000006,702.75,1,1,1.0
702,1,113.81,252.7,396.75,818.25,1,1,1.0
702,2,1018.78,85.95,218.25,698.25,1,1,1.0
703,1,121.73,251.2,380.82,819.75,1,1,1.0
703,2,1022.81,86.44,221.44000000000005,696.3699999999999,1,1,1.0
704,1,131.02,249.19,366.55999999999995,822.0,1,1,1.0
704,2,1028.53,85.03,228.0,697.13,1,1,1.0
705,1,146.91,248.3,350.06000000000006,823.5,1,1,1.0
705,2,1035.0,87.84,229.5,696.38,1,1,1.0
706,1,162.0,247.83,334.88,825.7499999999999,1,1,1.0
706,2,1042.08,88.36,224.25,690.37,1,1,1.0
707,1,180.0,248.77,314.81,824.25,1,1,1.0
707,2,1049.55,90.61,217.1300000000001,687.0,1,1,1.0
708,1,202.22,248.86,292.87,824.2499999999999,1,1,1.0
708,2,1057.03,91.55,211.87000000000012,688.5,1,1,1.0
709,1,218.91,247.64,273.92999999999995,826.5000000000001,1,1,1.0
709,2,1061.18,90.14,210.93999999999983,689.63,1,1,1.0
710,1,203.34,245.91,290.82000000000005,825.7500000000001,1,1,1.0
710,2,1064.06,90.52,208.12000000000012,688.5,1,1,1.0
711,1,169.92,244.64,324.0,825.7500000000001,1,1,1.0
711,2,1065.09,92.46,205.5,677.63,1,1,1.0
712,1,143.91,240.42,349.12,831.0000000000001,1,1,1.0
712,2,1069.03,88.83,207.19000000000005,680.25,1,1,1.0
713,1,124.88,238.08,364.68,835.4999999999999,1,1,1.0
713,2,1073.2,89.62,205.30999999999995,665.63,1,1,1.0
714,1,105.8,236.91,381.18,837.0000000000001,1,1,1.0
714,2,1077.56,89.95,202.8800000000001,661.5,1,1,1.0
715,1,84.38,231.75,405.74,843.75,1,1,1.0
715,2,1081.45,88.88,202.69000000000005,664.87,1,1,1.0
716,1,64.69,230.62,427.5,843.7600000000001,1,1,1.0
716,2,1087.55,85.03,196.30999999999995,664.5,1,1,1.0
717,1,52.41,232.31,435.75,840.75,1,1,1.0
717,2,1096.64,86.53,187.12999999999988,662.25,1,1,1.0
718,1,37.88,230.3,460.12,843.0,1,1,1.0
718,2,1106.58,84.38,177.66000000000008,664.12,1,1,1.0
719,1,25.31,231.14,486.38,841.5000000000001,1,1,1.0
719,2,1114.59,83.25,171.37000000000012,664.5,1,1,1.0
720,1,13.88,231.66,511.5,840.7500000000001,1,1,1.0
720,2,1119.8,83.06,166.97000000000003,665.25,1,1,1.0
721,1,3.94,232.08,536.25,839.9999999999999,1,1,1.0
721,2,1122.47,81.94,164.05999999999995,666.3699999999999,1,1,1.0
722,1,-0.94,234.56,552.0,837.0,1,1,1.0
722,2,1125.89,81.47,160.77999999999997,666.75,1,1,1.0
723,1,-1.12,234.84,560.62,836.9999999999999,1,1,1.0
723,2,1128.23,80.06,158.72000000000003,669.3800000000001,1,1,1.0
724,1,-0.45,239.62,562.5,834.7600000000001,1,1,1.0
724,2,1129.27,78.0,156.47000000000003,671.62,1,1,1.0
725,1,-1.1,245.3,568.12,828.75,1,1,1.0
725,2,1129.55,76.59,157.97000000000003,672.75,1,1,1.0
726,1,-1.01,251.48,570.75,822.0,1,1,1.0
726,2,1129.45,75.38,164.90999999999985,674.62,1,1,1.0
727,1,-1.29,259.69,573.75,813.75,1,1,1.0
727,2,1130.25,74.72,168.0,675.75,1,1,1.0
728,1,-1.22,268.45,573.75,804.0,1,1,1.0
728,2,1130.91,74.44,168.93999999999983,676.8699999999999,1,1,1.0
729,1,-1.69,273.28,573.0,799.5,1,1,1.0
729,2,1130.81,74.16,169.5,675.0,1,1,1.0
730,1,-1.31,278.81,570.75,794.25,1,1,1.0
730,2,1130.91,73.78,168.93999999999983,675.0,1,1,1.0
731,1,0.0,283.03,564.38,790.5,1,1,1.0
731,2,1131.33,73.03,168.66000000000008,673.88,1,1,1.0
732,1,0.47,288.19,559.5,786.0,1,1,1.0
732,2,1132.22,73.12,168.94000000000005,675.0,1,1,1.0
733,1,2.02,295.69,552.75,778.5,1,1,1.0
733,2,1133.48,70.69,169.97000000000003,679.1199999999999,1,1,1.0
734,1,2.02,300.28,548.25,774.0,1,1,1.0
734,2,1134.89,70.12,172.40999999999985,680.63,1,1,1.0
735,1,-0.33,302.81,544.5,771.75,1,1,1.0
735,2,1136.95,66.75,173.90999999999985,684.37,1,1,1.0
736,1,0.19,308.44,537.3699999999999,765.75,1,1,1.0
736,2,1138.92,65.25,175.77999999999997,686.25,1,1,1.0
737,1,1.5,312.19,526.88,762.0,1,1,1.0
737,2,1137.56,61.88,180.55999999999995,695.24,1,1,1.0
738,1,1.69,316.41,523.5,757.1199999999999,1,1,1.0
738,2,1135.83,61.12,183.84000000000015,696.38,1,1,1.0
739,1,1.88,321.28,519.0,752.6300000000001,1,1,1.0
739,2,1133.34,62.44,187.69000000000005,695.25,1,1,1.0
740,1,1.5,326.34,516.0,747.3800000000001,1,1,1.0
740,2,1132.5,63.47,189.94000000000005,693.75,1,1,1.0
741,1,2.16,330.94,512.25,742.5,1,1,1.0
741,2,1132.31,64.22,191.25,687.37,1,1,1.0
742,1,-1.5,332.95,515.62,741.0,1,1,1.0
742,2,1131.84,63.94,192.94000000000005,680.6199999999999,1,1,1.0
743,1,-1.5,338.16,513.38,736.5,1,1,1.0
743,2,1128.66,64.31,197.6199999999999,675.0,1,1,1.0
744,1,-1.12,342.56,510.37,732.0,1,1,1.0
744,2,1124.53,63.28,204.0,670.5,1,1,1.0
745,1,-1.41,343.31,509.25,732.0,1,1,1.0
745,2,1121.53,63.19,208.69000000000005,662.25,1,1,1.0
746,1,-1.69,347.3,507.75,727.5,1,1,1.0
746,2,1119.09,64.97,210.94000000000005,657.75,1,1,1.0
747,1,-1.59,354.14,506.25,720.7500000000001,1,1,1.0
747,2,1117.5,65.44,212.80999999999995,657.75,1,1,1.0
748,1,-1.5,361.08,505.5,714.0,1,1,1.0
748,2,1116.38,66.14,215.05999999999995,657.0,1,1,1.0
749,1,-1.97,366.23,505.5,709.5,1,1,1.0
749,2,1116.75,68.81,214.30999999999995,655.5,1,1,1.0
750,1,-1.78,368.53,504.36999999999995,707.25,1,1,1.0
750,2,1117.22,68.62,213.55999999999995,655.5,1,1,1.0
751,1,-1.59,371.2,502.86999999999995,703.8799999999999,1,1,1.0
751,2,1117.69,68.06,213.0,656.6300000000001,1,1,1.0
752,1,-2.06,372.42,502.5,702.75,1,1,1.0
752,2,1117.97,68.53,211.5,656.63,1,1,1.0
753,1,-1.88,375.05,499.88,700.5,1,1,1.0
753,2,1117.22,68.62,210.19000000000005,656.63,1,1,1.0
754,1,-1.03,376.64,495.75,698.2500000000001,1,1,1.0
754,2,1116.94,69.56,207.94000000000005,654.75,1,1,1.0
755,1,-0.28,371.06,492.75,703.8800000000001,1,1,1.0
755,2,1114.69,69.56,206.44000000000005,654.0,1,1,1.0
756,1,-0.47,368.58,489.0,706.1200000000001,1,1,1.0
756,2,1113.09,69.84,204.37000000000012,653.63,1,1,1.0
757,1,0.0,363.42,487.88,709.5,1,1,1.0
757,2,1110.66,70.31,202.68999999999983,654.0,1,1,1.0
758,1,-0.38,358.69,487.88,714.0,1,1,1.0
758,2,1109.16,69.94,201.55999999999995,654.0,1,1,1.0
759,1,-0.28,359.39,487.86999999999995,712.88,1,1,1.0
759,2,1106.44,69.38,200.80999999999995,654.74,1,1,1.0
760,1,0.09,360.09,485.25,710.6300000000001,1,1,1.0
760,2,1104.84,69.75,200.25,654.75,1,1,1.0
761,1,0.84,362.48,480.75,707.25,1,1,1.0
761,2,1102.41,70.12,200.25,654.76,1,1,1.0
762,1,-0.09,365.86,480.75,703.87,1,1,1.0
762,2,1099.31,69.47,201.37000000000012,655.5,1,1,1.0
763,1,-0.28,368.06,475.5,701.6300000000001,1,1,1.0
763,2,1098.14,69.19,201.37999999999988,655.5,1,1,1.0
764,1,-0.47,367.5,471.0,700.5,1,1,1.0
764,2,1096.83,70.03,201.56000000000017,654.0,1,1,1.0
765,1,-0.66,367.64,468.75,700.5000000000001,1,1,1.0
765,2,1093.64,70.5,204.0,654.0,1,1,1.0
766,1,-0.94,369.28,466.5,699.3800000000001,1,1,1.0
766,2,1091.44,69.94,205.87999999999988,654.75,1,1,1.0
767,1,-0.84,367.08,463.5,701.6200000000001,1,1,1.0
767,2,1088.95,70.5,207.94000000000005,654.0,1,1,1.0
768,1,-0.94,373.83,460.5,694.8700000000001,1,1,1.0
768,2,1086.52,70.97,210.55999999999995,653.62,1,1,1.0
769,1,-0.66,376.03,455.63000000000005,691.8800000000001,1,1,1.0
769,2,1084.03,71.91,212.05999999999995,651.75,1,1,1.0
770,1,-0.47,376.64,451.13000000000005,691.88,1,1,1.0
770,2,1082.34,72.0,212.25,652.5,1,1,1.0
771,1,-0.94,375.89,446.25,691.88,1,1,1.0
771,2,1079.58,73.12,212.62000000000012,651.76,1,1,1.0
772,1,-0.84,377.58,439.5,690.3700000000001,1,1,1.0
772,2,1078.88,73.12,210.75,651.76,1,1,1.0
773,1,-0.19,379.73,431.25,689.6299999999999,1,1,1.0
773,2,1076.2,73.03,212.80999999999995,652.5,1,1,1.0
774,1,-0.66,379.31,426.38000000000005,689.6300000000001,1,1,1.0
774,2,1075.45,73.31,212.05999999999995,652.5,1,1,1.0
775,1,-0.19,390.8,419.63,678.3700000000001,1,1,1.0
775,2,1074.23,75.56,212.62999999999988,651.75,1,1,1.0
776,1,0.09,393.28,410.25,675.3800000000001,1,1,1.0
776,2,1074.33,75.56,212.6300000000001,653.6300000000001,1,1,1.0
777,1,0.0,386.06,404.62,682.8800000000001,1,1,1.0
777,2,1075.22,75.38,213.0,655.5,1,1,1.0
778,1,-0.75,380.39,399.37,689.63,1,1,1.0
778,2,1076.02,74.81,213.0,657.0,1,1,1.0
779,1,-0.75,352.69,399.37,719.6199999999999,1,1,1.0
779,2,1076.72,76.5,212.05999999999995,653.62,1,1,1.0
780,1,-0.56,346.31,398.25,726.3800000000001,1,1,1.0
780,2,1078.22,80.16,210.55999999999995,648.0,1,1,1.0
781,1,-0.94,330.19,398.25,742.5,1,1,1.0
781,2,1081.22,80.25,207.94000000000005,647.25,1,1,1.0
782,1,-1.22,335.25,396.0,738.0,1,1,1.0
782,2,1082.86,81.09,206.81000000000017,647.25,1,1,1.0
783,1,-1.03,338.44,394.86999999999995,734.25,1,1,1.0
783,2,1085.2,82.5,205.1199999999999,646.5,1,1,1.0
784,1,-1.5,425.25,391.88,645.0,1,1,1.0
784,2,1088.95,83.06,201.55999999999995,646.5,1,1,1.0
785,1,-1.22,450.56,390.38000000000005,619.8800000000001,1,1,1.0
785,2,1092.19,82.97,199.30999999999995,646.12,1,1,1.0
786,1,-1.12,453.56,390.37,616.5,1,1,1.0
786,2,1094.72,84.19,197.44000000000005,646.1199999999999,1,1,1.0
787,1,-1.41,447.66,392.63000000000005,622.8699999999999,1,1,1.0
787,2,1098.14,84.0,194.62999999999988,646.12,1,1,1.0
788,1,-1.59,449.72,394.86999999999995,620.6199999999999,1,1,1.0
788,2,1101.98,84.09,191.52999999999997,647.25,1,1,1.0
789,1,-1.41,467.53,394.88000000000005,603.0,1,1,1.0
789,2,1105.22,84.47,189.94000000000005,646.5,1,1,1.0
790,1,-0.84,478.69,396.0,591.75,1,1,1.0
790,2,1107.61,84.56,187.97000000000003,647.25,1,1,1.0
791,1,-1.12,489.56,396.74,580.5,1,1,1.0
791,2,1111.03,83.53,185.80999999999995,648.0,1,1,1.0
792,1,-1.03,502.41,396.0,568.5,1,1,1.0
792,2,1113.14,81.47,184.40999999999985,650.25,1,1,1.0
793,1,-0.94,483.75,394.88,586.8699999999999,1,1,1.0
793,2,1115.91,81.56,183.55999999999995,650.25,1,1,1.0
794,1,-0.94,493.12,392.63,577.88,1,1,1.0
794,2,1118.16,82.69,183.37999999999988,651.75,1,1,1.0
795,1,-1.03,514.69,390.36999999999995,556.8699999999999,1,1,1.0
795,2,1120.31,81.94,183.55999999999995,659.25,1,1,1.0
796,1,-0.75,494.91,388.87,575.6199999999999,1,1,1.0
796,2,1121.62,80.72,184.69000000000005,670.5,1,1,1.0
797,1,-1.03,489.75,388.86999999999995,580.5,1,1,1.0
797,2,1123.73,81.94,182.52999999999997,677.6199999999999,1,1,1.0
798,1,-1.12,504.47,388.5,566.6199999999999,1,1,1.0
798,2,1125.61,82.24,182.72000000000003,688.13,1,1,1.0
799,1,-1.12,500.34,388.87,570.75,1,1,1.0
799,2,1127.06,82.29,183.0,694.5,1,1,1.0
800,1,-1.22,479.25,390.0,591.0,1,1,1.0
800,2,1127.91,83.16,183.55999999999995,701.62,1,1,1.0
801,1,-1.12,471.94,390.37,598.1199999999999,1,1,1.0
801,2,1128.42,82.69,184.40999999999985,706.8699999999999,1,1,1.0
802,1,-0.94,477.28,391.88,592.8800000000001,1,1,1.0
802,2,1128.98,82.95,185.16000000000008,708.37,1,1,1.0
803,1,-1.03,479.62,393.36999999999995,590.2600000000001,1,1,1.0
803,2,1128.66,82.76,187.1199999999999,709.87,1,1,1.0
804,1,-1.03,467.62,394.86999999999995,601.4999999999999,1,1,1.0
804,2,1127.16,83.25,194.80999999999995,710.63,1,1,1.0
805,1,-0.94,491.91,395.25,577.8699999999999,1,1,1.0
805,2,1127.53,83.72,194.05999999999995,710.62,1,1,1.0
806,1,-0.75,494.25,394.87,575.6300000000001,1,1,1.0
806,2,1127.53,84.94,192.75,712.8699999999999,1,1,1.0
807,1,-1.03,493.22,394.86999999999995,576.75,1,1,1.0
807,2,1128.38,84.75,190.1199999999999,714.0,1,1,1.0
808,1,-0.84,500.81,394.86999999999995,569.6300000000001,1,1,1.0
808,2,1128.33,84.8,184.41000000000008,714.75,1,1,1.0
809,1,-0.94,489.94,394.88,579.75,1,1,1.0
809,2,1127.16,88.22,188.43999999999983,712.5,1,1,1.0
810,1,-0.75,478.97,394.87,591.0,1,1,1.0
810,2,1126.83,90.38,187.97000000000003,709.5,1,1,1.0
811,1,-0.75,482.34,394.87,586.8800000000001,1,1,1.0
811,2,1124.67,91.97,189.27999999999997,707.62,1,1,1.0
812,1,-0.94,476.44,395.25,592.8699999999999,1,1,1.0
812,2,1122.23,92.44,190.41000000000008,706.8699999999999,1,1,1.0
813,1,-1.12,470.06,396.0,599.25,1,1,1.0
813,2,1119.7,91.88,191.52999999999997,707.62,1,1,1.0
814,1,-0.94,470.44,396.0,598.1199999999999,1,1,1.0
814,2,1116.47,92.06,193.5,707.6300000000001,1,1,1.0
815,1,-0.75,494.25,396.0,575.6300000000001,1,1,1.0
815,2,1113.28,92.81,195.75,705.75,1,1,1.0
816,1,-0.94,498.94,396.75,570.75,1,1,1.0
816,2,1111.5,93.66,197.05999999999995,705.37,1,1,1.0
817,1,-1.12,498.94,397.5,570.75,1,1,1.0
817,2,1109.62,96.66,198.56000000000017,701.62,1,1,1.0
818,1,-0.75,507.28,396.75,562.5,1,1,1.0
818,2,1106.91,96.09,200.43999999999983,702.75,1,1,1.0
819,1,-0.75,505.31,396.75,564.75,1,1,1.0
819,2,1103.62,95.62,201.37000000000012,702.38,1,1,1.0
820,1,-0.84,505.22,396.75,564.75,1,1,1.0
820,2,1101.38,96.19,201.55999999999995,701.6199999999999,1,1,1.0
821,1,-0.84,514.12,396.0,556.88,1,1,1.0
821,2,1098.47,95.72,201.94000000000005,702.37,1,1,1.0
822,1,-0.84,496.5,396.0,573.75,1,1,1.0
822,2,1095.42,98.44,203.05999999999995,699.75,1,1,1.0
823,1,-1.03,492.19,396.0,577.8699999999999,1,1,1.0
823,2,1093.27,99.19,203.25,699.3699999999999,1,1,1.0
824,1,-0.94,501.84,395.25,568.5,1,1,1.0
824,2,1090.69,98.25,203.62999999999988,700.5,1,1,1.0
825,1,-0.94,507.94,395.25,562.5,1,1,1.0
825,2,1086.61,99.09,205.31000000000017,700.5,1,1,1.0
826,1,-0.94,503.53,394.88,566.6300000000001,1,1,1.0
826,2,1083.94,100.03,204.37999999999988,699.38,1,1,1.0
827,1,0.09,513.38,394.5,559.87,1,1,1.0
827,2,1080.8,97.97,202.69000000000005,702.37,1,1,1.0
828,1,-1.31,509.72,394.87,560.6199999999999,1,1,1.0
828,2,1076.95,97.12,203.62999999999988,702.76,1,1,1.0
829,1,-1.12,505.59,393.37,564.75,1,1,1.0
829,2,1072.97,95.77,201.0,703.87,1,1,1.0
830,1,-1.31,503.62,393.37,566.63,1,1,1.0
830,2,1070.2,95.02,200.25,703.87,1,1,1.0
831,1,-1.12,502.12,392.62,568.4999999999999,1,1,1.0
831,2,1067.39,93.94,199.68999999999983,705.3699999999999,1,1,1.0
832,1,-1.12,497.81,392.62,572.6300000000001,1,1,1.0
832,2,1063.73,96.52,202.5,702.37,1,1,1.0
833,1,-0.84,494.44,391.86999999999995,575.6199999999999,1,1,1.0
833,2,1060.55,97.17,204.75,701.63,1,1,1.0
834,1,-0.75,489.56,391.13,580.5,1,1,1.0
834,2,1058.04,100.34,206.44000000000005,697.12,1,1,1.0
835,1,-0.94,471.84,391.13,598.1300000000001,1,1,1.0
835,2,1054.34,98.65,210.0,698.62,1,1,1.0
836,1,-1.12,468.09,391.12,601.5,1,1,1.0
836,2,1050.28,98.91,215.25,698.62,1,1,1.0
837,1,-1.03,481.22,390.36999999999995,588.75,1,1,1.0
837,2,1048.2,98.72,217.1199999999999,699.37,1,1,1.0
838,1,-0.47,488.72,388.88000000000005,580.5,1,1,1.0
838,2,1046.11,99.47,219.19000000000005,698.62,1,1,1.0
839,1,-0.94,492.0,388.5,577.8800000000001,1,1,1.0
839,2,1044.23,99.12,221.25,699.37,1,1,1.0
840,1,-0.94,489.19,387.75,580.5,1,1,1.0
840,2,1041.56,100.1,223.5,698.63,1,1,1.0
841,1,-1.12,485.62,387.74,584.63,1,1,1.0
841,2,1038.66,94.55,226.12999999999988,705.75,1,1,1.0
842,1,-1.03,477.09,387.0,592.8800000000001,1,1,1.0
842,2,1036.59,93.89,226.87000000000012,706.88,1,1,1.0
843,1,-0.94,489.19,386.25,580.5,1,1,1.0
843,2,1036.31,97.01,224.05999999999995,702.37,1,1,1.0
844,1,-1.08,497.34,385.88,572.6300000000001,1,1,1.0
844,2,1034.39,95.86,224.25,702.37,1,1,1.0
845,1,-1.08,490.97,384.75,579.0,1,1,1.0
845,2,1032.47,96.28,225.0,700.88,1,1,1.0
846,1,-0.98,475.88,384.0,594.0000000000001,1,1,1.0
846,2,1029.98,96.54,227.25,700.12,1,1,1.0
847,1,-0.89,499.41,383.44,570.75,1,1,1.0
847,2,1028.11,96.02,229.12000000000012,700.88,1,1,1.0
848,1,-0.84,489.28,383.42999999999995,580.5,1,1,1.0
848,2,1026.33,96.0,231.75,700.88,1,1,1.0
849,1,-0.84,460.5,383.42999999999995,608.6199999999999,1,1,1.0
849,2,1024.78,97.38,233.05999999999995,698.25,1,1,1.0
850,1,-1.03,454.5,383.44,614.25,1,1,1.0
850,2,1021.97,92.06,236.05999999999995,705.3800000000001,1,1,1.0
851,1,-1.31,457.69,383.44,611.25,1,1,1.0
851,2,1021.12,92.91,236.62,700.5,1,1,1.0
852,1,-1.41,445.97,383.44,622.8699999999999,1,1,1.0
852,2,1020.19,90.28,237.19000000000005,698.25,1,1,1.0
853,1,-1.41,451.5,382.88000000000005,616.5,1,1,1.0
853,2,1020.47,89.67,233.44000000000005,694.88,1,1,1.0
854,1,-1.27,460.5,382.88,608.6199999999999,1,1,1.0
854,2,1017.89,88.92,240.0000000000001,691.13,1,1,1.0
855,1,-1.27,455.25,383.44,613.5,1,1,1.0
855,2,1018.31,88.5,240.0,688.88,1,1,1.0
856,1,-1.03,461.81,382.86999999999995,607.1300000000001,1,1,1.0
856,2,1018.41,88.59,241.87,687.0,1,1,1.0
857,1,-0.98,470.25,382.87,599.25,1,1,1.0
857,2,1018.88,88.45,243.93999999999994,686.25,1,1,1.0
858,1,-1.12,464.53,383.43,605.25,1,1,1.0
858,2,1021.64,87.09,247.5000000000001,686.25,1,1,1.0
859,1,-1.27,450.47,383.44,618.75,1,1,1.0
859,2,1022.81,86.91,249.37000000000012,685.12,1,1,1.0
860,1,-1.12,464.06,383.43,605.25,1,1,1.0
860,2,1024.31,87.56,249.37000000000012,684.0,1,1,1.0
861,1,-1.03,465.19,383.44,604.1199999999999,1,1,1.0
861,2,1026.09,86.16,249.56000000000017,685.12,1,1,1.0
862,1,-1.03,449.81,383.44,618.75,1,1,1.0
862,2,1027.2,87.56,248.44000000000005,684.3800000000001,1,1,1.0
863,1,-0.98,455.62,383.43,613.4999999999999,1,1,1.0
863,2,1028.67,89.16,243.0,682.12,1,1,1.0
864,1,-0.89,456.56,383.44,612.75,1,1,1.0
864,2,1031.44,89.81,242.25,680.6300000000001,1,1,1.0
865,1,-0.84,471.66,383.42999999999995,598.1199999999999,1,1,1.0
865,2,1033.88,90.47,240.37999999999988,679.87,1,1,1.0
866,1,-0.75,470.53,383.44,599.25,1,1,1.0
866,2,1035.26,90.61,239.62000000000012,676.12,1,1,1.0
867,1,-0.98,453.47,383.43,616.5,1,1,1.0
867,2,1039.41,91.31,235.5,676.5,1,1,1.0
868,1,-1.12,457.12,383.43,612.7600000000001,1,1,1.0
868,2,1044.19,91.5,232.12999999999988,677.25,1,1,1.0
869,1,-1.12,445.5,384.0,624.0,1,1,1.0
869,2,1048.24,92.02,227.25,674.62,1,1,1.0
870,1,-0.84,446.91,384.0,622.8699999999999,1,1,1.0
870,2,1054.01,91.83,222.75,678.0,1,1,1.0
871,1,-1.22,452.34,385.88000000000005,616.5,1,1,1.0
871,2,1058.53,91.03,217.87000000000012,684.0,1,1,1.0
872,1,-1.03,456.47,385.86999999999995,612.75,1,1,1.0
872,2,1062.56,89.27,214.30999999999995,682.88,1,1,1.0
873,1,-0.75,459.84,386.25,610.5,1,1,1.0
873,2,1067.95,87.09,210.94000000000005,682.13,1,1,1.0
874,1,-0.75,467.34,387.0,603.0,1,1,1.0
874,2,1072.27,85.45,210.0,682.13,1,1,1.0
875,1,-1.12,467.53,387.74,603.0,1,1,1.0
875,2,1076.86,84.0,210.0,678.0,1,1,1.0
876,1,-0.75,471.38,387.75,599.2399999999999,1,1,1.0
876,2,1081.55,84.38,208.69000000000005,669.74,1,1,1.0
877,1,-0.66,475.88,388.88000000000005,595.12,1,1,1.0
877,2,1085.44,84.38,208.69000000000005,661.5,1,1,1.0
878,1,-0.66,472.5,390.38000000000005,598.1199999999999,1,1,1.0
878,2,1089.56,84.75,209.62000000000012,649.5,1,1,1.0
879,1,-1.03,474.28,391.86999999999995,595.8800000000001,1,1,1.0
879,2,1093.31,85.41,210.55999999999995,638.62,1,1,1.0
880,1,-1.12,473.81,394.87,595.8800000000001,1,1,1.0
880,2,1096.97,85.41,212.80999999999995,634.12,1,1,1.0
881,1,-0.75,470.62,395.25,599.2600000000001,1,1,1.0
881,2,1100.91,84.19,212.25,633.0,1,1,1.0
882,1,-0.75,479.34,396.75,591.0,1,1,1.0
882,2,1103.91,85.22,210.0,633.0,1,1,1.0
883,1,-0.84,481.78,397.5,588.75,1,1,1.0
883,2,1107.66,84.19,206.43999999999983,637.1199999999999,1,1,1.0
884,1,-0.84,490.12,396.75,580.4999999999999,1,1,1.0
884,2,1112.62,83.34,201.3800000000001,636.38,1,1,1.0
885,1,-0.75,490.69,393.37,580.5,1,1,1.0
885,2,1116.28,79.97,197.62000000000012,638.62,1,1,1.0
886,1,-0.75,485.06,390.0,586.8800000000001,1,1,1.0
886,2,1119.94,78.19,192.94000000000005,639.3699999999999,1,1,1.0
887,1,-1.03,501.0,385.86999999999995,570.75,1,1,1.0
887,2,1123.83,76.69,186.84000000000015,639.3699999999999,1,1,1.0
888,1,-0.98,514.59,380.62,557.63,1,1,1.0
888,2,1128.09,76.12,179.25,642.0,1,1,1.0
889,1,-0.98,523.12,373.87,550.13,1,1,1.0
889,2,1131.38,76.78,173.43999999999983,645.0,1,1,1.0
890,1,0.47,511.88,363.0,563.62,1,1,1.0
890,2,1134.09,76.03,168.19000000000005,646.5,1,1,1.0
891,1,0.38,518.53,354.0,557.25,1,1,1.0
891,2,1135.69,74.62,165.3699999999999,646.5,1,1,1.0
892,1,0.56,514.31,342.19,562.8800000000001,1,1,1.0
892,2,1137.19,76.69,162.0,644.25,1,1,1.0
893,1,0.0,515.25,328.31,559.8699999999999,1,1,1.0
893,2,1137.75,75.75,159.94000000000005,643.87,1,1,1.0
894,1,0.0,511.97,316.31,561.75,1,1,1.0
894,2,1137.28,75.75,159.94000000000005,642.75,1,1,1.0
895,1,0.0,514.22,301.12,562.1199999999999,1,1,1.0
895,2,1137.05,72.84,157.97000000000003,646.5,1,1,1.0
896,1,-0.19,477.38,283.69,596.2399999999999,1,1,1.0
896,2,1136.44,71.53,157.5,648.0,1,1,1.0
897,1,0.33,460.64,276.94,612.0000000000001,1,1,1.0
897,2,1135.27,68.95,156.47000000000003,650.25,1,1,1.0
898,1,0.33,470.91,287.06,601.1199999999999,1,1,1.0
898,2,1132.73,67.12,157.02999999999997,652.5,1,1,1.0
899,1,0.09,455.34,297.57000000000005,614.25,1,1,1.0
899,2,1131.56,65.62,157.69000000000005,654.76,1,1,1.0
900,1,0.0,443.91,301.5,625.5,1,1,1.0
900,2,1128.75,62.06,159.94000000000005,658.8800000000001,1,1,1.0
901,1,0.28,431.72,298.5,638.6199999999999,1,1,1.0
901,2,1125.98,63.33,163.02999999999997,659.25,1,1,1.0
902,1,0.56,415.69,293.81,655.5,1,1,1.0
902,2,1123.64,63.75,164.90999999999985,661.5,1,1,1.0
903,1,0.75,356.25,294.0,717.0,1,1,1.0
903,2,1121.91,62.77,163.87999999999988,666.37,1,1,1.0
904,1,0.84,349.31,298.32000000000005,723.3800000000001,1,1,1.0
904,2,1120.92,61.5,160.97000000000003,672.38,1,1,1.0
905,1,0.75,373.5,302.06,697.5,1,1,1.0
905,2,1119.94,61.31,159.27999999999997,677.6300000000001,1,1,1.0
906,1,0.56,418.31,309.94,654.0,1,1,1.0
906,2,1118.67,62.72,158.25,679.12,1,1,1.0
907,1,0.94,355.59,325.87,714.0,1,1,1.0
907,2,1118.62,60.94,158.72000000000003,684.0,1,1,1.0
908,1,0.75,342.09,338.44,727.8800000000001,1,1,1.0
908,2,1119.23,62.53,158.91000000000008,684.38,1,1,1.0
909,1,1.03,337.97,348.56,732.75,1,1,1.0
909,2,1118.67,61.69,161.80999999999995,687.0,1,1,1.0
910,1,-1.22,320.44,356.44000000000005,754.8699999999999,1,1,1.0
910,2,1118.2,62.34,162.83999999999992,687.38,1,1,1.0
911,1,0.94,425.34,349.12,646.5,1,1,1.0
911,2,1118.53,60.84,162.55999999999995,689.25,1,1,1.0
912,1,0.28,451.17,333.0,621.3799999999999,1,1,1.0
912,2,1117.92,62.81,163.02999999999997,687.3800000000001,1,1,1.0
913,1,0.94,371.91,302.44,705.75,1,1,1.0
913,2,1116.8,63.47,162.84000000000015,686.25,1,1,1.0
914,1,0.19,290.34,236.81,783.75,1,1,1.0
914,2,1116.19,63.75,161.80999999999995,687.0,1,1,1.0
915,1,0.28,264.98,209.63,811.5,1,1,1.0
915,2,1115.39,63.56,161.25,689.25,1,1,1.0
916,1,-0.05,125.06,212.07000000000002,953.25,1,1,1.0
916,2,1115.39,64.41,159.93999999999983,691.5,1,1,1.0
917,1,0.0,121.88,216.38,960.0000000000001,1,1,1.0
917,2,1115.48,65.34,158.25,694.5,1,1,1.0
918,1,1.22,122.72,239.06,958.5,1,1,1.0
918,2,1115.39,65.91,157.5,697.5,1,1,1.0
919,1,2.02,146.16,273.56,936.7500000000001,1,1,1.0
919,2,1114.64,67.22,157.02999999999997,699.37,1,1,1.0
920,1,-1.2,315.87,310.13,755.9999999999999,1,1,1.0
920,2,1114.31,68.91,156.0,698.25,1,1,1.0
921,2,1113.84,70.22,156.0,700.5,1,1,1.0
922,2,1113.61,72.59,155.44000000000005,704.62,1,1,1.0
923,2,1113.23,73.55,154.41000000000008,703.87,1,1,1.0
924,1,-1.2,315.87,310.13,755.9999999999999,1,1,1.0
924,2,1112.58,73.62,153.75,703.87,1,1,1.0
925,1,0.19,315.09,385.5,756.0,1,1,1.0
925,2,1111.97,76.69,153.47000000000003,700.5,1,1,1.0
926,1,0.19,307.22,379.12,765.75,1,1,1.0
926,2,1111.03,78.49,152.44000000000005,698.25,1,1,1.0
927,1,-0.09,307.78,368.81,765.0,1,1,1.0
927,2,1110.0,79.03,151.22000000000003,698.25,1,1,1.0
928,1,0.19,300.19,360.37,773.25,1,1,1.0
928,2,1108.73,79.64,150.55999999999995,697.5,1,1,1.0
929,1,0.0,300.56,357.75,771.75,1,1,1.0
929,2,1107.7,78.91,151.02999999999997,699.38,1,1,1.0
930,1,-0.09,290.86,354.92999999999995,780.7499999999999,1,1,1.0
930,2,1106.53,79.22,150.0,698.25,1,1,1.0
931,1,-0.09,292.73,356.25,778.5,1,1,1.0
931,2,1105.83,78.45,149.81000000000017,698.25,1,1,1.0
932,1,-0.38,290.77,358.88,779.25,1,1,1.0
932,2,1105.36,79.15,150.0,697.5,1,1,1.0
933,1,-0.19,289.78,361.13,780.75,1,1,1.0
933,2,1104.56,78.4,150.55999999999995,699.37,1,1,1.0
934,1,-0.8,289.5,371.07,780.75,1,1,1.0
934,2,1104.19,76.88,151.40999999999985,698.24,1,1,1.0
935,1,-1.03,291.75,377.44,777.75,1,1,1.0
935,2,1104.52,78.73,150.55999999999995,699.37,1,1,1.0
936,1,-0.84,290.06,383.42999999999995,780.75,1,1,1.0
936,2,1104.66,79.9,150.55999999999995,698.25,1,1,1.0
937,1,-1.03,290.25,388.5,780.75,1,1,1.0
937,2,1105.27,79.08,150.0,698.25,1,1,1.0
938,1,-0.75,289.31,390.37,783.0,1,1,1.0
938,2,1104.89,78.45,149.52999999999997,699.37,1,1,1.0
939,1,-0.75,289.12,397.5,781.4999999999999,1,1,1.0
939,2,1104.75,76.69,149.80999999999995,699.3699999999999,1,1,1.0
940,1,-0.19,288.94,401.63,780.75,1,1,1.0
940,2,1105.83,78.68,146.16000000000008,699.75,1,1,1.0
941,1,-0.19,287.62,401.63,782.9999999999999,1,1,1.0
941,2,1106.44,78.35,144.83999999999992,699.75,1,1,1.0
942,1,-0.19,289.88,401.63,780.7399999999999,1,1,1.0
942,2,1106.95,79.29,143.44000000000005,698.25,1,1,1.0
943,1,-0.38,291.56,401.26,779.25,1,1,1.0
943,2,1107.23,79.2,143.25,698.25,1,1,1.0
944,1,-0.38,290.62,401.26,780.7600000000001,1,1,1.0
944,2,1107.89,78.23,143.25,699.38,1,1,1.0
945,1,0.0,291.94,403.88,779.25,1,1,1.0
945,2,1109.16,75.56,143.25,700.5,1,1,1.0
946,1,0.19,294.75,404.62,777.0,1,1,1.0
946,2,1109.44,74.91,143.72000000000003,701.62,1,1,1.0
947,1,0.19,296.25,407.62,775.5,1,1,1.0
947,2,1109.67,74.06,143.05999999999995,701.6300000000001,1,1,1.0
948,1,0.19,298.5,410.25,773.25,1,1,1.0
948,2,1109.58,73.88,142.5,701.62,1,1,1.0
949,1,0.0,299.81,417.38,771.75,1,1,1.0
949,2,1108.73,73.88,143.72000000000003,701.62,1,1,1.0
950,1,-0.66,302.44,424.88000000000005,769.5,1,1,1.0
950,2,1107.52,77.44,144.47000000000003,699.3699999999999,1,1,1.0
951,1,-0.47,305.25,430.5,767.6300000000001,1,1,1.0
951,2,1107.38,77.62,144.83999999999992,698.26,1,1,1.0
952,1,-0.56,307.69,429.75,765.3699999999999,1,1,1.0
952,2,1107.56,76.55,145.12000000000012,701.62,1,1,1.0
953,1,-0.66,311.44,434.25,761.6199999999999,1,1,1.0
953,2,1106.53,76.69,146.52999999999997,700.8699999999999,1,1,1.0
954,1,-1.12,315.84,439.5,753.75,1,1,1.0
954,2,1105.31,75.89,149.25,701.63,1,1,1.0
955,1,-0.66,319.97,439.88000000000005,750.3699999999999,1,1,1.0
955,2,1103.44,75.23,152.80999999999995,702.38,1,1,1.0
956,1,-0.56,324.56,441.75,745.5,1,1,1.0
956,2,1101.89,75.0,156.55999999999995,700.88,1,1,1.0
957,1,-0.09,328.5,441.75,742.5,1,1,1.0
957,2,1099.45,74.86,160.12999999999988,700.87,1,1,1.0
958,1,-0.28,335.53,446.61999999999995,734.25,1,1,1.0
958,2,1097.77,73.45,162.83999999999992,700.13,1,1,1.0
959,1,-0.38,342.84,446.63,727.5,1,1,1.0
959,2,1096.36,73.17,164.81000000000017,698.63,1,1,1.0
960,1,-1.59,343.69,442.11999999999995,729.75,1,1,1.0
960,2,1094.77,72.38,167.80999999999995,698.24,1,1,1.0
961,1,-1.22,344.06,408.75,729.75,1,1,1.0
961,2,1093.27,72.66,170.72000000000003,699.37,1,1,1.0
962,1,-0.94,345.56,400.5,727.5,1,1,1.0
962,2,1092.33,72.09,174.56000000000017,700.88,1,1,1.0
963,1,-1.31,348.75,395.25,725.25,1,1,1.0
963,2,1090.69,72.61,177.0,700.87,1,1,1.0
964,1,-1.78,351.19,383.44,721.8699999999999,1,1,1.0
964,2,1089.05,71.44,180.37000000000012,699.3699999999999,1,1,1.0
965,1,0.94,356.81,361.12,718.8800000000001,1,1,1.0
965,2,1088.67,72.09,183.55999999999995,699.38,1,1,1.0
966,1,-1.69,355.31,388.5,720.75,1,1,1.0
966,2,1086.33,73.5,189.37000000000012,697.12,1,1,1.0
967,1,2.48,362.16,406.13,715.8699999999999,1,1,1.0
967,2,1085.2,74.16,194.05999999999995,698.62,1,1,1.0
968,1,-2.62,361.73,434.24,712.8799999999999,1,1,1.0
968,2,1084.55,74.72,198.0,694.87,1,1,1.0
969,1,-2.62,363.8,450.0,709.5,1,1,1.0
969,2,1084.12,75.56,201.0,691.1300000000001,1,1,1.0
970,1,-2.44,366.05,459.38,707.25,1,1,1.0
970,2,1082.91,76.62,206.80999999999995,689.25,1,1,1.0
971,1,-1.5,367.88,465.0,705.0000000000001,1,1,1.0
971,2,1083.09,76.88,209.06000000000017,689.24,1,1,1.0
972,1,-1.59,365.72,468.75,707.25,1,1,1.0
972,2,1083.28,79.03,211.5,687.38,1,1,1.0
973,1,-1.5,363.23,468.75,709.5,1,1,1.0
973,2,1084.41,80.18,210.0,687.0,1,1,1.0
974,1,-1.78,360.38,464.25,711.7399999999999,1,1,1.0
974,2,1085.3,80.7,210.19000000000005,685.12,1,1,1.0
975,1,-1.5,358.5,458.25,714.0,1,1,1.0
975,2,1085.95,80.04,210.19000000000005,687.0,1,1,1.0
976,1,-2.06,356.58,450.0,716.25,1,1,1.0
976,2,1087.17,80.18,209.43999999999983,686.25,1,1,1.0
977,1,-1.12,356.95,437.62,716.25,1,1,1.0
977,2,1088.91,80.34,209.43999999999983,687.0,1,1,1.0
978,1,2.3,358.03,416.25,717.75,1,1,1.0
978,2,1089.75,80.48,210.19000000000005,686.25,1,1,1.0
979,1,-1.31,352.69,401.62,721.8699999999999,1,1,1.0
979,2,1090.59,80.81,210.19000000000005,684.3800000000001,1,1,1.0
980,1,0.84,358.97,362.25,715.5,1,1,1.0
980,2,1091.91,80.58,210.18999999999983,684.37,1,1,1.0
981,1,0.94,358.03,341.25,717.0,1,1,1.0
981,2,1092.38,81.52,211.5,685.12,1,1,1.0
982,1,0.84,355.41,333.0,719.6199999999999,1,1,1.0
982,2,1093.27,81.77,211.69000000000005,684.38,1,1,1.0
983,1,0.75,355.12,333.0,718.88,1,1,1.0
983,2,1093.59,81.21,212.81000000000017,687.0,1,1,1.0
984,1,0.94,354.94,333.37,719.6199999999999,1,1,1.0
984,2,1093.78,81.09,213.0,687.38,1,1,1.0
985,1,0.66,353.62,335.61999999999995,719.9999999999999,1,1,1.0
985,2,1094.53,82.08,213.0,685.12,1,1,1.0
986,1,-0.47,353.06,336.75,720.75,1,1,1.0
986,2,1095.56,82.41,212.80999999999995,682.87,1,1,1.0
987,1,-0.47,352.69,337.5,720.75,1,1,1.0
987,2,1095.75,80.93,212.80999999999995,687.0,1,1,1.0
988,1,-0.56,352.12,339.37,721.88,1,1,1.0
988,2,1096.12,81.82,213.56000000000017,687.0,1,1,1.0
989,1,-1.12,350.34,343.12,724.1300000000001,1,1,1.0
989,2,1096.69,81.7,213.55999999999995,690.0,1,1,1.0
990,1,-1.22,347.44,344.63000000000005,726.75,1,1,1.0
990,2,1097.16,81.8,213.75,690.0,1,1,1.0
991,1,-2.06,345.66,348.56,729.75,1,1,1.0
991,2,1097.44,81.54,214.1199999999999,691.5,1,1,1.0
992,1,-2.06,343.78,348.56,732.0,1,1,1.0
992,2,1097.34,82.45,214.12000000000012,689.25,1,1,1.0
993,1,-2.2,339.75,359.43,736.8699999999999,1,1,1.0
993,2,1097.72,82.69,215.05999999999995,690.3699999999999,1,1,1.0
994,1,-1.69,338.06,365.63,737.6300000000001,1,1,1.0
994,2,1097.44,83.18,216.37999999999988,689.25,1,1,1.0
995,1,-1.85,332.34,371.81,744.0,1,1,1.0
995,2,1097.62,83.23,215.81000000000017,690.0,1,1,1.0
996,1,1.41,329.62,385.11999999999995,744.7600000000001,1,1,1.0
996,2,1097.53,83.53,216.37000000000012,689.25,1,1,1.0
997,1,7.17,323.91,394.5,748.1199999999999,1,1,1.0
997,2,1097.53,84.16,216.37000000000012,687.38,1,1,1.0
998,1,14.11,321.0,405.37,751.5,1,1,1.0
998,2,1096.97,84.07,216.94000000000005,686.25,1,1,1.0
999,1,20.3,315.09,434.62,755.25,1,1,1.0
999,2,1096.78,83.39,217.12000000000012,686.25,1,1,1.0
1000,1,23.72,310.97,457.87,759.3699999999999,1,1,1.0
1000,2,1096.5,84.12,217.5,687.0,1,1,1.0
1001,1,27.94,303.75,468.0,769.5,1,1,1.0
1001,2,1096.03,84.02,218.44000000000005,685.13,1,1,1.0
1002,1,33.94,297.38,468.75,775.5000000000001,1,1,1.0
1002,2,1095.0,81.8,219.3800000000001,688.12,1,1,1.0
1003,1,41.34,291.38,476.63,781.5000000000001,1,1,1.0
1003,2,1094.72,81.59,219.55999999999995,689.25,1,1,1.0
1004,1,48.38,285.56,479.62,789.0,1,1,1.0
1004,2,1094.25,81.61,220.30999999999995,690.0,1,1,1.0
1005,1,56.44,280.31,480.75000000000006,793.5,1,1,1.0
1005,2,1094.53,81.75,219.75,690.37,1,1,1.0
1006,1,66.94,274.69,482.61999999999995,799.5,1,1,1.0
1006,2,1093.88,81.68,220.30999999999995,690.0,1,1,1.0
1007,1,74.81,269.44,476.99999999999994,806.25,1,1,1.0
1007,2,1093.78,81.35,220.30999999999995,689.25,1,1,1.0
1008,1,82.5,264.75,474.75,812.25,1,1,1.0
1008,2,1093.88,81.21,220.30999999999995,690.0,1,1,1.0
1009,1,90.94,261.0,472.50000000000006,814.5,1,1,1.0
1009,2,1093.31,81.52,220.87000000000012,689.25,1,1,1.0
1010,1,97.88,256.88,470.24,816.0000000000001,1,1,1.0
1010,2,1093.5,81.33,220.8800000000001,690.37,1,1,1.0
1011,1,104.62,252.0,464.26,819.75,1,1,1.0
1011,2,1093.5,80.93,221.05999999999995,690.0,1,1,1.0
1012,1,115.08,247.88,448.87000000000006,823.5000000000001,1,1,1.0
1012,2,1093.12,82.01,221.62000000000012,690.37,1,1,1.0
1013,1,122.06,241.31,437.24999999999994,830.25,1,1,1.0
1013,2,1093.31,81.91,221.6300000000001,690.38,1,1,1.0
1014,1,130.97,236.86,430.5,835.4999999999999,1,1,1.0
1014,2,1093.5,81.94,221.6199999999999,692.25,1,1,1.0
1015,1,139.41,229.69,431.62,843.75,1,1,1.0
1015,2,1093.5,82.62,221.44000000000005,690.0,1,1,1.0
1016,1,147.8,220.5,435.74999999999994,853.5,1,1,1.0
1016,2,1093.69,83.11,221.05999999999995,689.25,1,1,1.0
1017,1,160.69,214.12,432.75000000000006,860.9999999999999,1,1,1.0
1017,2,1093.5,84.35,221.05999999999995,688.13,1,1,1.0
1018,1,174.28,211.08,350.06000000000006,863.9999999999999,1,1,1.0
1018,2,1093.41,85.03,221.05999999999995,687.38,1,1,1.0
1019,1,188.34,209.77,339.0,864.75,1,1,1.0
1019,2,1093.12,85.71,220.8800000000001,687.38,1,1,1.0
1020,1,202.5,204.38,495.0,872.2399999999999,1,1,1.0
1020,2,1093.22,86.81,220.5,686.25,1,1,1.0
1021,1,220.78,203.06,489.0,873.75,1,1,1.0
1021,2,1092.84,87.89,219.3800000000001,685.13,1,1,1.0
1022,1,235.78,200.44,476.63,876.75,1,1,1.0
1022,2,1091.34,88.5,221.06000000000017,685.12,1,1,1.0
1023,1,254.44,198.0,455.61999999999995,879.75,1,1,1.0
1023,2,1090.03,87.33,220.87000000000012,684.0,1,1,1.0
1024,1,270.56,194.62,439.88000000000005,883.4999999999999,1,1,1.0
1024,2,1089.75,87.3,219.75,684.0,1,1,1.0
1025,1,286.31,190.31,422.99999999999994,885.75,1,1,1.0
1025,2,1087.69,86.67,219.75,684.38,1,1,1.0
1026,1,300.56,186.09,407.99999999999994,889.4999999999999,1,1,1.0
1026,2,1086.84,85.73,218.81000000000017,684.0,1,1,1.0
1027,1,314.06,178.69,394.13000000000005,896.25,1,1,1.0
1027,2,1086.66,84.45,217.12999999999988,684.0,1,1,1.0
1028,1,329.48,176.16,377.25,897.7500000000001,1,1,1.0
1028,2,1082.77,81.28,219.75,682.13,1,1,1.0
1029,1,342.84,172.5,366.00000000000006,899.25,1,1,1.0
1029,2,1082.25,81.56,218.44000000000005,679.8800000000001,1,1,1.0
1030,1,354.47,168.47,356.25,903.0,1,1,1.0
1030,2,1082.91,80.34,214.87999999999988,677.63,1,1,1.0
1031,1,363.19,163.88,360.00000000000006,908.2399999999999,1,1,1.0
1031,2,1080.7,79.78,216.75,675.0,1,1,1.0
1032,1,370.69,162.0,367.86999999999995,909.75,1,1,1.0
1032,2,1079.67,78.66,216.3699999999999,671.62,1,1,1.0
1033,1,377.72,158.53,371.80999999999995,913.5,1,1,1.0
1033,2,1079.95,78.66,215.62999999999988,671.62,1,1,1.0
1034,1,383.06,155.62,377.63000000000005,917.2600000000001,1,1,1.0
1034,2,1080.23,78.66,215.05999999999995,669.75,1,1,1.0
1035,1,385.69,151.59,382.69,920.9999999999999,1,1,1.0
1035,2,1080.05,78.56,215.6300000000001,663.0,1,1,1.0
1036,1,387.75,148.12,385.5,923.9999999999999,1,1,1.0
1036,2,1079.77,78.0,216.19000000000005,663.0,1,1,1.0
1037,1,389.06,142.88,394.88000000000005,930.0000000000001,1,1,1.0
1037,2,1079.72,78.0,215.6199999999999,664.12,1,1,1.0
1038,1,390.75,142.31,396.0,930.0,1,1,1.0
1038,2,1079.95,78.09,216.3699999999999,666.38,1,1,1.0
1039,1,390.75,137.81,398.25,934.5,1,1,1.0
1039,2,1081.69,77.81,216.75,666.3800000000001,1,1,1.0
1040,1,392.44,136.22,398.25000000000006,936.0,1,1,1.0
1040,2,1082.53,75.0,218.80999999999995,670.5,1,1,1.0
1041,1,395.72,139.41,390.75,931.5000000000001,1,1,1.0
1041,2,1083.33,72.47,220.31000000000017,675.0,1,1,1.0
1042,1,401.02,139.12,388.87,931.4999999999999,1,1,1.0
1042,2,1084.45,71.53,221.62999999999988,675.75,1,1,1.0
1043,1,410.34,139.03,379.69,931.5,1,1,1.0
1043,2,1085.86,70.12,221.44000000000005,677.63,1,1,1.0
1044,1,419.06,138.66,370.88000000000005,931.5000000000001,1,1,1.0
1044,2,1087.45,71.44,220.5,675.75,1,1,1.0
1045,1,428.25,135.66,361.87,934.5000000000001,1,1,1.0
1045,2,1090.69,71.53,218.80999999999995,673.88,1,1,1.0
1046,1,438.52,134.62,352.12,934.4999999999999,1,1,1.0
1046,2,1091.62,71.34,219.3800000000001,672.75,1,1,1.0
1047,1,446.77,132.56,342.75,936.75,1,1,1.0
1047,2,1094.06,71.16,218.80999999999995,670.5,1,1,1.0
1048,1,451.69,129.94,334.86999999999995,938.25,1,1,1.0
1048,2,1096.31,69.94,217.87000000000012,671.6199999999999,1,1,1.0
1049,1,455.02,127.88,328.12,938.2399999999999,1,1,1.0
1049,2,1098.75,70.22,217.5,671.62,1,1,1.0
1050,1,457.92,128.53,321.94,926.25,1,1,1.0
1050,2,1102.69,69.94,216.3699999999999,670.5,1,1,1.0
1051,1,462.38,127.36,313.67999999999995,892.5,1,1,1.0
1051,2,1105.12,67.88,216.94000000000005,672.37,1,1,1.0
1052,1,468.89,125.11,304.88,874.5,1,1,1.0
1052,2,1108.69,66.47,216.3699999999999,674.62,1,1,1.0
1053,1,473.62,122.44,304.88,855.0,1,1,1.0
1053,2,1112.25,65.34,216.19000000000005,675.75,1,1,1.0
1054,1,479.81,120.23,305.99999999999994,859.5,1,1,1.0
1054,2,1115.72,64.88,215.6199999999999,674.62,1,1,1.0
1055,1,485.72,116.72,307.5,857.25,1,1,1.0
1055,2,1118.53,62.34,214.69000000000005,672.75,1,1,1.0
1056,1,493.31,115.55,305.44,857.25,1,1,1.0
1056,2,1122.84,59.58,213.0,671.62,1,1,1.0
1057,1,501.56,112.69,315.38000000000005,860.25,1,1,1.0
1057,2,1126.59,57.8,212.06000000000017,667.5,1,1,1.0
1058,1,509.72,110.16,326.62,864.0,1,1,1.0
1058,2,1129.88,55.69,210.75,665.25,1,1,1.0
1059,1,520.92,109.78,335.25,861.75,1,1,1.0
1059,2,1134.23,54.89,207.94000000000005,660.0,1,1,1.0
1060,1,529.41,110.06,341.25,861.75,1,1,1.0
1060,2,1136.74,55.69,208.5,652.5,1,1,1.0
1061,1,543.0,111.94,335.25,861.75,1,1,1.0
1061,2,1137.77,55.55,209.44000000000005,646.12,1,1,1.0
1062,1,554.77,112.97,326.81000000000006,858.75,1,1,1.0
1062,2,1138.43,55.45,210.55999999999995,644.25,1,1,1.0
1063,1,568.69,112.22,313.30999999999995,860.25,1,1,1.0
1063,2,1138.59,53.91,211.69000000000005,641.62,1,1,1.0
1064,1,582.47,111.7,300.55999999999995,860.25,1,1,1.0
1064,2,1138.97,54.47,211.69000000000005,639.75,1,1,1.0
1065,1,595.41,110.06,288.37,863.25,1,1,1.0
1065,2,1138.88,53.2,212.25,639.75,1,1,1.0
1066,1,609.19,107.62,276.55999999999995,864.0,1,1,1.0
1066,2,1138.76,53.72,212.80999999999995,636.37,1,1,1.0
1067,1,615.84,101.53,270.93999999999994,864.0,1,1,1.0
1067,2,1138.88,52.92,212.80999999999995,637.5,1,1,1.0
1068,1,623.44,97.69,262.5,863.25,1,1,1.0
1068,2,1139.25,54.19,213.55999999999995,638.6199999999999,1,1,1.0
1069,1,629.91,96.84,255.37,855.0,1,1,1.0
1069,2,1139.32,50.67,212.25,645.0,1,1,1.0
1070,1,639.75,94.03,251.80999999999995,836.25,1,1,1.0
1070,2,1140.45,49.55,210.75,646.5,1,1,1.0
1071,1,653.72,92.02,249.93999999999994,792.0,1,1,1.0
1071,2,1140.63,50.48,209.62999999999988,646.13,1,1,1.0
1072,1,659.02,89.67,258.93000000000006,768.75,1,1,1.0
1072,2,1140.75,51.75,210.19000000000005,644.25,1,1,1.0
1073,1,661.69,86.48,269.25,768.75,1,1,1.0
1073,2,1140.7,52.41,210.55999999999995,642.75,1,1,1.0
1074,1,663.56,83.2,277.69000000000005,771.75,1,1,1.0
1074,2,1140.33,53.25,212.6300000000001,642.75,1,1,1.0
1075,1,665.34,80.81,284.06999999999994,771.75,1,1,1.0
1075,2,1140.14,54.47,213.0,641.62,1,1,1.0
1076,1,667.69,80.2,288.75,772.5,1,1,1.0
1076,2,1139.16,54.42,213.0,640.5,1,1,1.0
1077,1,671.25,78.98,292.13,774.75,1,1,1.0
1077,2,1138.92,54.09,210.75,639.75,1,1,1.0
1078,1,674.72,77.53,297.55999999999995,771.75,1,1,1.0
1078,2,1138.88,53.91,208.68999999999983,639.75,1,1,1.0
1079,1,680.34,76.97,297.93999999999994,773.25,1,1,1.0
1079,2,1137.4,54.05,206.43999999999983,639.75,1,1,1.0
1080,1,686.34,78.61,297.38,774.75,1,1,1.0
1080,2,1135.69,50.25,205.8699999999999,644.25,1,1,1.0
1081,1,693.38,78.05,293.42999999999995,775.5,1,1,1.0
1081,2,1134.56,49.64,205.8800000000001,646.13,1,1,1.0
1082,1,700.69,78.33,290.05999999999995,774.75,1,1,1.0
1082,2,1133.16,52.27,205.1199999999999,642.75,1,1,1.0
1083,1,706.5,78.14,287.25,775.5,1,1,1.0
1083,2,1131.19,51.84,205.8699999999999,642.75,1,1,1.0
1084,1,720.75,76.92,276.0,776.25,1,1,1.0
1084,2,1129.41,53.58,205.8699999999999,642.0,1,1,1.0
1085,1,732.75,75.19,265.13,769.5,1,1,1.0
1085,2,1127.53,54.14,205.1300000000001,640.5,1,1,1.0
1086,1,746.62,73.95,254.26,750.0,1,1,1.0
1086,2,1124.91,54.33,205.12999999999988,639.37,1,1,1.0
1087,1,755.56,73.5,247.68000000000006,724.12,1,1,1.0
1087,2,1122.38,53.72,204.37999999999988,637.5,1,1,1.0
1088,1,763.43,70.5,243.0,709.5,1,1,1.0
1088,2,1119.47,52.97,202.5,636.37,1,1,1.0
1089,1,769.59,67.59,243.0,692.25,1,1,1.0
1089,2,1116.94,54.0,199.87999999999988,631.12,1,1,1.0
1090,1,775.12,64.41,241.5,697.5,1,1,1.0
1090,2,1114.59,53.34,198.75,626.63,1,1,1.0
1091,1,778.22,59.81,241.5,707.6300000000001,1,1,1.0
1091,2,1111.22,54.98,197.05999999999995,621.38,1,1,1.0
1092,1,783.47,56.34,239.80999999999995,705.38,1,1,1.0
1092,2,1108.69,54.33,194.05999999999995,611.25,1,1,1.0
1093,1,789.05,54.19,237.19000000000005,702.75,1,1,1.0
1093,2,1105.78,50.34,193.5,609.75,1,1,1.0
1094,1,793.97,53.81,239.80999999999995,700.5,1,1,1.0
1094,2,1103.91,53.91,188.80999999999995,599.62,1,1,1.0
1095,1,799.88,52.5,247.67999999999995,702.75,1,1,1.0
1095,2,1101.28,54.09,187.12000000000012,589.13,1,1,1.0
1096,1,805.03,51.94,245.25,704.6199999999999,1,1,1.0
1096,2,1098.42,54.23,185.80999999999995,584.63,1,1,1.0
1097,1,810.75,50.81,240.94000000000005,705.75,1,1,1.0
1097,2,1097.3,54.68,184.41000000000008,584.62,1,1,1.0
1098,1,816.28,49.78,237.55999999999995,706.88,1,1,1.0
1098,2,1095.33,54.16,184.1300000000001,584.63,1,1,1.0
1099,1,822.84,49.41,234.7499999999999,707.62,1,1,1.0
1099,2,1095.23,53.37,182.52999999999997,586.12,1,1,1.0
1100,1,830.72,48.56,229.5,705.75,1,1,1.0
1100,2,1094.34,51.8,180.09000000000015,589.12,1,1,1.0
1101,1,836.48,49.69,230.06999999999994,702.75,1,1,1.0
1101,2,1094.34,51.73,177.09000000000015,589.5,1,1,1.0
1102,1,843.35,50.34,229.4999999999999,703.88,1,1,1.0
1102,2,1095.14,51.16,175.02999999999997,590.25,1,1,1.0
1103,1,852.09,48.66,227.07000000000005,707.62,1,1,1.0
1103,2,1095.61,50.93,172.41000000000008,590.25,1,1,1.0
1104,1,857.34,48.28,224.07000000000005,706.88,1,1,1.0
1104,2,1094.95,50.37,171.83999999999992,591.37,1,1,1.0
1105,1,864.47,48.84,220.30999999999995,696.75,1,1,1.0
1105,2,1095.28,50.41,170.33999999999992,590.25,1,1,1.0
1106,1,867.44,48.0,225.37999999999988,684.38,1,1,1.0
1106,2,1095.09,50.74,170.52999999999997,591.75,1,1,1.0
1107,1,871.41,46.55,223.12,678.0,1,1,1.0
1107,2,1093.41,50.41,172.68999999999983,591.38,1,1,1.0
1108,1,872.77,43.97,221.80999999999995,671.62,1,1,1.0
1108,2,1092.8,50.93,175.77999999999997,590.25,1,1,1.0
1109,1,872.2,43.31,224.44000000000005,654.3800000000001,1,1,1.0
1109,2,1092.98,51.23,178.41000000000008,589.5,1,1,1.0
1110,1,871.83,41.86,228.18999999999994,651.37,1,1,1.0
1110,2,1087.73,50.3,186.83999999999992,590.25,1,1,1.0
1111,1,871.08,39.09,230.43999999999994,652.5,1,1,1.0
1111,2,1086.75,49.64,191.25,589.13,1,1,1.0
1112,1,871.69,36.33,227.05999999999995,654.75,1,1,1.0
1112,2,1092.75,49.66,187.41000000000008,588.0,1,1,1.0
1113,1,872.3,35.2,225.94000000000005,655.5,1,1,1.0
1113,2,1091.53,48.61,189.27999999999997,586.12,1,1,1.0
1114,1,873.42,31.41,226.13,659.25,1,1,1.0
1114,2,1090.41,45.98,190.12999999999988,584.63,1,1,1.0
1115,1,874.5,31.12,225.3800000000001,658.88,1,1,1.0
1115,2,1089.23,43.57,190.12999999999988,584.25,1,1,1.0
1116,1,874.83,31.97,225.93999999999994,657.75,1,1,1.0
1116,2,1089.75,41.88,188.25,583.5,1,1,1.0
1117,1,876.61,33.0,224.81000000000006,657.75,1,1,1.0
1117,2,1090.12,40.29,185.5300000000002,581.25,1,1,1.0
1118,1,878.39,33.66,222.18999999999994,657.0,1,1,1.0
1118,2,1090.36,38.02,181.69000000000005,578.62,1,1,1.0
1119,1,880.69,33.0,218.80999999999995,657.75,1,1,1.0
1119,2,1090.36,34.5,178.22000000000003,574.88,1,1,1.0
1120,1,883.22,33.56,215.05999999999995,657.75,1,1,1.0
1120,2,1090.59,33.66,175.5,556.87,1,1,1.0
1121,1,885.05,33.09,213.0,657.75,1,1,1.0
1121,2,1089.47,33.56,169.5,547.5,1,1,1.0
1122,1,887.86,32.16,207.37,658.87,1,1,1.0
1122,2,1087.5,30.56,165.3800000000001,549.75,1,1,1.0
1123,1,888.23,32.16,204.0,657.0,1,1,1.0
1123,2,1086.7,28.78,163.58999999999992,543.75,1,1,1.0
1124,1,889.17,34.55,199.5000000000001,652.12,1,1,1.0
1124,2,1086.61,27.42,160.7800000000002,538.88,1,1,1.0
1125,1,890.91,33.63,194.81000000000006,650.25,1,1,1.0
1125,2,1086.33,27.05,156.47000000000003,536.62,1,1,1.0
1126,1,891.47,29.25,191.80999999999995,646.5,1,1,1.0
1126,2,1086.09,26.02,153.19000000000005,537.37,1,1,1.0
1127,1,892.45,30.42,189.0999999999999,633.0,1,1,1.0
1127,2,1083.61,26.34,154.97000000000003,538.88,1,1,1.0
1128,1,892.83,29.67,189.09000000000003,625.13,1,1,1.0
1128,2,1076.53,27.66,158.25,537.37,1,1,1.0
1129,1,894.05,29.44,190.12000000000012,612.0,1,1,1.0
1129,2,1076.11,29.3,155.44000000000005,537.75,1,1,1.0
1130,1,896.48,27.61,188.81999999999994,599.62,1,1,1.0
1130,2,1073.3,28.69,156.0,539.6199999999999,1,1,1.0
1131,1,897.47,25.92,190.41000000000008,592.5,1,1,1.0
1131,2,1075.85,29.25,151.0300000000002,537.37,1,1,1.0
1132,1,897.42,24.61,191.2500000000001,589.5,1,1,1.0
1132,2,1074.59,31.69,149.25,534.75,1,1,1.0
1133,1,895.69,24.14,199.1199999999999,589.13,1,1,1.0
1133,2,1072.29,32.91,147.37000000000012,532.5,1,1,1.0
1134,1,893.67,24.05,204.0000000000001,589.12,1,1,1.0
1134,2,1069.2,33.23,148.02999999999997,531.0,1,1,1.0
1135,1,891.23,23.67,210.0,586.88,1,1,1.0
1135,2,1066.05,33.09,147.84000000000015,529.88,1,1,1.0
1136,1,889.45,23.46,220.30999999999995,586.88,1,1,1.0
1136,2,1063.36,30.28,147.56000000000017,529.88,1,1,1.0
1137,1,887.77,23.81,229.87000000000012,587.6300000000001,1,1,1.0
1137,2,1058.39,27.38,150.0,524.62,1,1,1.0
1138,1,887.67,24.12,231.18999999999994,588.0,1,1,1.0
1138,2,1052.37,26.39,153.19000000000005,525.0,1,1,1.0
1139,1,887.3,24.61,237.94000000000005,589.5,1,1,1.0
1139,2,1047.94,25.69,151.97000000000003,518.6199999999999,1,1,1.0
1140,1,886.5,24.23,246.55999999999995,591.75,1,1,1.0
1140,2,1044.0,25.5,152.6199999999999,513.75,1,1,1.0
1141,1,886.78,26.98,249.94000000000005,589.5,1,1,1.0
1141,2,1041.94,24.09,150.75,507.75000000000006,1,1,1.0
1142,1,886.69,27.38,250.1199999999999,590.24,1,1,1.0
1142,2,1035.73,23.51,153.3699999999999,499.87,1,1,1.0
1143,1,887.25,27.56,241.8699999999999,589.1300000000001,1,1,1.0
1143,2,1031.65,24.45,153.75,496.87000000000006,1,1,1.0
1144,1,887.2,27.38,232.30999999999995,589.12,1,1,1.0
1144,2,1027.08,22.5,153.47000000000003,503.62,1,1,1.0
1145,1,887.81,25.59,209.6300000000001,588.0,1,1,1.0
1145,2,1022.91,20.65,151.12,503.25,1,1,1.0
1146,1,888.38,22.57,183.92999999999995,583.88,1,1,1.0
1146,2,1021.08,21.38,144.65999999999997,496.87,1,1,1.0
1147,1,887.81,23.13,183.55999999999995,567.38,1,1,1.0
1147,2,1018.83,21.19,141.84000000000003,499.86999999999995,1,1,1.0
1148,1,886.73,20.72,184.97000000000003,565.87,1,1,1.0
1148,2,1017.84,19.69,136.59000000000003,499.50000000000006,1,1,1.0
1149,1,888.52,18.61,180.83999999999992,559.5,1,1,1.0
1149,2,1015.36,18.75,136.88,493.5,1,1,1.0
1150,1,893.44,16.69,174.19000000000005,557.25,1,1,1.0
1150,2,1011.56,17.81,135.66000000000008,489.0,1,1,1.0
1151,1,899.02,14.62,163.58999999999992,557.26,1,1,1.0
1151,2,1007.53,17.53,136.58999999999992,487.5,1,1,1.0
1152,1,901.64,13.31,157.2199999999999,557.25,1,1,1.0
1152,2,1003.64,18.38,138.0000000000001,489.0,1,1,1.0
1153,1,902.67,13.08,156.56000000000006,555.0,1,1,1.0
1153,2,1003.57,25.12,131.34000000000003,484.5,1,1,1.0
1154,1,900.54,13.64,157.22000000000003,552.38,1,1,1.0
1154,2,999.38,25.27,132.92999999999995,487.5,1,1,1.0
1155,1,895.27,13.36,163.30999999999995,552.0,1,1,1.0
1155,2,996.7,25.01,134.25,491.25,1,1,1.0
1156,1,886.64,12.38,169.2199999999999,556.12,1,1,1.0
1156,2,995.02,25.17,134.05999999999995,493.49999999999994,1,1,1.0
1157,1,881.53,13.97,175.5,555.0,1,1,1.0
1157,2,994.24,23.7,133.77999999999997,495.75000000000006,1,1,1.0
1158,1,877.31,15.61,180.55999999999995,553.87,1,1,1.0
1158,2,993.82,23.7,131.52999999999986,490.12000000000006,1,1,1.0
1159,1,872.95,15.61,184.40999999999985,552.0,1,1,1.0
1159,2,989.11,20.86,134.34000000000003,493.12,1,1,1.0
1160,1,866.25,13.45,188.44000000000005,553.5,1,1,1.0
1160,2,985.64,14.25,132.93999999999994,501.75,1,1,1.0
1161,1,857.34,13.5,193.4999999999999,546.0,1,1,1.0
1161,2,981.89,12.23,131.15999999999997,498.75,1,1,1.0
1162,1,849.05,16.78,198.75,531.38,1,1,1.0
1162,2,979.12,13.22,124.60000000000002,495.0,1,1,1.0
1163,1,841.08,18.05,205.12,527.25,1,1,1.0
1163,2,976.97,10.27,123.36999999999989,486.75,1,1,1.0
1164,1,833.06,21.33,210.0,516.75,1,1,1.0
1164,2,972.94,7.36,121.30999999999995,474.0,1,1,1.0
1165,1,825.56,23.67,216.3800000000001,508.12999999999994,1,1,1.0
1165,2,969.26,4.78,117.83999999999992,466.13000000000005,1,1,1.0
1166,1,818.65,24.89,213.37,503.25,1,1,1.0
1166,2,965.93,4.73,117.84000000000003,460.13,1,1,1.0
1167,1,814.22,25.97,204.0,499.87,1,1,1.0
1167,2,960.87,5.91,118.78000000000009,461.25,1,1,1.0
1168,1,811.36,24.19,192.93999999999994,504.36999999999995,1,1,1.0
1168,2,956.6,4.83,119.99999999999989,463.87,1,1,1.0
1169,1,804.84,22.03,176.06999999999994,507.75,1,1,1.0
1169,2,952.92,6.42,120.38,461.25,1,1,1.0
1170,1,798.44,23.67,178.88,504.74999999999994,1,1,1.0
1170,2,944.77,7.22,122.52999999999997,458.25,1,1,1.0
1171,1,791.46,27.09,187.5999999999999,503.25000000000006,1,1,1.0
1171,2,940.17,7.5,125.15999999999997,460.88,1,1,1.0
1172,1,786.05,29.2,191.25,500.25000000000006,1,1,1.0
1172,2,930.75,9.19,133.5,459.0,1,1,1.0
1173,1,781.34,28.55,197.62,500.24999999999994,1,1,1.0
1173,2,923.72,9.0,140.80999999999995,459.0,1,1,1.0
1174,1,779.44,24.61,196.30999999999995,506.25,1,1,1.0
1174,2,913.22,8.86,153.27999999999997,460.87,1,1,1.0
1175,1,783.28,24.84,190.13,507.38000000000005,1,1,1.0
1175,2,910.27,6.89,157.21000000000004,464.63,1,1,1.0
1176,1,766.12,25.83,201.93999999999994,504.00000000000006,1,1,1.0
1176,2,903.75,7.97,161.80999999999995,465.0,1,1,1.0
1177,1,752.25,24.89,213.55999999999995,504.0,1,1,1.0
1177,2,899.72,13.97,162.27999999999997,456.0,1,1,1.0
1178,1,770.91,24.28,192.37,504.0,1,1,1.0
1178,2,892.59,15.16,166.40999999999997,454.88,1,1,1.0
1179,1,770.81,23.48,192.0,502.5,1,1,1.0
1179,2,884.6,13.5,172.9699999999999,460.88,1,1,1.0
1180,1,745.12,23.06,216.38,499.88000000000005,1,1,1.0
1180,2,875.46,13.55,181.12999999999988,460.12,1,1,1.0
1181,1,737.44,28.83,218.25,493.12000000000006,1,1,1.0
1181,2,869.27,12.7,184.69000000000005,461.25,1,1,1.0
1182,1,736.06,32.98,205.5,482.62,1,1,1.0
1182,2,863.9,13.22,185.34000000000003,458.61999999999995,1,1,1.0
1183,1,738.61,48.42,190.5,460.88,1,1,1.0
1183,2,856.5,12.52,187.58999999999992,459.0,1,1,1.0
1184,1,738.66,39.61,180.18000000000006,459.75,1,1,1.0
1184,2,847.36,12.94,185.06000000000006,448.87,1,1,1.0
1185,1,742.83,38.11,151.2199999999999,458.25,1,1,1.0
1185,2,839.09,12.23,179.70999999999992,447.75,1,1,1.0
1186,1,751.03,42.98,123.09000000000003,448.13,1,1,1.0
1186,2,831.07,12.84,174.08999999999992,447.0,1,1,1.0
1187,1,735.98,32.62,128.90999999999997,466.13,1,1,1.0
1187,2,827.91,13.71,161.81000000000006,444.75,1,1,1.0
1188,1,735.0,39.0,127.97000000000003,465.0,1,1,1.0
1188,2,821.91,9.7,142.97000000000003,449.25,1,1,1.0
1189,1,717.44,24.56,141.56999999999994,482.25,1,1,1.0
1189,2,817.48,11.25,127.39999999999998,452.63,1,1,1.0
1190,1,717.59,29.23,138.4699999999999,474.0,1,1,1.0
1190,2,812.16,10.88,117.28000000000009,451.5,1,1,1.0
1191,2,803.95,9.28,121.96999999999991,466.88000000000005,1,1,1.0
1192,2,796.73,8.86,128.35000000000002,461.25,1,1,1.0
1193,2,787.45,10.2,139.40999999999997,490.5,1,1,1.0
1194,2,785.2,9.59,142.13,492.37,1,1,1.0
1195,2,786.89,10.12,140.63,490.13,1,1,1.0
1196,1,717.59,29.23,138.4699999999999,474.0,1,1,1.0
1196,2,789.89,11.06,134.63,468.75,1,1,1.0
1197,2,788.86,14.2,136.30999999999995,479.63,1,1,1.0
1198,2,792.23,13.08,129.65999999999997,471.0,1,1,1.0
1199,2,787.45,13.83,131.3499999999999,466.87,1,1,1.0
1200,2,784.22,12.7,132.47000000000003,468.0,1,1,1.0
1201,2,776.95,12.56,140.3499999999999,468.0,1,1,1.0
1202,2,778.64,29.34,135.65999999999997,448.88000000000005,1,1,1.0
1203,2,774.42,72.4,133.0300000000001,399.0,1,1,1.0
1204,2,792.98,70.95,106.78999999999996,401.25,1,1,1.0
1920,1,679.5,24.75,128.62,479.25,1,1,1.0
1921,1,680.25,31.41,125.44000000000005,473.61999999999995,1,1,1.0
1922,1,685.78,52.31,127.88,447.0,1,1,1.0
1923,1,684.23,60.98,139.5,433.13,1,1,1.0
1924,1,689.3,65.25,160.5,424.87,1,1,1.0
1925,1,698.16,65.44,181.39999999999998,427.5,1,1,1.0
1926,1,706.45,74.67,194.06999999999994,421.13,1,1,1.0
1927,1,727.41,10.97,198.56000000000006,488.25,1,1,1.0
1928,1,733.78,8.16,201.38,492.0,1,1,1.0
1929,1,737.44,9.38,201.55999999999995,494.24,1,1,1.0
1930,1,738.0,8.44,199.69000000000005,494.62,1,1,1.0
1931,1,744.28,10.27,193.88,493.5,1,1,1.0
1932,1,745.03,9.14,192.94000000000005,494.63,1,1,1.0
1933,1,750.66,7.97,188.81000000000006,495.75,1,1,1.0
1934,1,756.19,7.92,183.55999999999995,494.63,1,1,1.0
1935,1,762.61,7.59,176.52999999999997,495.75,1,1,1.0
1936,1,777.66,5.67,160.31000000000006,498.0,1,1,1.0
1937,1,782.72,6.49,156.37,496.88,1,1,1.0
1938,1,798.38,6.75,148.67999999999995,497.25,1,1,1.0
1939,1,803.48,4.97,166.40999999999997,498.36999999999995,1,1,1.0
1940,1,805.03,2.91,184.41000000000008,504.0,1,1,1.0
1941,1,805.55,3.47,203.06000000000006,506.25,1,1,1.0
1942,1,805.97,2.25,215.05999999999995,512.63,1,1,1.0
1943,1,805.59,3.05,232.88,518.25,1,1,1.0
1944,1,805.97,0.0,240.55999999999995,528.75,1,1,1.0
1945,1,804.66,0.38,249.56000000000006,532.12,1,1,1.0
1946,1,804.87,2.34,255.7499999999999,532.5,1,1,1.0
1946,2,681.94,43.97,168.93999999999994,486.37,1,1,1.0
1947,1,807.28,4.2,255.75,531.0,1,1,1.0
1947,2,678.25,44.95,175.77999999999997,484.50000000000006,1,1,1.0
1948,1,809.77,5.25,253.68000000000006,529.13,1,1,1.0
1948,2,678.28,41.77,179.16000000000008,491.25,1,1,1.0
1949,1,812.91,7.66,248.62,524.25,1,1,1.0
1949,2,676.15,39.09,183.56000000000006,493.5,1,1,1.0
1950,1,815.44,7.22,243.19000000000005,520.12,1,1,1.0
1950,2,677.58,38.77,184.39999999999998,490.87,1,1,1.0
1951,1,818.48,7.52,236.25,522.75,1,1,1.0
1951,2,679.27,40.73,181.96000000000004,489.0,1,1,1.0
1952,1,826.97,7.76,223.69000000000005,522.75,1,1,1.0
1952,2,683.48,34.41,177.65999999999997,496.12,1,1,1.0
1953,1,835.41,6.7,209.06000000000006,525.0,1,1,1.0
1953,2,690.05,27.33,170.34000000000003,502.50000000000006,1,1,1.0
1954,1,841.55,6.09,200.25,526.5,1,1,1.0
1954,2,701.39,28.22,155.72000000000003,499.5,1,1,1.0
1955,1,847.64,4.92,189.7500000000001,530.25,1,1,1.0
1955,2,707.93,24.89,151.0300000000001,499.88,1,1,1.0
1956,1,852.14,5.58,180.7500000000001,529.5,1,1,1.0
1956,2,716.46,20.51,148.77999999999997,507.75,1,1,1.0
1957,1,854.95,5.72,173.05999999999995,529.12,1,1,1.0
1957,2,722.02,30.0,147.37,496.12,1,1,1.0
1958,1,856.45,7.15,168.37999999999988,526.5,1,1,1.0
1958,2,726.52,28.78,153.46000000000004,497.25,1,1,1.0
1959,1,860.72,6.89,163.69000000000005,526.5,1,1,1.0
1959,2,731.67,27.14,154.22000000000003,494.63,1,1,1.0
1960,1,862.97,6.91,169.5,526.5,1,1,1.0
1960,2,735.05,26.06,164.5300000000001,494.63000000000005,1,1,1.0
1961,1,864.66,6.33,177.37,527.25,1,1,1.0
1961,2,736.41,25.24,175.12,495.0,1,1,1.0
1962,1,867.44,6.8,185.62999999999988,528.37,1,1,1.0
1962,2,742.99,26.65,171.38,493.12,1,1,1.0
1963,1,869.88,6.77,191.2500000000001,528.0,1,1,1.0
1963,2,745.59,27.68,170.63,493.11999999999995,1,1,1.0
1964,1,873.75,7.57,192.94000000000005,527.25,1,1,1.0
1964,2,760.12,28.71,151.60000000000002,493.50000000000006,1,1,1.0
1965,1,878.56,6.35,190.87000000000012,529.13,1,1,1.0
1965,2,770.62,29.02,139.68999999999994,496.87,1,1,1.0
1966,1,882.8,5.3,185.80999999999995,531.37,1,1,1.0
1966,2,778.22,29.95,138.08999999999992,493.13000000000005,1,1,1.0
1967,1,887.72,5.04,178.5,531.37,1,1,1.0
1967,2,783.84,29.53,135.38,493.5,1,1,1.0
1968,1,893.27,5.6,170.6300000000001,531.38,1,1,1.0
1968,2,794.39,30.33,128.34000000000003,493.50000000000006,1,1,1.0
1969,1,898.59,5.88,164.82000000000005,531.0,1,1,1.0
1969,2,794.2,29.53,132.0999999999999,492.38,1,1,1.0
1970,1,904.78,5.74,161.05999999999995,531.0,1,1,1.0
1970,2,794.16,29.39,136.31000000000006,495.75,1,1,1.0
1971,1,908.77,7.15,162.0,529.5,1,1,1.0
1971,2,797.11,29.16,130.59000000000003,498.74999999999994,1,1,1.0
1972,1,911.95,8.16,165.37999999999988,528.37,1,1,1.0
1972,2,799.92,29.53,124.60000000000002,500.25,1,1,1.0
1973,1,916.5,9.3,171.55999999999995,528.0,1,1,1.0
1973,2,801.23,29.48,124.03999999999996,504.38,1,1,1.0
1974,1,919.73,9.8,178.41000000000008,531.0,1,1,1.0
1974,2,801.66,30.23,125.72000000000003,508.13,1,1,1.0
1975,1,921.75,9.54,184.69000000000005,528.37,1,1,1.0
1975,2,802.43,30.23,128.63,510.38,1,1,1.0
1976,1,922.9,8.04,190.12,533.62,1,1,1.0
1976,2,800.3,30.09,135.2800000000001,517.13,1,1,1.0
1977,1,924.82,7.88,195.56000000000006,536.24,1,1,1.0
1977,2,801.66,29.81,137.81000000000006,520.8800000000001,1,1,1.0
1978,1,927.19,7.12,199.5,539.63,1,1,1.0
1978,2,802.12,30.8,139.88,519.37,1,1,1.0
1979,1,929.51,6.56,202.69000000000005,547.1300000000001,1,1,1.0
1979,2,806.34,34.59,139.13,516.75,1,1,1.0
1980,1,933.3,7.5,201.56999999999994,559.5,1,1,1.0
1980,2,806.39,36.14,140.34000000000003,516.0,1,1,1.0
1981,1,934.8,5.86,203.6300000000001,570.37,1,1,1.0
1981,2,807.54,39.76,144.37,516.38,1,1,1.0
1982,1,935.04,6.52,205.87000000000012,577.5,1,1,1.0
1982,2,810.07,42.77,145.87,517.88,1,1,1.0
1983,1,937.1,7.36,205.4999999999999,580.12,1,1,1.0
1983,2,812.27,44.79,147.57000000000005,520.12,1,1,1.0
1984,1,940.41,8.2,203.06000000000006,582.38,1,1,1.0
1984,2,813.23,47.13,151.88,520.13,1,1,1.0
1985,1,942.94,9.47,201.55999999999995,582.37,1,1,1.0
1985,2,814.12,49.01,153.0,520.12,1,1,1.0
1986,1,945.38,10.31,200.42999999999995,584.25,1,1,1.0
1986,2,814.45,49.34,154.9699999999999,521.25,1,1,1.0
1987,1,948.28,10.69,199.1300000000001,584.25,1,1,1.0
1987,2,815.02,51.45,154.96000000000004,518.62,1,1,1.0
1988,1,949.88,12.09,197.62,582.38,1,1,1.0
1988,2,816.33,51.96,156.75,517.88,1,1,1.0
1989,1,951.94,11.72,196.5,583.5,1,1,1.0
1989,2,816.47,51.73,157.22000000000003,517.87,1,1,1.0
1990,1,952.57,12.38,197.43999999999994,582.37,1,1,1.0
1990,2,815.86,50.18,157.68999999999994,518.62,1,1,1.0
1991,1,953.32,13.78,198.18999999999994,580.13,1,1,1.0
1991,2,815.67,48.96,152.44000000000005,520.13,1,1,1.0
1992,1,953.88,13.41,199.13,579.0,1,1,1.0
1992,2,813.38,47.48,152.06000000000006,523.13,1,1,1.0
1993,1,954.33,13.88,199.68999999999994,579.0,1,1,1.0
1993,2,814.12,47.23,153.0,523.87,1,1,1.0
1994,1,957.28,14.62,198.19000000000005,578.63,1,1,1.0
1994,2,808.78,46.88,159.94000000000005,523.87,1,1,1.0
1995,1,958.12,14.81,198.57000000000005,575.25,1,1,1.0
1995,2,809.77,46.43,166.5,523.87,1,1,1.0
1996,1,958.83,14.81,198.56000000000006,579.0,1,1,1.0
1996,2,809.58,47.72,170.25,526.5,1,1,1.0
1997,1,959.53,14.25,198.55999999999995,594.0,1,1,1.0
1997,2,808.69,47.25,174.18999999999994,532.5,1,1,1.0
1998,1,956.74,13.85,200.62999999999988,607.88,1,1,1.0
1998,2,810.0,46.66,169.22000000000003,543.75,1,1,1.0
1999,1,956.88,15.23,200.63,622.88,1,1,1.0
1999,2,809.77,48.96,168.0,552.38,1,1,1.0
2000,1,958.24,15.47,200.25,634.87,1,1,1.0
2000,2,808.27,51.66,168.0,559.5,1,1,1.0
2001,1,958.15,17.44,202.68999999999994,639.3699999999999,1,1,1.0
2001,2,807.09,52.78,169.68999999999994,566.63,1,1,1.0
2002,1,960.3,18.98,202.1300000000001,648.75,1,1,1.0
2002,2,805.08,53.88,173.43999999999994,572.63,1,1,1.0
2003,1,961.78,20.53,203.25,652.13,1,1,1.0
2003,2,801.19,56.11,177.64999999999998,575.25,1,1,1.0
2004,1,965.34,23.18,201.93999999999994,649.5,1,1,1.0
2004,2,798.0,58.64,180.84000000000003,575.25,1,1,1.0
2005,1,968.02,22.73,202.5,650.25,1,1,1.0
2005,2,796.08,58.69,183.83999999999992,584.25,1,1,1.0
2006,1,969.47,22.59,204.75,651.38,1,1,1.0
2006,2,794.86,59.44,184.68999999999994,589.1199999999999,1,1,1.0
2007,1,972.38,23.2,205.12,651.38,1,1,1.0
2007,2,793.03,60.14,185.81000000000006,588.0,1,1,1.0
2008,1,976.08,24.19,205.31000000000006,650.25,1,1,1.0
2008,2,790.17,58.83,189.10000000000002,591.37,1,1,1.0
2009,1,976.03,23.81,207.3800000000001,650.25,1,1,1.0
2009,2,788.72,57.56,191.52999999999997,594.0,1,1,1.0
2010,1,975.0,26.72,210.0,647.25,1,1,1.0
2010,2,787.5,56.16,192.75,594.75,1,1,1.0
2011,1,970.27,27.09,215.62000000000012,647.25,1,1,1.0
2011,2,786.98,54.98,192.75,595.13,1,1,1.0
2012,1,967.45,27.66,219.55999999999995,647.25,1,1,1.0
2012,2,786.8,54.89,191.5300000000001,596.25,1,1,1.0
2013,1,965.77,28.78,222.55999999999995,646.13,1,1,1.0
2013,2,788.3,55.22,192.0,597.0,1,1,1.0
2014,1,965.95,33.09,225.0,649.13,1,1,1.0
2014,2,789.7,56.2,193.13,592.5,1,1,1.0
2015,1,964.5,37.03,229.5,665.25,1,1,1.0
2015,2,791.34,58.17,191.25,599.25,1,1,1.0
2016,1,956.34,40.08,240.93999999999994,682.87,1,1,1.0
2016,2,792.52,61.99,183.56000000000006,601.88,1,1,1.0
2017,1,958.92,43.17,240.0000000000001,691.5,1,1,1.0
2017,2,790.27,65.81,183.93000000000006,611.6300000000001,1,1,1.0
2018,1,969.28,50.25,230.05999999999995,699.37,1,1,1.0
2018,2,784.17,67.22,187.97000000000003,627.37,1,1,1.0
2019,1,969.8,58.8,228.75,703.13,1,1,1.0
2019,2,773.53,71.81,196.31000000000006,627.75,1,1,1.0
2020,1,970.03,62.77,228.0,709.5,1,1,1.0
2020,2,764.77,75.23,197.62,637.5,1,1,1.0
2021,1,968.44,67.97,228.75,713.62,1,1,1.0
2021,2,761.95,78.94,196.30999999999995,641.6199999999999,1,1,1.0
2022,1,965.39,70.36,230.81000000000006,710.25,1,1,1.0
2022,2,762.87,82.69,192.0,646.5,1,1,1.0
2023,1,961.41,71.86,232.12,710.25,1,1,1.0
2023,2,760.78,83.72,191.25,652.5,1,1,1.0
2024,1,958.34,73.12,233.06000000000006,709.5,1,1,1.0
2024,2,756.38,84.75,194.24,657.0,1,1,1.0
2025,1,954.38,74.06,233.62,711.3800000000001,1,1,1.0
2025,2,749.72,84.94,199.30999999999995,657.75,1,1,1.0
2026,1,949.9,74.02,236.62,712.87,1,1,1.0
2026,2,743.16,82.97,204.75,660.0,1,1,1.0
2027,1,945.54,74.11,239.25,712.87,1,1,1.0
2027,2,736.31,81.94,208.31000000000006,660.75,1,1,1.0
2028,1,939.75,74.62,246.75,710.26,1,1,1.0
2028,2,728.91,82.03,210.75,659.25,1,1,1.0
2029,1,934.34,74.34,256.12,708.75,1,1,1.0
2029,2,721.41,81.19,214.31000000000006,660.0,1,1,1.0
2030,1,931.22,74.02,260.80999999999995,712.87,1,1,1.0
2030,2,712.59,80.25,212.81999999999994,662.25,1,1,1.0
2031,1,926.04,72.19,267.55999999999995,731.6199999999999,1,1,1.0
2031,2,701.77,80.53,216.37,661.5,1,1,1.0
2032,1,919.01,73.88,273.55999999999995,769.5,1,1,1.0
2032,2,697.41,82.31,217.12,657.75,1,1,1.0
2033,1,913.08,74.86,279.37,796.5,1,1,1.0
2033,2,689.16,84.38,225.37,665.24,1,1,1.0
2034,1,909.91,77.81,282.0000000000001,808.5,1,1,1.0
2034,2,681.75,87.8,230.63,687.0,1,1,1.0
2035,1,905.65,82.5,285.18999999999994,823.5,1,1,1.0
2035,2,673.83,90.38,236.05999999999995,710.62,1,1,1.0
2036,1,903.91,86.81,286.32000000000005,836.25,1,1,1.0
2036,2,667.17,94.73,241.88,720.75,1,1,1.0
2037,1,898.69,93.19,290.80999999999995,849.75,1,1,1.0
2037,2,660.8,98.34,247.68000000000006,743.25,1,1,1.0
2038,1,896.72,96.47,292.5,849.75,1,1,1.0
2038,2,654.33,102.23,254.05999999999995,762.0,1,1,1.0
2039,1,893.16,97.78,295.5000000000001,846.0,1,1,1.0
2039,2,649.55,108.7,262.5,765.75,1,1,1.0
2040,1,891.28,99.75,294.55999999999995,842.25,1,1,1.0
2040,2,645.61,117.28,262.68999999999994,757.5,1,1,1.0
2041,1,889.12,101.72,294.93999999999994,840.0,1,1,1.0
2041,2,640.59,121.78,267.38,767.25,1,1,1.0
2042,1,886.88,106.38,292.5000000000001,835.5,1,1,1.0
2042,2,636.33,124.69,268.30999999999995,768.0,1,1,1.0
2043,1,882.84,105.54,292.88,837.0,1,1,1.0
2043,2,631.1,125.16,266.63,771.75,1,1,1.0
2044,1,882.84,105.98,288.7499999999999,840.75,1,1,1.0
2044,2,626.37,126.09,265.30999999999995,775.5,1,1,1.0
2045,1,880.97,106.1,285.75,839.25,1,1,1.0
2045,2,621.47,126.28,268.12,775.5,1,1,1.0
2046,1,878.06,106.83,283.69000000000005,840.75,1,1,1.0
2046,2,617.62,128.91,264.38,768.0,1,1,1.0
2047,1,873.75,107.88,284.6300000000001,840.0,1,1,1.0
2047,2,613.97,128.81,264.37,766.8800000000001,1,1,1.0
2048,1,871.12,108.05,286.13,864.75,1,1,1.0
2048,2,609.84,129.28,264.75,766.88,1,1,1.0
2049,1,864.47,111.89,290.44000000000005,903.0,1,1,1.0
2049,2,606.09,130.97,260.43999999999994,763.12,1,1,1.0
2050,1,858.89,118.83,292.5000000000001,927.7499999999999,1,1,1.0
2050,2,601.59,132.56,253.13,760.8800000000001,1,1,1.0
2051,1,849.52,125.72,297.0,939.75,1,1,1.0
2051,2,598.31,134.25,247.69000000000005,758.25,1,1,1.0
2052,1,839.77,129.0,302.43000000000006,938.25,1,1,1.0
2052,2,594.09,138.23,245.25,776.25,1,1,1.0
2053,1,834.98,133.97,300.56999999999994,936.75,1,1,1.0
2053,2,588.38,139.78,244.31000000000006,813.75,1,1,1.0
2054,1,827.2,142.31,302.44000000000005,927.75,1,1,1.0
2054,2,581.77,144.61,242.25,838.5,1,1,1.0
2055,1,816.84,147.66,303.18999999999994,922.5000000000001,1,1,1.0
2055,2,560.91,148.03,257.62,865.5,1,1,1.0
2056,1,806.34,147.47,305.9999999999999,922.5,1,1,1.0
2056,2,547.03,156.09,265.88,873.7499999999999,1,1,1.0
2057,1,795.19,150.75,310.8699999999999,918.75,1,1,1.0
2057,2,543.28,167.25,262.5,858.75,1,1,1.0
2058,1,783.47,151.03,315.19000000000005,918.75,1,1,1.0
2058,2,548.72,174.28,255.37,876.75,1,1,1.0
2059,1,771.75,153.19,319.69000000000005,917.25,1,1,1.0
2059,2,544.12,180.28,259.68999999999994,879.0,1,1,1.0
2060,1,757.78,154.41,323.44000000000005,915.0000000000001,1,1,1.0
2060,2,531.66,184.59,269.62,881.2499999999999,1,1,1.0
2061,1,735.84,154.5,336.18999999999994,915.0,1,1,1.0
2061,2,519.75,192.42,276.55999999999995,882.0000000000001,1,1,1.0
2062,1,712.08,153.94,359.9999999999999,917.25,1,1,1.0
2062,2,506.44,194.04,286.69,879.75,1,1,1.0
2063,1,708.0,155.62,366.55999999999995,917.2600000000001,1,1,1.0
2063,2,490.88,192.73,295.87,881.25,1,1,1.0
2064,1,699.61,161.81,376.87,909.75,1,1,1.0
2064,2,478.5,194.62,301.5,878.9999999999999,1,1,1.0
2065,1,683.58,167.62,394.4999999999999,904.4999999999999,1,1,1.0
2065,2,469.22,194.04,306.0,878.25,1,1,1.0
2066,1,668.95,174.0,407.6299999999999,897.0,1,1,1.0
2066,2,458.53,193.57,303.19000000000005,878.25,1,1,1.0
2067,1,657.75,182.25,418.8699999999999,893.25,1,1,1.0
2067,2,445.64,193.52,306.56000000000006,877.5,1,1,1.0
2068,1,650.62,192.56,425.2600000000001,883.5,1,1,1.0
2068,2,431.72,193.03,298.5,879.0,1,1,1.0
2069,1,641.44,199.31,432.0,874.5,1,1,1.0
2069,2,411.38,197.3,297.37,876.75,1,1,1.0
2070,1,636.38,206.25,435.7399999999999,865.5,1,1,1.0
2070,2,392.53,203.44,300.0,870.0,1,1,1.0
2071,1,631.31,212.02,436.5,859.5,1,1,1.0
2071,2,370.73,209.81,308.43999999999994,867.0,1,1,1.0
2072,1,627.19,216.28,437.25,857.25,1,1,1.0
2072,2,352.08,217.22,321.56,858.75,1,1,1.0
2073,1,623.91,219.89,436.5000000000001,855.0000000000001,1,1,1.0
2073,2,332.34,226.03,336.19,849.75,1,1,1.0
2074,1,619.31,224.81,438.0,851.25,1,1,1.0
2074,2,313.78,232.97,350.06000000000006,843.75,1,1,1.0
2075,1,614.44,228.61,439.1199999999999,847.4999999999999,1,1,1.0
2075,2,295.97,243.42,365.62,834.7500000000001,1,1,1.0
2076,1,610.31,234.56,441.75,837.75,1,1,1.0
2076,2,283.41,253.73,365.61999999999995,822.75,1,1,1.0
2077,1,607.69,239.62,437.25,833.9999999999999,1,1,1.0
2077,2,270.56,264.42,382.31,810.75,1,1,1.0
2078,1,605.25,244.5,433.5,828.0,1,1,1.0
2078,2,262.5,272.58,393.0,804.0,1,1,1.0
2079,1,598.78,247.88,435.75,825.7399999999999,1,1,1.0
2079,2,254.53,277.97,392.25,798.75,1,1,1.0
2080,1,595.59,253.31,435.7499999999999,820.5,1,1,1.0
2080,2,248.53,281.44,391.88,794.25,1,1,1.0
2081,1,592.92,262.45,436.5000000000001,810.75,1,1,1.0
2081,2,244.59,285.61,387.75,790.4999999999999,1,1,1.0
2082,1,583.92,272.67,445.13,798.75,1,1,1.0
2082,2,242.58,289.31,378.0,785.25,1,1,1.0
2083,1,573.56,287.34,451.5,783.75,1,1,1.0
2083,2,241.03,291.33,364.13,783.0,1,1,1.0
2084,1,565.78,299.16,450.0,772.5,1,1,1.0
2084,2,237.33,292.73,355.30999999999995,780.75,1,1,1.0
2085,1,549.66,311.06,460.5,763.1300000000001,1,1,1.0
2085,2,231.75,296.16,348.55999999999995,776.25,1,1,1.0
2086,1,523.17,323.81,475.5,749.25,1,1,1.0
2086,2,220.69,301.5,351.36999999999995,772.5,1,1,1.0
2087,1,510.56,337.97,477.74999999999994,733.5,1,1,1.0
2087,2,208.03,310.03,353.06000000000006,762.3800000000001,1,1,1.0
2088,1,477.0,348.42,499.88,723.0,1,1,1.0
2088,2,193.5,319.59,352.69000000000005,752.6300000000001,1,1,1.0
2089,1,444.75,356.39,520.5,716.2500000000001,1,1,1.0
2089,2,176.16,325.31,360.0,746.6300000000001,1,1,1.0
2090,1,421.31,367.5,523.1300000000001,702.75,1,1,1.0
2090,2,155.34,335.44,360.75,737.6199999999999,1,1,1.0
2091,1,402.0,373.22,529.5,694.8699999999999,1,1,1.0
2091,2,131.34,349.69,378.38,726.75,1,1,1.0
2092,1,391.5,384.66,528.38,684.3699999999999,1,1,1.0
2092,2,108.14,366.09,378.38,712.5,1,1,1.0
2093,1,371.53,390.89,530.25,679.88,1,1,1.0
2093,2,80.81,381.47,374.44,695.25,1,1,1.0
2094,1,293.81,396.28,598.1300000000001,675.3800000000001,1,1,1.0
2094,2,51.19,392.44,376.5,682.8699999999999,1,1,1.0
2095,1,278.81,404.62,600.0,666.7600000000001,1,1,1.0
2095,2,22.59,414.05,376.5,661.5,1,1,1.0
2096,1,249.38,417.28,615.74,653.6300000000001,1,1,1.0
2096,2,2.11,427.64,369.56,649.5000000000001,1,1,1.0
2097,1,197.06,427.59,663.75,642.0,1,1,1.0
2097,2,-0.14,441.42,344.62,637.8799999999999,1,1,1.0
2098,1,174.94,443.62,680.25,622.88,1,1,1.0
2098,2,0.75,443.44,311.25,615.3699999999999,1,1,1.0
2099,1,169.12,464.25,681.38,602.25,1,1,1.0
2099,2,0.47,448.22,286.69,621.0,1,1,1.0
2100,1,138.0,492.0,704.62,575.6199999999999,1,1,1.0
2100,2,0.61,454.88,263.81,615.37,1,1,1.0
2101,1,127.22,519.66,691.5,546.7500000000001,1,1,1.0
2101,2,1.59,454.22,232.88,614.25,1,1,1.0
2102,1,116.81,553.41,679.8800000000001,516.7500000000001,1,1,1.0
2102,2,1.59,442.31,210.19,611.25,1,1,1.0
2103,1,95.39,589.31,667.88,477.3800000000001,1,1,1.0
2103,2,0.52,448.27,173.14999999999998,622.1200000000001,1,1,1.0
2104,1,75.52,618.09,663.75,446.2499999999999,1,1,1.0
2105,1,56.81,651.84,604.1300000000001,414.7499999999999,1,1,1.0
2106,1,32.95,681.33,517.5,388.12,1,1,1.0
2107,1,10.03,710.72,507.75,357.75,1,1,1.0
2108,1,2.25,741.0,489.0,333.75,1,1,1.0
2109,1,-0.75,773.72,462.0,303.0,1,1,1.0
2110,1,0.56,809.44,425.63,266.25,1,1,1.0
2111,1,0.63,846.28,379.88,228.19000000000005,1,1,1.0
