444,1,864.14,692.62,586.5000000000001,376.32000000000005,1,1,1.0
445,1,834.75,672.23,592.1300000000001,396.3799999999999,1,1,1.0
446,1,802.36,646.64,599.9999999999999,421.13,1,1,1.0
447,1,775.12,619.78,600.7600000000001,448.8800000000001,1,1,1.0
448,1,745.69,597.28,594.3699999999999,472.1300000000001,1,1,1.0
449,1,726.66,575.53,596.2500000000001,494.6300000000001,1,1,1.0
450,1,698.81,557.34,607.8800000000001,513.38,1,1,1.0
451,1,677.62,548.06,610.13,523.5,1,1,1.0
452,1,654.56,541.12,609.75,530.2600000000001,1,1,1.0
453,1,631.5,534.09,601.5,536.9999999999999,1,1,1.0
454,1,612.38,530.72,589.5000000000001,539.25,1,1,1.0
455,1,584.81,524.44,578.6300000000001,544.8699999999999,1,1,1.0
456,1,555.66,522.19,567.0000000000001,546.75,1,1,1.0
457,1,516.0,510.84,564.3800000000001,559.5,1,1,1.0
458,1,470.62,501.28,571.4999999999999,570.75,1,1,1.0
459,1,450.38,486.38,553.5,586.12,1,1,1.0
460,1,438.56,471.94,518.25,598.1199999999999,1,1,1.0
461,1,412.41,460.41,507.74999999999994,610.5,1,1,1.0
462,1,390.66,454.59,497.99999999999994,615.75,1,1,1.0
463,1,368.81,445.78,493.49999999999994,625.1300000000001,1,1,1.0
464,1,337.78,441.0,496.5,629.25,1,1,1.0
465,1,301.69,437.72,508.50000000000006,635.25,1,1,1.0
466,1,268.69,435.75,515.6199999999999,634.5,1,1,1.0
467,1,234.56,435.38,528.0,634.5000000000001,1,1,1.0
468,1,201.84,438.09,535.88,632.25,1,1,1.0
469,1,170.81,440.25,549.75,632.25,1,1,1.0
470,1,139.88,445.03,559.12,627.0,1,1,1.0
471,1,108.75,449.72,568.87,620.6199999999999,1,1,1.0
472,1,75.75,453.66,574.13,617.6199999999999,1,1,1.0
473,1,45.94,456.84,586.1199999999999,614.25,1,1,1.0
474,1,14.81,459.0,591.3800000000001,611.25,1,1,1.0
475,1,-1.5,460.69,585.38,611.25,1,1,1.0
476,1,1.38,462.98,556.5,612.75,1,1,1.0
477,1,-0.38,464.25,533.63,606.3699999999999,1,1,1.0
478,1,-1.5,463.78,511.88,608.6300000000001,1,1,1.0
479,1,-1.31,465.47,495.0,606.3699999999999,1,1,1.0
480,1,-1.41,466.31,480.38000000000005,605.25,1,1,1.0
481,1,-1.12,466.03,470.24,606.3800000000001,1,1,1.0
482,1,0.28,459.56,480.75,612.75,1,1,1.0
483,1,0.38,426.75,483.37,645.0,1,1,1.0
484,1,-0.75,451.5,478.13,619.8800000000001,1,1,1.0
485,1,-1.5,463.88,468.0,607.12,1,1,1.0
486,1,-0.56,465.47,454.5,605.25,1,1,1.0
487,1,-0.66,465.94,439.88000000000005,605.25,1,1,1.0
488,1,-0.84,428.34,420.36999999999995,640.8800000000001,1,1,1.0
489,1,-0.28,347.62,401.61999999999995,722.9999999999999,1,1,1.0
490,1,-2.34,154.22,375.92999999999995,915.75,1,1,1.0
493,1,-2.34,154.22,375.92999999999995,915.75,1,1,1.0
494,1,1.31,83.11,294.56,989.2499999999999,1,1,1.0
495,1,0.75,71.11,288.94,1002.7499999999999,1,1,1.0
496,1,1.12,62.34,285.0,1009.4999999999999,1,1,1.0
497,1,1.78,84.38,279.94000000000005,987.7399999999999,1,1,1.0
498,1,1.55,101.86,275.62,971.2499999999999,1,1,1.0
499,1,1.83,64.12,270.94,1007.9999999999999,1,1,1.0
500,1,2.06,44.2,265.88,1029.0,1,1,1.0
501,1,1.83,32.44,264.37,1038.0,1,1,1.0
502,1,1.83,36.56,263.06,1034.25,1,1,1.0
503,1,2.02,35.39,263.06,1036.5,1,1,1.0
504,1,2.06,45.56,261.19,1024.5,1,1,1.0
505,1,0.98,16.22,261.19,1049.25,1,1,1.0
506,1,0.94,11.81,284.06,1053.75,1,1,1.0
507,1,1.22,8.81,300.55999999999995,1055.25,1,1,1.0
508,1,2.16,44.81,309.0,1024.5,1,1,1.0
509,1,1.78,58.41,315.38000000000005,1012.5000000000001,1,1,1.0
510,1,1.78,86.48,316.88000000000005,984.0,1,1,1.0
511,1,1.5,96.84,317.62,974.9999999999999,1,1,1.0
512,1,0.94,312.66,313.31,762.3699999999999,1,1,1.0
513,1,0.56,323.72,311.25,750.3699999999999,1,1,1.0
514,1,0.47,352.69,311.44,720.75,1,1,1.0
515,1,0.66,338.72,313.67999999999995,734.6199999999999,1,1,1.0
516,1,1.03,348.84,318.38000000000005,727.5,1,1,1.0
517,1,1.03,370.78,325.31,703.8800000000001,1,1,1.0
518,1,1.31,378.56,332.06,695.25,1,1,1.0
519,1,1.41,381.38,339.75,692.2399999999999,1,1,1.0
520,1,0.94,382.69,348.0,690.0,1,1,1.0
521,1,1.31,381.94,354.94,690.0,1,1,1.0
522,1,1.31,383.53,362.25,688.1300000000001,1,1,1.0
523,1,0.0,388.8,371.06,684.3800000000001,1,1,1.0
524,1,-0.28,392.86,377.25,680.62,1,1,1.0
525,1,-1.12,394.88,386.62,679.87,1,1,1.0
526,1,-0.75,399.09,388.87,675.0,1,1,1.0
527,1,-0.75,400.36,388.87,673.87,1,1,1.0
528,1,-1.03,407.2,386.25,666.75,1,1,1.0
529,1,-0.38,402.28,378.0,672.3800000000001,1,1,1.0
530,1,-0.38,395.02,372.57,680.6200000000001,1,1,1.0
531,1,0.38,352.69,364.68,724.1199999999999,1,1,1.0
532,1,0.94,454.55,356.81,617.6200000000001,1,1,1.0
533,1,0.56,467.02,348.19,605.25,1,1,1.0
534,1,0.09,478.12,337.5,595.13,1,1,1.0
535,1,0.28,494.34,326.63000000000005,580.1300000000001,1,1,1.0
536,1,0.28,505.03,313.31,571.5,1,1,1.0
537,1,0.19,529.12,299.62,550.13,1,1,1.0
538,1,-0.23,500.16,285.0,576.75,1,1,1.0
539,1,-0.05,507.38,272.25,570.0000000000001,1,1,1.0
540,1,0.47,499.78,258.94,576.3800000000001,1,1,1.0
541,1,0.38,521.44,241.5,557.25,1,1,1.0
542,1,0.56,532.69,229.88,547.1199999999999,1,1,1.0
543,1,1.22,529.59,218.81,549.7499999999999,1,1,1.0
544,1,1.83,531.47,208.30999999999997,548.6199999999999,1,1,1.0
545,1,1.31,512.25,195.38,565.8699999999999,1,1,1.0
546,1,0.84,508.03,181.69,570.0,1,1,1.0
547,1,0.33,490.12,173.14999999999998,587.9999999999999,1,1,1.0
548,1,-0.19,496.5,166.13,585.3800000000001,1,1,1.0
549,1,-0.14,517.88,158.72,568.5000000000001,1,1,1.0
550,1,-0.19,544.97,149.81,544.8699999999999,1,1,1.0
551,1,-0.14,532.59,142.02999999999997,558.38,1,1,1.0
552,1,0.05,525.94,134.33999999999997,561.75,1,1,1.0
553,1,0.0,521.62,129.0,566.9999999999999,1,1,1.0
554,1,-0.14,494.81,124.03,589.5,1,1,1.0
555,1,0.14,495.19,121.41,588.0,1,1,1.0
625,1,0.52,305.91,191.53,775.5,1,1,1.0
626,1,0.47,314.25,197.62,765.75,1,1,1.0
627,1,-0.19,316.41,204.19,762.3699999999999,1,1,1.0
628,1,-0.38,316.97,212.63,760.1199999999999,1,1,1.0
629,1,-0.66,313.97,219.75,762.3699999999999,1,1,1.0
630,1,-0.28,315.84,227.06,759.3800000000001,1,1,1.0
631,1,0.47,315.47,237.19,758.25,1,1,1.0
632,1,1.27,309.66,246.56,765.75,1,1,1.0
633,1,0.56,307.97,259.88,765.75,1,1,1.0
634,1,0.23,314.91,269.82,757.5,1,1,1.0
635,1,-0.09,316.59,279.36999999999995,755.25,1,1,1.0
636,1,0.0,315.19,291.0,756.0,1,1,1.0
637,1,-0.66,312.56,301.88000000000005,757.1300000000001,1,1,1.0
638,1,-0.28,314.72,309.0,754.5,1,1,1.0
639,1,-0.09,313.5,318.75,756.0,1,1,1.0
640,1,0.0,313.03,329.62,756.0,1,1,1.0
641,1,0.09,312.75,340.32000000000005,757.1300000000001,1,1,1.0
642,1,0.0,313.03,349.88,757.1300000000001,1,1,1.0
643,1,0.66,315.0,355.31,757.5,1,1,1.0
644,1,0.33,318.09,361.12,754.5,1,1,1.0
645,1,-0.05,318.09,367.69,755.25,1,1,1.0
646,1,-0.98,317.91,373.12,755.25,1,1,1.0
647,1,-1.41,317.53,379.69,755.25,1,1,1.0
648,1,-1.48,315.28,383.07,758.25,1,1,1.0
649,1,-1.62,313.31,385.13,758.25,1,1,1.0
650,1,-2.06,309.47,385.87,763.1199999999999,1,1,1.0
651,1,-1.31,308.06,385.5,762.3800000000001,1,1,1.0
652,1,-1.22,307.12,385.5,763.13,1,1,1.0
653,1,-1.03,306.84,385.5,763.1300000000001,1,1,1.0
654,1,-1.31,305.91,388.5,764.25,1,1,1.0
655,1,-1.41,305.16,391.88000000000005,766.8699999999999,1,1,1.0
656,1,-1.12,302.62,394.87,769.4999999999999,1,1,1.0
657,1,-1.41,299.72,399.0,772.5,1,1,1.0
658,1,0.38,297.0,401.24,774.0,1,1,1.0
659,1,2.25,293.44,408.0,780.75,1,1,1.0
660,1,6.38,292.12,406.87,781.4999999999999,1,1,1.0
661,1,15.56,289.88,396.38,783.0000000000001,1,1,1.0
662,1,19.88,288.56,393.74,784.5,1,1,1.0
663,1,24.84,286.31,389.63000000000005,786.0,1,1,1.0
664,1,30.28,282.28,385.13,791.25,1,1,1.0
665,1,35.81,280.22,381.38,792.0,1,1,1.0
666,1,41.2,277.55,375.75,795.75,1,1,1.0
667,1,45.61,272.39,369.56,799.5000000000001,1,1,1.0
668,1,47.91,265.92,363.37,807.0,1,1,1.0
669,1,49.22,259.41,359.44000000000005,814.5,1,1,1.0
670,1,50.91,254.06,356.25,819.75,1,1,1.0
671,1,49.88,249.28,358.5,824.25,1,1,1.0
672,1,52.69,244.88,354.37,829.5000000000001,1,1,1.0
673,1,56.77,241.5,348.18,833.25,1,1,1.0
674,1,62.3,240.38,341.25,833.2399999999999,1,1,1.0
675,1,67.73,234.75,333.94,838.5,1,1,1.0
676,1,72.89,231.09,325.31,840.7499999999999,1,1,1.0
677,1,78.47,228.19,315.19000000000005,843.75,1,1,1.0
678,1,82.36,224.44,307.5,847.5,1,1,1.0
679,1,86.91,221.62,298.31000000000006,851.2600000000001,1,1,1.0
680,1,93.19,220.69,287.81,852.75,1,1,1.0
681,1,99.56,221.16,281.63,852.7500000000001,1,1,1.0
682,1,101.25,220.59,284.63,853.4999999999999,1,1,1.0
683,1,95.53,220.22,296.63,852.75,1,1,1.0
684,1,87.75,223.08,312.0,854.9999999999999,1,1,1.0
685,1,77.81,222.0,329.63,856.5,1,1,1.0
686,1,64.88,222.33,350.43,856.4999999999999,1,1,1.0
687,1,54.33,223.59,366.0,855.7499999999999,1,1,1.0
688,1,43.08,224.02,381.19,854.25,1,1,1.0
689,1,33.19,225.19,394.87,853.5,1,1,1.0
690,1,24.47,226.17,406.5,851.2500000000001,1,1,1.0
691,1,17.81,227.67,414.75,849.0000000000001,1,1,1.0
692,1,7.92,228.33,425.63,848.2499999999999,1,1,1.0
693,1,4.92,231.47,428.25,843.75,1,1,1.0
694,1,4.17,234.89,429.0,841.5000000000001,1,1,1.0
695,1,3.98,237.89,429.0,838.5000000000001,1,1,1.0
696,1,2.58,242.02,429.75,834.0,1,1,1.0
697,1,2.39,245.67,428.25,829.5000000000001,1,1,1.0
698,1,1.78,249.66,424.88000000000005,824.2500000000001,1,1,1.0
699,1,2.2,253.83,420.0,819.7499999999999,1,1,1.0
700,1,-2.25,255.56,420.37,820.5,1,1,1.0
701,1,-1.88,259.88,417.38,816.0000000000001,1,1,1.0
702,1,-1.69,264.0,421.13,812.25,1,1,1.0
703,1,2.02,274.97,418.87,797.25,1,1,1.0
704,1,-0.94,276.19,429.0,799.5,1,1,1.0
705,1,-0.94,280.88,431.25,793.5000000000001,1,1,1.0
706,1,-0.75,283.12,432.75,791.9999999999999,1,1,1.0
707,1,-1.12,287.81,429.0,786.75,1,1,1.0
708,1,-1.69,286.5,420.38,787.5,1,1,1.0
709,1,-1.69,285.38,418.88,789.0000000000001,1,1,1.0
710,1,-1.5,284.81,414.38,789.0,1,1,1.0
711,1,-1.31,286.31,408.75,787.5,1,1,1.0
712,1,-1.69,300.75,401.25,773.25,1,1,1.0
713,1,-1.69,288.56,396.0,786.75,1,1,1.0
714,1,-1.5,279.19,390.38,795.75,1,1,1.0
715,1,0.38,326.44,386.24,749.25,1,1,1.0
716,1,-2.16,299.06,382.32000000000005,777.75,1,1,1.0
717,1,-1.41,326.06,373.32000000000005,752.6300000000001,1,1,1.0
718,1,-1.22,324.56,369.19000000000005,753.75,1,1,1.0
719,1,-0.94,331.88,361.88,747.0000000000001,1,1,1.0
720,1,-1.22,323.25,358.31,754.8699999999999,1,1,1.0
721,1,-1.03,308.44,352.30999999999995,769.5,1,1,1.0
722,1,2.53,361.59,336.75,719.6300000000001,1,1,1.0
723,1,2.16,339.38,330.0,739.5000000000001,1,1,1.0
724,1,2.06,352.69,323.06,724.1199999999999,1,1,1.0
725,1,2.06,421.55,319.13,654.75,1,1,1.0
726,1,1.78,437.02,319.5,639.3700000000001,1,1,1.0
727,1,1.78,449.48,316.69000000000005,627.3799999999999,1,1,1.0
728,1,1.03,322.12,315.75,752.63,1,1,1.0
729,1,0.66,316.78,316.67999999999995,755.25,1,1,1.0
730,1,0.75,321.75,315.37,749.6300000000001,1,1,1.0
731,1,0.56,329.44,315.19,742.5,1,1,1.0
732,1,0.66,327.56,316.31,744.0,1,1,1.0
733,1,0.75,325.41,319.13,746.6199999999999,1,1,1.0
734,1,0.94,325.12,322.5,746.63,1,1,1.0
735,1,0.94,322.5,327.75,748.5,1,1,1.0
736,1,0.75,328.5,333.0,743.25,1,1,1.0
737,1,0.66,331.97,339.0,739.8699999999999,1,1,1.0
738,1,0.75,331.31,344.63,741.75,1,1,1.0
739,1,0.75,337.5,349.13,735.75,1,1,1.0
740,1,0.75,338.72,355.87,735.3699999999999,1,1,1.0
741,1,0.42,340.5,366.56,733.5,1,1,1.0
742,1,0.26,341.06,376.5,733.5,1,1,1.0
743,1,0.94,340.12,387.37,733.4999999999999,1,1,1.0
744,1,1.55,341.06,398.62,732.0,1,1,1.0
745,1,1.55,344.44,411.37,727.8699999999999,1,1,1.0
746,1,1.27,345.47,422.62,727.5,1,1,1.0
747,1,1.59,346.41,433.13000000000005,726.75,1,1,1.0
748,1,-1.22,347.58,450.0,723.0,1,1,1.0
749,1,-0.66,349.45,458.25,720.75,1,1,1.0
750,1,-0.75,349.27,465.75,720.75,1,1,1.0
751,1,-0.38,349.22,471.0,721.8699999999999,1,1,1.0
752,1,-0.66,347.77,478.13000000000005,724.1200000000001,1,1,1.0
753,1,0.19,348.42,480.75,723.0,1,1,1.0
754,1,-0.38,347.81,483.38,724.1300000000001,1,1,1.0
755,1,-0.09,348.7,480.75,721.8799999999999,1,1,1.0
756,1,-0.19,348.14,476.63,723.0000000000001,1,1,1.0
757,1,-0.38,347.58,467.26,723.0,1,1,1.0
758,1,-0.28,347.3,457.11999999999995,723.0,1,1,1.0
759,1,0.0,347.86,446.62,721.87,1,1,1.0
760,1,-0.38,348.47,437.26,721.8699999999999,1,1,1.0
761,1,2.11,350.72,426.75,721.8699999999999,1,1,1.0
762,1,1.78,352.22,418.88000000000005,719.6199999999999,1,1,1.0
763,1,1.45,352.5,409.88,719.6199999999999,1,1,1.0
764,1,1.69,354.84,399.0,717.0,1,1,1.0
765,1,2.06,357.28,385.13,712.8800000000001,1,1,1.0
766,1,0.61,356.62,378.0,715.88,1,1,1.0
767,1,1.31,360.56,366.94,710.6300000000001,1,1,1.0
768,1,1.41,360.09,361.5,712.5,1,1,1.0
769,1,1.31,360.0,360.38,712.8800000000001,1,1,1.0
770,1,1.31,359.06,360.75,714.0,1,1,1.0
771,1,1.31,360.47,361.5,712.5,1,1,1.0
772,1,1.12,357.84,362.26,714.75,1,1,1.0
773,1,0.84,357.47,362.63000000000005,714.0,1,1,1.0
774,1,0.94,356.72,362.25,714.75,1,1,1.0
775,1,0.75,356.53,361.87,714.75,1,1,1.0
776,1,0.75,359.25,361.5,711.75,1,1,1.0
777,1,0.75,361.5,361.13,709.8800000000001,1,1,1.0
778,1,0.84,362.72,360.0,708.3699999999999,1,1,1.0
779,1,0.84,365.44,359.25,705.75,1,1,1.0
780,1,1.03,365.53,357.75,706.8800000000001,1,1,1.0
781,1,1.12,365.06,356.63,707.6300000000001,1,1,1.0
782,1,1.12,363.09,355.88,709.8800000000001,1,1,1.0
783,1,0.94,360.94,356.25,711.75,1,1,1.0
784,1,0.94,360.47,356.25,712.5,1,1,1.0
785,1,1.03,361.03,356.63000000000005,711.75,1,1,1.0
786,1,0.84,361.12,357.75,711.7600000000001,1,1,1.0
787,1,1.22,360.47,358.11999999999995,712.5,1,1,1.0
788,1,1.03,360.38,359.25,712.5000000000001,1,1,1.0
789,1,1.03,360.47,359.25,712.5,1,1,1.0
790,1,1.12,362.81,359.26,709.8800000000001,1,1,1.0
791,1,1.22,363.56,358.86999999999995,709.8800000000001,1,1,1.0
792,1,1.22,361.88,358.5,711.7399999999999,1,1,1.0
793,1,1.12,361.88,358.88,711.7399999999999,1,1,1.0
794,1,0.84,361.03,359.44,714.0,1,1,1.0
795,1,0.84,362.06,359.44,712.8800000000001,1,1,1.0
796,1,0.94,361.78,359.44,712.8800000000001,1,1,1.0
797,1,0.94,361.41,359.44,712.8699999999999,1,1,1.0
798,1,0.84,361.5,359.25,712.8800000000001,1,1,1.0
799,1,0.94,360.84,358.5,712.8800000000001,1,1,1.0
800,1,1.22,359.72,357.75,714.0,1,1,1.0
801,1,1.31,357.84,357.19,715.5,1,1,1.0
802,1,1.31,356.91,355.88,717.0,1,1,1.0
803,1,1.41,355.12,354.56,718.88,1,1,1.0
804,1,1.41,353.25,352.67999999999995,720.0,1,1,1.0
805,1,1.22,351.38,352.11999999999995,721.87,1,1,1.0
806,1,1.22,346.97,350.44,726.75,1,1,1.0
807,1,1.12,349.12,349.88,724.13,1,1,1.0
808,1,1.03,349.22,349.5,724.1199999999999,1,1,1.0
809,1,1.12,352.59,348.0,720.75,1,1,1.0
810,1,1.03,352.12,347.25,721.88,1,1,1.0
811,1,1.31,354.56,346.31,718.8800000000001,1,1,1.0
812,1,1.12,355.69,345.0,717.75,1,1,1.0
813,1,1.03,356.53,345.0,717.0,1,1,1.0
814,1,1.12,357.19,344.63,717.0,1,1,1.0
815,1,1.12,356.72,344.07,717.0,1,1,1.0
816,1,1.12,357.28,343.88,715.8800000000001,1,1,1.0
817,1,1.12,358.41,343.88,714.75,1,1,1.0
818,1,1.22,358.5,344.05999999999995,714.75,1,1,1.0
819,1,1.22,356.62,344.05999999999995,716.9999999999999,1,1,1.0
820,1,1.31,358.5,344.06,714.75,1,1,1.0
821,1,1.31,359.34,344.06,714.0,1,1,1.0
822,1,1.22,358.59,344.61999999999995,714.75,1,1,1.0
823,1,1.12,359.25,345.0,714.0,1,1,1.0
824,1,1.31,358.5,345.38,714.75,1,1,1.0
825,1,1.22,358.97,346.30999999999995,714.0,1,1,1.0
826,1,1.22,358.03,346.30999999999995,714.75,1,1,1.0
827,1,1.03,357.47,346.88000000000005,715.5,1,1,1.0
828,1,1.31,357.66,348.19,715.5,1,1,1.0
829,1,1.22,357.47,349.11999999999995,715.5,1,1,1.0
830,1,1.12,353.72,349.5,719.6199999999999,1,1,1.0
831,1,1.22,353.06,349.5,720.0,1,1,1.0
832,1,1.12,349.5,349.88,724.1199999999999,1,1,1.0
833,1,1.12,347.91,350.07,725.6199999999999,1,1,1.0
834,1,1.22,346.5,350.05999999999995,727.8800000000001,1,1,1.0
835,1,1.03,345.0,350.44000000000005,729.75,1,1,1.0
836,1,1.03,346.78,350.44000000000005,727.5,1,1,1.0
837,1,1.12,345.09,350.07,729.0,1,1,1.0
838,1,1.12,344.34,350.07,729.75,1,1,1.0
839,1,1.12,342.84,350.07,731.6300000000001,1,1,1.0
840,1,1.12,346.12,350.07,727.88,1,1,1.0
841,1,1.12,345.66,350.07,727.8699999999999,1,1,1.0
842,1,1.12,345.28,349.88,729.0,1,1,1.0
843,1,1.22,346.5,349.5,727.5,1,1,1.0
844,1,1.03,347.62,349.5,726.7600000000001,1,1,1.0
845,1,1.22,349.88,349.11999999999995,724.12,1,1,1.0
846,1,1.12,353.44,349.13,720.0,1,1,1.0
847,1,1.12,352.12,348.0,721.88,1,1,1.0
848,1,1.22,354.47,346.86999999999995,719.6199999999999,1,1,1.0
849,1,1.12,358.22,345.76,715.5,1,1,1.0
850,1,1.22,358.78,344.61999999999995,714.75,1,1,1.0
851,1,1.22,360.28,344.05999999999995,712.8800000000001,1,1,1.0
852,1,1.22,359.16,342.75,714.0,1,1,1.0
853,1,1.41,360.19,342.17999999999995,712.8699999999999,1,1,1.0
854,1,1.31,363.75,342.19,709.5,1,1,1.0
855,1,1.41,363.66,342.17999999999995,709.5,1,1,1.0
856,1,1.5,365.25,342.19,707.6300000000001,1,1,1.0
857,1,1.31,365.25,342.75,707.6300000000001,1,1,1.0
858,1,1.31,370.03,343.88,702.75,1,1,1.0
859,1,1.22,370.59,344.61999999999995,702.3800000000001,1,1,1.0
860,1,1.31,370.88,345.0,702.37,1,1,1.0
861,1,1.31,370.22,345.38,702.75,1,1,1.0
862,1,1.31,370.59,345.75,702.75,1,1,1.0
863,1,1.22,370.12,346.86999999999995,703.88,1,1,1.0
864,1,1.41,370.22,346.86999999999995,703.8699999999999,1,1,1.0
865,1,1.31,369.38,348.0,704.62,1,1,1.0
866,1,1.31,368.44,349.13,705.75,1,1,1.0
867,1,1.41,371.16,349.5,702.75,1,1,1.0
868,1,1.59,371.16,350.07000000000005,702.75,1,1,1.0
869,1,1.59,364.5,350.82000000000005,709.8800000000001,1,1,1.0
870,1,1.41,364.41,351.75,709.8699999999999,1,1,1.0
871,1,1.31,369.56,352.13,704.6300000000001,1,1,1.0
872,1,1.31,372.47,352.13,701.6199999999999,1,1,1.0
873,1,1.12,369.47,352.32,704.6199999999999,1,1,1.0
874,1,0.84,367.59,352.69,706.8800000000001,1,1,1.0
875,1,0.75,368.72,353.06,705.3699999999999,1,1,1.0
876,1,1.03,369.38,352.69000000000005,704.62,1,1,1.0
877,1,1.22,369.56,352.11999999999995,703.8800000000001,1,1,1.0
878,1,0.38,369.84,352.12,704.6300000000001,1,1,1.0
879,1,1.12,371.06,350.07,702.3800000000001,1,1,1.0
880,1,1.12,371.81,348.19,701.6300000000001,1,1,1.0
881,1,0.84,373.41,347.63000000000005,699.3699999999999,1,1,1.0
882,1,0.56,374.16,346.88,697.5,1,1,1.0
883,1,0.66,373.88,344.61999999999995,697.5000000000001,1,1,1.0
884,1,0.94,375.75,342.19,696.3699999999999,1,1,1.0
885,1,0.84,375.0,339.38000000000005,696.75,1,1,1.0
886,1,1.03,377.91,335.25,693.0,1,1,1.0
887,1,0.75,380.48,332.81,690.3799999999999,1,1,1.0
888,1,0.84,384.4,327.38000000000005,687.0000000000001,1,1,1.0
889,1,1.22,387.3,322.30999999999995,684.0,1,1,1.0
890,1,1.97,397.69,318.0,675.0,1,1,1.0
891,1,1.88,383.62,312.74,690.38,1,1,1.0
892,1,1.78,395.72,307.5,677.6199999999999,1,1,1.0
893,1,1.78,392.25,300.38000000000005,681.3699999999999,1,1,1.0
894,1,1.69,395.72,293.81,678.0,1,1,1.0
895,1,1.12,403.78,287.26,668.25,1,1,1.0
896,1,0.47,419.39,279.94,654.0000000000001,1,1,1.0
897,1,0.56,432.8,275.25,639.75,1,1,1.0
898,1,0.89,424.22,270.94,643.8699999999999,1,1,1.0
899,1,0.84,427.59,266.44,640.5,1,1,1.0
900,1,0.8,410.44,260.25,659.25,1,1,1.0
901,1,2.25,472.73,252.37,605.25,1,1,1.0
902,1,2.48,525.09,245.82000000000002,557.2499999999999,1,1,1.0
903,1,2.11,496.12,244.11999999999998,584.63,1,1,1.0
904,1,2.34,511.41,244.32,570.3699999999999,1,1,1.0
905,1,1.27,108.56,239.25,962.25,1,1,1.0
906,1,1.69,328.5,233.81,747.3800000000001,1,1,1.0
907,1,1.36,386.53,231.36999999999998,689.25,1,1,1.0
908,1,1.36,404.91,227.05999999999997,669.75,1,1,1.0
909,1,1.78,431.86,212.81,643.87,1,1,1.0
910,1,1.59,414.28,221.63,657.0,1,1,1.0
911,1,1.92,407.81,230.06,669.3800000000001,1,1,1.0
912,1,1.41,408.28,214.12,667.5,1,1,1.0
913,1,1.78,382.78,233.63,696.3800000000001,1,1,1.0
914,1,1.78,372.75,240.38,706.8699999999999,1,1,1.0
915,1,1.83,354.0,245.25,726.75,1,1,1.0
916,1,1.36,336.0,249.0,744.0,1,1,1.0
917,1,1.64,336.19,250.13000000000002,743.25,1,1,1.0
918,1,1.83,339.0,246.0,739.5,1,1,1.0
919,1,1.59,345.84,255.38000000000002,732.0,1,1,1.0
920,1,1.08,333.84,260.25,743.25,1,1,1.0
921,1,0.61,338.81,267.37,736.8800000000001,1,1,1.0
922,1,0.66,324.75,274.67999999999995,749.6300000000001,1,1,1.0
923,1,0.19,332.81,281.62,739.8800000000001,1,1,1.0
924,1,0.38,325.31,286.12,748.1300000000001,1,1,1.0
925,1,0.75,320.72,288.75,752.6199999999999,1,1,1.0
926,1,0.75,315.56,292.87,759.3800000000001,1,1,1.0
927,1,0.84,313.78,295.88000000000005,760.8800000000001,1,1,1.0
928,1,0.75,313.5,299.63,760.8800000000001,1,1,1.0
929,1,0.75,311.81,301.87,760.8800000000001,1,1,1.0
930,1,1.03,304.97,308.81,767.25,1,1,1.0
931,1,0.84,300.94,319.5,773.25,1,1,1.0
932,1,0.84,296.91,324.75,778.5,1,1,1.0
933,1,0.66,292.59,332.42999999999995,782.25,1,1,1.0
934,1,0.84,289.83,335.63000000000005,784.5,1,1,1.0
935,1,0.66,285.84,339.36999999999995,788.25,1,1,1.0
936,1,0.56,282.52,342.75,792.75,1,1,1.0
937,1,0.19,280.12,350.44,791.9999999999999,1,1,1.0
937,2,1526.06,671.34,391.1200000000001,401.63,1,1,1.0
938,1,0.98,280.88,359.25,791.2399999999999,1,1,1.0
938,2,1512.38,641.62,399.3799999999999,434.2600000000001,1,1,1.0
939,1,0.8,278.53,371.81,795.75,1,1,1.0
939,2,1483.59,622.88,417.3700000000001,447.7399999999999,1,1,1.0
940,1,-0.19,273.0,390.38,801.75,1,1,1.0
940,2,1460.44,600.28,444.3799999999999,471.0,1,1,1.0
941,1,-0.38,271.12,402.38,805.4999999999999,1,1,1.0
941,2,1445.39,580.41,447.3699999999999,489.0000000000001,1,1,1.0
942,1,-0.75,270.19,408.75,806.25,1,1,1.0
942,2,1426.31,564.0,442.5,504.75,1,1,1.0
943,1,-0.38,270.0,416.26,805.5,1,1,1.0
943,2,1394.72,548.44,456.75,522.0,1,1,1.0
944,1,-0.56,269.62,421.12,803.9999999999999,1,1,1.0
944,2,1330.59,535.78,495.3700000000001,534.0,1,1,1.0
945,1,-0.38,269.62,417.38,803.9999999999999,1,1,1.0
945,2,1291.5,525.38,508.8800000000001,547.87,1,1,1.0
946,1,-0.19,268.69,411.0,805.5,1,1,1.0
946,2,1269.75,517.31,523.5,552.0,1,1,1.0
947,1,-0.19,271.83,400.5,800.25,1,1,1.0
947,2,1242.28,509.16,549.3800000000001,559.8699999999999,1,1,1.0
948,1,-0.56,270.61,398.62,800.9999999999999,1,1,1.0
948,2,1219.31,498.84,573.3700000000001,571.5,1,1,1.0
949,1,-0.94,269.02,397.5,801.75,1,1,1.0
949,2,1198.69,489.0,504.0,580.5,1,1,1.0
950,1,-0.66,267.66,396.75,804.0,1,1,1.0
950,2,1178.91,478.41,495.75,591.0,1,1,1.0
951,1,-1.5,262.5,410.25,811.5,1,1,1.0
951,2,1160.53,463.69,482.6300000000001,606.3699999999999,1,1,1.0
952,1,-1.88,257.06,418.5,816.75,1,1,1.0
952,2,1136.81,451.41,483.3700000000001,619.8699999999999,1,1,1.0
953,1,-1.69,251.62,422.63,821.9999999999999,1,1,1.0
953,2,1117.59,436.03,483.3700000000001,635.6300000000001,1,1,1.0
954,1,-1.88,247.12,426.38,825.7600000000001,1,1,1.0
954,2,1099.12,421.08,478.5,651.75,1,1,1.0
955,1,-0.38,244.17,428.26,827.2500000000001,1,1,1.0
955,2,1079.81,406.59,480.3700000000001,664.1300000000001,1,1,1.0
956,1,-0.7,242.3,435.75,829.5,1,1,1.0
956,2,1044.38,390.38,502.8799999999999,682.12,1,1,1.0
957,1,-0.66,238.83,441.0,833.2499999999999,1,1,1.0
957,2,1021.88,378.56,515.62,694.1300000000001,1,1,1.0
958,1,-1.08,237.14,446.63,834.7500000000001,1,1,1.0
958,2,1010.62,365.44,516.7499999999999,707.25,1,1,1.0
959,1,-1.03,236.91,450.75,834.7500000000001,1,1,1.0
959,2,991.31,355.5,526.8800000000001,717.3800000000001,1,1,1.0
960,1,-0.66,233.67,455.25,838.5000000000001,1,1,1.0
960,2,960.47,345.0,549.75,728.6199999999999,1,1,1.0
961,1,-0.47,232.41,458.63000000000005,839.2500000000001,1,1,1.0
961,2,950.81,336.94,553.5,735.75,1,1,1.0
962,1,1.92,231.42,458.63,840.7500000000001,1,1,1.0
962,2,945.38,330.75,551.62,740.25,1,1,1.0
963,1,5.3,230.53,456.75,842.25,1,1,1.0
963,2,939.94,325.31,549.75,744.75,1,1,1.0
964,1,10.12,228.66,451.5,844.5000000000001,1,1,1.0
964,2,935.62,320.06,545.63,751.5,1,1,1.0
965,1,15.42,227.34,446.63,845.9999999999999,1,1,1.0
965,2,933.75,316.69,541.1300000000001,754.8699999999999,1,1,1.0
966,1,19.78,225.7,441.75,847.5,1,1,1.0
966,2,935.25,312.38,532.5,757.12,1,1,1.0
967,1,24.0,224.34,436.5,848.9999999999999,1,1,1.0
967,2,935.44,307.12,523.8699999999999,763.88,1,1,1.0
968,1,29.16,224.02,429.75,849.75,1,1,1.0
968,2,938.62,299.81,511.88,771.75,1,1,1.0
969,1,33.38,221.02,423.37,852.75,1,1,1.0
969,2,944.62,287.44,497.9999999999999,785.25,1,1,1.0
970,1,38.62,219.98,414.38,853.5,1,1,1.0
970,2,952.12,274.88,483.38,798.0000000000001,1,1,1.0
971,1,43.97,219.0,404.62,855.0,1,1,1.0
971,2,961.12,267.38,467.9999999999999,806.2399999999999,1,1,1.0
972,1,51.56,216.84,391.13,856.4999999999999,1,1,1.0
972,2,972.0,258.0,453.3800000000001,816.75,1,1,1.0
973,1,58.03,213.75,380.80999999999995,858.75,1,1,1.0
973,2,983.62,250.69,436.4999999999999,823.5,1,1,1.0
974,1,67.03,213.38,370.88,861.7399999999999,1,1,1.0
974,2,996.0,244.31,419.6199999999999,830.25,1,1,1.0
975,1,77.16,211.59,363.0,863.2499999999999,1,1,1.0
975,2,1008.94,238.88,403.1199999999999,836.2399999999999,1,1,1.0
976,1,87.84,211.69,333.38,861.75,1,1,1.0
976,2,1019.44,235.45,384.75,840.75,1,1,1.0
977,1,98.53,209.39,320.05999999999995,864.0000000000001,1,1,1.0
977,2,1031.91,229.88,364.6899999999998,846.0000000000001,1,1,1.0
978,1,109.22,208.45,306.94000000000005,866.25,1,1,1.0
978,2,1039.12,224.86,352.1200000000001,851.2499999999999,1,1,1.0
979,1,114.47,206.58,307.69000000000005,868.4999999999999,1,1,1.0
979,2,1041.75,221.77,342.0,853.5,1,1,1.0
980,1,118.78,205.17,299.05999999999995,870.0000000000001,1,1,1.0
980,2,1041.56,217.59,336.75,857.2499999999999,1,1,1.0
981,1,122.53,204.52,301.13,870.0,1,1,1.0
981,2,1040.16,216.56,330.1899999999998,859.5,1,1,1.0
982,1,126.28,203.25,291.75,870.75,1,1,1.0
982,2,1035.52,215.72,328.69000000000005,859.5,1,1,1.0
983,1,128.34,199.5,292.13,870.75,1,1,1.0
983,2,1031.81,212.91,325.30999999999995,863.2500000000001,1,1,1.0
984,1,131.62,197.62,290.07,872.2600000000001,1,1,1.0
984,2,1029.0,211.27,321.94000000000005,864.0,1,1,1.0
985,1,134.34,195.56,288.93999999999994,874.5,1,1,1.0
985,2,1022.2,204.56,321.19000000000005,869.25,1,1,1.0
986,1,139.73,194.25,301.5,876.0,1,1,1.0
986,2,1014.09,200.72,321.56000000000006,872.25,1,1,1.0
987,1,144.28,194.62,294.94000000000005,875.9999999999999,1,1,1.0
987,2,1005.28,195.38,326.25,878.2399999999999,1,1,1.0
988,1,148.12,194.53,285.76,876.0,1,1,1.0
988,2,995.06,189.19,333.0,884.25,1,1,1.0
989,1,147.75,193.5,270.37,877.5,1,1,1.0
989,2,985.88,183.09,339.37,891.7499999999999,1,1,1.0
990,1,148.22,192.28,265.87,879.0,1,1,1.0
990,2,976.97,175.59,343.8699999999999,898.4999999999999,1,1,1.0
991,1,147.75,192.09,259.69,878.9999999999999,1,1,1.0
991,2,970.97,171.56,349.5,901.5,1,1,1.0
992,1,146.81,191.62,256.69,878.9999999999999,1,1,1.0
992,2,965.06,168.09,354.0,901.4999999999999,1,1,1.0
993,1,147.28,191.81,258.94000000000005,879.0,1,1,1.0
993,2,961.59,164.16,356.63,903.0000000000001,1,1,1.0
994,1,147.38,192.19,259.68,878.25,1,1,1.0
994,2,958.5,161.06,358.1199999999999,906.75,1,1,1.0
995,1,147.75,192.19,261.19,878.25,1,1,1.0
995,2,955.88,157.31,360.0000000000001,909.75,1,1,1.0
996,1,147.56,191.81,260.44,879.0,1,1,1.0
996,2,953.91,157.97,361.5000000000001,909.75,1,1,1.0
997,1,148.22,191.91,258.55999999999995,879.0000000000001,1,1,1.0
997,2,951.66,156.09,362.2500000000001,908.2499999999999,1,1,1.0
998,1,147.84,192.28,258.57000000000005,879.0,1,1,1.0
998,2,951.84,155.81,361.4999999999999,909.75,1,1,1.0
999,1,147.84,192.28,260.25,879.0,1,1,1.0
999,2,952.22,154.41,361.1199999999999,912.0000000000001,1,1,1.0
1000,1,148.03,192.09,256.69000000000005,879.7499999999999,1,1,1.0
1000,2,952.41,153.19,360.7500000000001,912.0,1,1,1.0
1001,1,147.84,191.81,254.63000000000002,879.75,1,1,1.0
1001,2,956.16,151.59,356.81000000000006,913.4999999999999,1,1,1.0
1002,1,148.03,192.0,254.44000000000003,879.0,1,1,1.0
1002,2,960.09,150.38,352.68999999999994,913.5000000000001,1,1,1.0
1003,1,147.38,192.19,254.62,879.75,1,1,1.0
1003,2,966.75,145.97,346.8699999999999,915.0,1,1,1.0
1004,1,145.69,192.94,257.44,879.0,1,1,1.0
1004,2,975.19,139.88,337.8699999999999,904.5000000000001,1,1,1.0
1005,1,146.72,196.99,256.30999999999995,877.5,1,1,1.0
1005,2,998.25,132.66,318.0,912.0000000000001,1,1,1.0
1006,1,143.72,194.91,261.55999999999995,877.5000000000001,1,1,1.0
1006,2,1016.81,130.78,302.80999999999995,876.0,1,1,1.0
1007,1,142.12,195.84,264.76,875.9999999999999,1,1,1.0
1007,2,1042.08,128.06,278.6200000000001,861.0,1,1,1.0
1008,1,141.75,201.94,266.63,871.5,1,1,1.0
1008,2,1066.73,123.19,255.19000000000005,843.0,1,1,1.0
1009,1,139.03,202.69,271.69000000000005,870.75,1,1,1.0
1009,2,1085.91,122.16,234.3699999999999,831.0,1,1,1.0
1010,1,134.44,203.77,277.69,870.0,1,1,1.0
1010,2,1089.38,120.47,229.5,824.25,1,1,1.0
1011,1,128.81,204.47,291.38,870.0,1,1,1.0
1011,2,1092.09,119.16,223.5,821.25,1,1,1.0
1012,1,122.16,204.52,297.92999999999995,868.5,1,1,1.0
1012,2,1096.97,123.07,212.80999999999995,811.5,1,1,1.0
1013,1,114.38,205.36,306.93,866.9999999999999,1,1,1.0
1013,2,1099.22,123.19,207.0,799.5,1,1,1.0
1014,1,107.81,206.25,315.75,866.25,1,1,1.0
1014,2,1099.69,123.02,203.05999999999995,794.25,1,1,1.0
1015,1,100.41,207.98,319.5,864.0,1,1,1.0
1015,2,1097.77,122.46,201.55999999999995,793.5,1,1,1.0
1016,1,92.44,211.36,330.94,860.9999999999999,1,1,1.0
1016,2,1096.45,121.8,200.44000000000005,795.76,1,1,1.0
1017,1,86.16,215.02,343.87,857.25,1,1,1.0
1017,2,1092.61,116.72,204.19000000000005,801.0,1,1,1.0
1018,1,80.06,217.03,349.88,855.75,1,1,1.0
1018,2,1095.23,116.53,199.69000000000005,800.25,1,1,1.0
1019,1,73.31,219.47,356.81,854.25,1,1,1.0
1019,2,1098.89,115.22,193.87999999999988,803.25,1,1,1.0
1020,1,67.88,222.19,366.0,852.75,1,1,1.0
1020,2,1101.23,114.56,188.44000000000005,804.0,1,1,1.0
1021,1,63.19,226.12,376.5,848.9999999999999,1,1,1.0
1021,2,1102.97,113.34,185.16000000000008,804.75,1,1,1.0
1022,1,59.44,228.42,385.87,847.5000000000001,1,1,1.0
1022,2,1103.16,112.88,182.52999999999997,804.74,1,1,1.0
1023,1,55.41,231.98,403.5,843.0,1,1,1.0
1023,2,1101.42,112.88,181.40999999999985,804.74,1,1,1.0
1024,1,53.72,234.84,408.75,840.7499999999999,1,1,1.0
1024,2,1099.78,112.22,179.80999999999995,804.75,1,1,1.0
1025,1,51.19,237.8,409.5,838.5,1,1,1.0
1025,2,1098.0,110.53,179.25,804.0,1,1,1.0
1026,1,47.91,237.75,405.0,838.5,1,1,1.0
1026,2,1096.55,107.72,179.05999999999995,798.75,1,1,1.0
1027,1,43.78,237.33,406.88,838.4999999999999,1,1,1.0
1027,2,1092.61,106.45,181.22000000000003,765.75,1,1,1.0
1028,1,41.06,237.09,408.75,839.2499999999999,1,1,1.0
1028,2,1076.62,100.88,194.81000000000017,781.5,1,1,1.0
1029,1,39.75,237.52,409.5,838.5,1,1,1.0
1029,2,1058.62,102.42,208.31000000000017,763.13,1,1,1.0
1030,1,41.16,238.59,409.5,836.9999999999999,1,1,1.0
1030,2,1042.5,101.48,220.5,743.25,1,1,1.0
1031,1,40.88,239.67,410.62,835.5000000000001,1,1,1.0
1031,2,1024.69,102.33,234.3699999999999,739.87,1,1,1.0
1032,1,40.59,239.72,411.75,835.5,1,1,1.0
1032,2,1011.19,102.0,245.25,741.75,1,1,1.0
1033,1,39.66,241.5,416.25,834.75,1,1,1.0
1033,2,998.44,101.67,255.3699999999999,742.5,1,1,1.0
1034,1,39.75,241.88,417.37,834.7399999999999,1,1,1.0
1034,2,990.47,102.98,261.19000000000005,740.63,1,1,1.0
1035,1,39.75,242.62,421.13,833.9999999999999,1,1,1.0
1035,2,984.38,102.94,264.37,741.75,1,1,1.0
1036,1,38.81,242.06,427.5,834.75,1,1,1.0
1036,2,979.12,101.95,268.32000000000005,744.0,1,1,1.0
1037,1,37.78,241.31,439.88,834.75,1,1,1.0
1037,2,975.94,102.56,271.69000000000005,743.25,1,1,1.0
1038,1,38.25,240.56,453.37,834.75,1,1,1.0
1038,2,973.97,103.55,274.69000000000005,741.75,1,1,1.0
1039,1,38.44,240.19,471.75,836.25,1,1,1.0
1039,2,973.97,103.78,273.55999999999995,741.75,1,1,1.0
1040,1,38.44,239.81,499.86999999999995,837.75,1,1,1.0
1040,2,975.09,102.8,271.68999999999994,743.25,1,1,1.0
1041,1,37.88,238.69,541.5,840.0,1,1,1.0
1041,2,976.88,100.69,267.56000000000006,745.5,1,1,1.0
1042,1,39.09,240.61,560.63,834.7499999999999,1,1,1.0
1042,2,978.66,94.97,264.17999999999995,749.62,1,1,1.0
1043,1,37.78,239.91,573.75,835.5000000000001,1,1,1.0
1043,2,982.88,89.11,258.17999999999995,754.5,1,1,1.0
1044,1,35.67,239.39,563.63,834.7500000000001,1,1,1.0
1044,2,987.19,83.91,252.19000000000005,750.37,1,1,1.0
1045,1,36.28,239.91,555.75,834.7500000000001,1,1,1.0
1045,2,992.16,82.59,245.2500000000001,727.88,1,1,1.0
1046,1,36.38,241.69,538.87,831.75,1,1,1.0
1046,2,997.12,81.94,236.63,698.25,1,1,1.0
1047,1,36.05,242.3,515.25,831.0,1,1,1.0
1047,2,1003.59,76.69,227.9999999999999,671.6199999999999,1,1,1.0
1048,1,36.05,243.38,497.99999999999994,829.5000000000001,1,1,1.0
1048,2,1009.97,75.0,218.44000000000005,649.5,1,1,1.0
1049,1,36.75,242.25,487.13,831.0,1,1,1.0
1049,2,1013.72,73.59,210.75,647.25,1,1,1.0
1050,1,38.91,238.88,474.0,834.7399999999999,1,1,1.0
1050,2,1018.31,71.34,201.94000000000005,651.38,1,1,1.0
1051,1,41.91,238.31,466.5,835.5,1,1,1.0
1051,2,1021.22,70.22,195.75,652.5,1,1,1.0
1052,1,45.19,241.78,463.12,831.75,1,1,1.0
1052,2,1022.34,68.25,189.93999999999994,652.5,1,1,1.0
1053,1,48.7,243.56,467.25000000000006,830.25,1,1,1.0
1053,2,1021.78,69.14,186.0,650.25,1,1,1.0
1054,1,56.95,242.72,471.00000000000006,831.75,1,1,1.0
1054,2,1019.91,71.95,181.68999999999994,645.0,1,1,1.0
1055,1,61.17,242.91,476.62999999999994,830.2500000000001,1,1,1.0
1055,2,1015.12,73.97,179.06000000000006,642.0,1,1,1.0
1056,1,63.56,240.38,437.63,836.2399999999999,1,1,1.0
1056,2,1011.7,72.89,177.94000000000005,644.25,1,1,1.0
1057,1,68.34,244.17,458.63,828.7500000000001,1,1,1.0
1057,2,1007.67,68.58,177.09000000000003,646.5,1,1,1.0
1058,1,73.22,242.72,425.62,831.0,1,1,1.0
1058,2,1003.03,65.44,177.08999999999992,647.25,1,1,1.0
1059,1,77.72,239.3,382.30999999999995,835.5,1,1,1.0
1059,2,997.31,63.42,177.10000000000014,638.63,1,1,1.0
1060,1,84.75,238.36,353.06,835.4999999999999,1,1,1.0
1060,2,989.16,60.56,182.5300000000001,628.8800000000001,1,1,1.0
1061,1,89.62,236.3,347.26,838.5,1,1,1.0
1061,2,983.6,58.5,184.4999999999999,612.38,1,1,1.0
1062,1,94.12,234.66,343.5,840.0000000000001,1,1,1.0
1062,2,976.48,53.91,186.47000000000003,597.37,1,1,1.0
1063,1,99.38,232.69,337.12,842.25,1,1,1.0
1063,2,967.45,50.11,189.0,583.87,1,1,1.0
1064,1,104.25,230.72,330.56,844.5,1,1,1.0
1064,2,957.49,48.84,196.5,577.88,1,1,1.0
1065,1,109.97,226.73,322.30999999999995,848.25,1,1,1.0
1065,2,948.0,47.06,204.75,579.0,1,1,1.0
1066,1,115.88,223.22,311.43,852.0,1,1,1.0
1066,2,940.17,44.53,213.56000000000006,582.0,1,1,1.0
1067,1,121.97,218.81,301.12,856.5,1,1,1.0
1067,2,931.31,43.45,223.1300000000001,583.88,1,1,1.0
1068,1,127.03,214.45,292.13,861.75,1,1,1.0
1068,2,922.88,42.23,233.42999999999995,582.0,1,1,1.0
1069,1,130.41,211.92,284.06000000000006,864.0000000000001,1,1,1.0
1069,2,915.84,40.78,240.38,582.75,1,1,1.0
1070,1,133.31,208.55,280.5,867.0,1,1,1.0
1070,2,908.25,45.02,246.55999999999995,577.5,1,1,1.0
1071,1,136.41,206.48,279.0,870.0,1,1,1.0
1071,2,902.25,46.01,249.94000000000005,576.75,1,1,1.0
1072,1,138.75,205.64,277.69,870.0000000000001,1,1,1.0
1072,2,895.5,45.56,253.5,577.5,1,1,1.0
1073,1,140.72,203.77,278.62,871.5,1,1,1.0
1073,2,888.66,45.77,255.37,577.5,1,1,1.0
1074,1,142.78,203.2,278.63,872.25,1,1,1.0
1074,2,882.28,45.77,256.8800000000001,574.88,1,1,1.0
1075,1,144.56,203.16,282.56,871.5000000000001,1,1,1.0
1075,2,879.33,41.62,251.06000000000006,575.26,1,1,1.0
1076,1,148.31,202.97,288.38,871.5,1,1,1.0
1076,2,877.22,37.88,244.69000000000005,564.74,1,1,1.0
1077,1,149.39,201.75,291.38,872.25,1,1,1.0
1077,2,876.0,33.09,234.3800000000001,561.75,1,1,1.0
1078,1,150.52,199.45,292.5,874.5,1,1,1.0
1078,2,882.23,31.03,212.62999999999988,552.38,1,1,1.0
1079,1,151.64,197.58,291.75,876.7499999999999,1,1,1.0
1079,2,887.86,28.27,189.93999999999994,542.62,1,1,1.0
1080,1,152.11,194.7,291.0,879.74,1,1,1.0
1080,2,894.87,27.56,166.87,528.3800000000001,1,1,1.0
1081,1,152.25,192.54,291.0,882.0,1,1,1.0
1081,2,903.35,25.31,144.7499999999999,525.75,1,1,1.0
1082,1,151.45,192.0,292.13,882.75,1,1,1.0
1082,2,907.69,24.0,137.05999999999995,525.0,1,1,1.0
1083,1,149.39,191.04,294.94,884.25,1,1,1.0
1083,2,905.48,24.38,135.28999999999996,526.5,1,1,1.0
1084,1,148.22,189.19,295.12,886.5,1,1,1.0
1084,2,900.42,22.08,135.65999999999997,527.25,1,1,1.0
1085,1,145.12,189.38,297.38,882.0000000000001,1,1,1.0
1085,2,894.23,24.75,138.8499999999999,522.0,1,1,1.0
1086,1,138.84,188.25,300.38,883.5,1,1,1.0
1086,2,887.72,25.59,142.58999999999992,518.63,1,1,1.0
1087,1,133.22,187.88,302.80999999999995,885.0000000000001,1,1,1.0
1087,2,875.77,25.92,153.27999999999997,518.63,1,1,1.0
1088,1,127.41,187.97,303.92999999999995,885.0,1,1,1.0
1088,2,866.86,26.3,161.62,517.87,1,1,1.0
1089,1,121.59,187.31,304.5,886.5,1,1,1.0
1089,2,864.8,28.12,161.80999999999995,514.5,1,1,1.0
1090,1,118.03,190.62,301.5,884.9999999999999,1,1,1.0
1090,2,860.06,28.41,166.1300000000001,514.5,1,1,1.0
1091,1,115.59,192.35,295.5,882.7499999999999,1,1,1.0
1091,2,853.97,29.06,171.55999999999995,513.75,1,1,1.0
1092,1,112.59,193.48,293.07000000000005,881.25,1,1,1.0
1092,2,846.33,29.02,177.64999999999998,506.62,1,1,1.0
1093,1,109.97,194.27,297.37,879.0,1,1,1.0
1093,2,838.17,29.48,182.72000000000003,494.63,1,1,1.0
1094,1,106.41,194.48,302.42999999999995,878.25,1,1,1.0
1094,2,828.61,26.91,185.15999999999997,491.61999999999995,1,1,1.0
1095,1,101.81,195.05,310.13,878.25,1,1,1.0
1095,2,821.44,27.52,181.1199999999999,479.62,1,1,1.0
1096,1,98.53,194.6,314.44000000000005,878.2499999999999,1,1,1.0
1096,2,816.98,26.67,175.78999999999996,476.63,1,1,1.0
1097,1,96.75,195.54,316.87,877.5,1,1,1.0
1097,2,810.38,25.36,171.84000000000003,478.5,1,1,1.0
1098,1,93.75,196.73,321.94,876.0,1,1,1.0
1098,2,803.25,25.97,160.5,475.12,1,1,1.0
1099,1,87.84,197.7,329.63,874.5,1,1,1.0
1099,2,797.25,25.59,139.97000000000003,476.63000000000005,1,1,1.0
1100,1,78.75,197.04,338.63,874.5,1,1,1.0
1100,2,789.75,24.52,141.55999999999995,480.75,1,1,1.0
1101,1,67.31,195.77,349.88,876.0,1,1,1.0
1101,2,786.19,23.58,145.5,478.87,1,1,1.0
1102,1,57.38,197.46,360.74,874.5,1,1,1.0
1102,2,782.58,23.77,151.12,480.0,1,1,1.0
1103,1,49.55,201.19,368.25,870.75,1,1,1.0
1103,2,768.66,22.36,165.93000000000006,481.87,1,1,1.0
1104,1,43.17,203.72,377.25,868.5,1,1,1.0
1104,2,743.44,22.12,190.1199999999999,481.13,1,1,1.0
1105,1,36.0,208.08,385.5,864.7499999999999,1,1,1.0
1105,2,738.28,22.88,196.31000000000006,479.62,1,1,1.0
1106,1,28.17,215.44,393.75,858.75,1,1,1.0
1106,2,744.05,33.05,189.2800000000001,469.5,1,1,1.0
1107,1,19.22,223.22,404.62,852.75,1,1,1.0
1107,2,695.67,43.92,239.06000000000006,457.13,1,1,1.0
1108,1,9.56,228.84,418.5,847.4999999999999,1,1,1.0
1108,2,688.97,46.97,244.30999999999995,450.75,1,1,1.0
1109,1,4.17,238.03,434.63,839.25,1,1,1.0
1109,2,689.16,43.27,238.5,450.75,1,1,1.0
1110,1,1.64,250.22,446.63,824.25,1,1,1.0
1110,2,691.12,38.86,223.13,457.5,1,1,1.0
1111,1,0.61,261.66,456.75,811.5,1,1,1.0
1111,2,690.89,36.8,196.31000000000006,450.0,1,1,1.0
1112,1,-0.05,272.06,463.13,800.25,1,1,1.0
1112,2,691.55,19.31,178.69000000000005,465.0,1,1,1.0
1113,1,-2.02,279.33,468.75,794.25,1,1,1.0
1113,2,693.47,27.14,156.93999999999994,457.5,1,1,1.0
1114,1,-1.45,286.41,471.75,788.25,1,1,1.0
1114,2,683.2,27.75,142.02999999999997,457.5,1,1,1.0
1115,1,0.66,296.16,469.5,777.0,1,1,1.0
1115,2,677.91,27.19,126.56000000000006,459.37,1,1,1.0
1116,1,1.73,300.19,472.5,773.25,1,1,1.0
1116,2,669.47,31.31,126.55999999999995,457.5,1,1,1.0
1117,1,-1.78,301.78,487.11999999999995,775.5,1,1,1.0
1117,2,673.27,44.18,121.68000000000006,440.62,1,1,1.0
1118,1,-1.97,308.25,487.13000000000005,767.6300000000001,1,1,1.0
1118,2,667.12,38.25,127.13,447.0,1,1,1.0
1119,1,-2.53,316.08,478.11999999999995,759.3700000000001,1,1,1.0
1119,2,666.56,50.44,128.6300000000001,438.0,1,1,1.0
1120,1,-3.47,322.31,468.75,751.5,1,1,1.0
1121,1,-3.47,330.56,455.63000000000005,743.25,1,1,1.0
1122,1,1.41,339.47,434.61999999999995,735.3699999999999,1,1,1.0
1123,1,1.08,348.09,419.62,726.75,1,1,1.0
1124,1,1.22,350.72,404.61999999999995,724.1199999999999,1,1,1.0
1125,1,2.16,346.59,385.5,730.5,1,1,1.0
1126,1,-3.19,340.69,386.25,733.5,1,1,1.0
1127,1,-3.19,347.06,374.63,727.5,1,1,1.0
1128,1,-3.66,312.19,366.57000000000005,763.8699999999999,1,1,1.0
1129,1,1.78,372.66,350.44000000000005,708.3699999999999,1,1,1.0
1130,1,1.5,382.03,343.88,699.75,1,1,1.0
1131,1,1.59,384.19,338.63000000000005,696.75,1,1,1.0
1132,1,0.94,393.28,334.31,688.1300000000001,1,1,1.0
1133,1,1.22,399.28,330.55999999999995,681.3800000000001,1,1,1.0
1134,1,1.59,399.94,326.82000000000005,679.1199999999999,1,1,1.0
1135,1,1.41,401.02,323.81,675.75,1,1,1.0
1136,1,1.12,396.09,321.57,676.8800000000001,1,1,1.0
1137,1,1.31,401.77,319.13,671.6200000000001,1,1,1.0
1138,1,1.12,397.41,317.63,674.6199999999999,1,1,1.0
1139,1,0.94,398.25,315.37,673.8699999999999,1,1,1.0
1140,1,0.66,396.75,312.36999999999995,675.75,1,1,1.0
1141,1,0.47,356.44,308.05999999999995,719.6199999999999,1,1,1.0
1142,1,0.75,327.28,301.5,749.6300000000001,1,1,1.0
1143,1,0.75,324.75,293.44,753.3699999999999,1,1,1.0
1144,1,1.31,128.72,288.75,944.25,1,1,1.0
1145,1,1.08,95.95,279.56,977.25,1,1,1.0
1146,1,0.84,81.09,272.25,991.4999999999999,1,1,1.0
1147,1,0.84,30.75,258.94,1030.5,1,1,1.0
1205,1,0.66,331.59,245.81,744.0,1,1,1.0
1206,1,0.7,326.06,246.0,749.6300000000001,1,1,1.0
1207,1,0.75,319.88,245.44,756.0000000000001,1,1,1.0
1208,1,0.56,324.75,245.44,751.5,1,1,1.0
1209,1,0.56,317.34,245.81,758.25,1,1,1.0
1210,1,0.66,328.59,248.06,748.1300000000001,1,1,1.0
1211,1,0.66,327.47,250.68,748.5,1,1,1.0
1212,1,0.52,334.5,253.11999999999998,740.6199999999999,1,1,1.0
1213,1,0.52,336.28,255.17999999999998,739.5,1,1,1.0
1214,1,0.66,333.84,255.36999999999998,741.75,1,1,1.0
1215,1,0.7,318.0,253.88000000000002,757.5,1,1,1.0
1216,1,0.66,314.53,253.5,760.8800000000001,1,1,1.0
1217,1,0.84,295.69,252.38,778.5,1,1,1.0
1218,1,0.8,295.41,252.92999999999998,778.5,1,1,1.0
1219,1,0.8,295.5,253.11999999999998,778.5,1,1,1.0
1220,1,0.75,291.89,253.5,781.5000000000001,1,1,1.0
1221,1,0.84,274.83,253.13,796.5,1,1,1.0
1222,1,0.75,297.56,252.94,776.25,1,1,1.0
1223,1,0.8,298.22,252.36999999999998,775.5,1,1,1.0
1224,1,0.75,290.06,250.69,783.75,1,1,1.0
1225,1,0.7,300.28,249.57000000000002,774.0,1,1,1.0
1226,1,0.7,321.84,249.38000000000002,753.3800000000001,1,1,1.0
1227,1,0.66,307.88,248.81,766.87,1,1,1.0
1228,1,0.7,293.25,246.94,780.75,1,1,1.0
1229,1,0.89,282.23,245.81,791.25,1,1,1.0
1230,1,0.84,279.23,244.88,794.25,1,1,1.0
1231,1,0.94,275.48,244.31,797.25,1,1,1.0
1232,1,0.94,292.22,245.25,782.25,1,1,1.0
1233,1,0.7,295.5,246.57000000000002,778.5,1,1,1.0
1234,1,0.8,306.47,249.36999999999998,768.0,1,1,1.0
1235,1,0.75,314.53,249.94,760.1300000000001,1,1,1.0
1236,1,0.89,304.31,249.94000000000003,769.5,1,1,1.0
1237,1,0.89,297.66,249.0,777.0,1,1,1.0
1238,1,0.75,291.38,249.94,783.0000000000001,1,1,1.0
1239,1,0.8,298.22,252.36999999999998,776.25,1,1,1.0
1240,1,0.61,313.41,255.19,760.8699999999999,1,1,1.0
1241,1,0.47,325.69,257.44,748.5,1,1,1.0
1242,1,0.75,297.38,257.63,776.2399999999999,1,1,1.0
1243,1,0.8,298.5,256.87,775.5,1,1,1.0
1244,1,0.84,291.05,255.93999999999997,783.0,1,1,1.0
1245,1,1.03,264.61,254.44,806.9999999999999,1,1,1.0
1246,1,0.98,266.95,255.19000000000003,804.75,1,1,1.0
1247,1,1.03,272.62,255.94000000000003,799.4999999999999,1,1,1.0
1248,1,0.98,280.88,259.13,792.0000000000001,1,1,1.0
1249,1,0.75,301.12,259.69,773.9999999999999,1,1,1.0
1250,1,0.84,297.75,259.88000000000005,777.0,1,1,1.0
1251,1,0.84,292.83,259.69,782.25,1,1,1.0
1252,1,1.08,278.16,258.94,795.75,1,1,1.0
1253,1,0.89,281.86,259.69,791.9999999999999,1,1,1.0
1254,1,0.75,293.16,262.5,781.5,1,1,1.0
1255,1,0.52,139.41,264.18,931.5000000000001,1,1,1.0
1256,1,0.94,272.72,262.5,800.25,1,1,1.0
1257,1,0.66,138.56,265.11999999999995,931.5,1,1,1.0
1258,1,0.89,271.45,261.56,801.0,1,1,1.0
1259,1,0.56,141.94,261.94,929.25,1,1,1.0
1260,1,0.89,260.67,261.56,811.5,1,1,1.0
1261,1,0.94,282.05,262.69,792.0,1,1,1.0
1262,1,0.7,289.69,264.38,785.25,1,1,1.0
1263,1,0.61,290.02,265.87,784.5,1,1,1.0
1264,1,0.52,290.86,265.87,783.7499999999999,1,1,1.0
1265,1,0.61,278.16,264.75,796.5,1,1,1.0
1266,1,0.94,270.42,262.69,803.25,1,1,1.0
1267,1,0.89,260.72,260.81,811.5,1,1,1.0
1268,1,1.08,261.52,258.56,811.5,1,1,1.0
1269,1,1.08,265.22,260.44,807.0,1,1,1.0
1270,1,0.84,272.39,262.5,800.2500000000001,1,1,1.0
1271,1,0.94,268.55,262.69,804.0,1,1,1.0
1272,1,1.03,273.05,262.69000000000005,799.5,1,1,1.0
1273,1,0.8,290.11,262.5,783.7499999999999,1,1,1.0
1274,1,1.03,275.39,261.19000000000005,797.2500000000001,1,1,1.0
1275,1,0.94,283.03,261.19,790.5,1,1,1.0
1276,1,0.75,141.56,264.19,927.75,1,1,1.0
1277,1,0.7,129.75,265.13,939.75,1,1,1.0
1278,1,0.52,125.53,265.31,944.25,1,1,1.0
1279,1,0.61,141.94,265.12,927.75,1,1,1.0
1280,1,0.61,139.12,265.31,931.4999999999999,1,1,1.0
1281,1,0.94,264.75,263.06,807.75,1,1,1.0
1282,1,0.98,264.0,263.44,807.75,1,1,1.0
1283,1,0.84,266.86,263.82000000000005,804.7499999999999,1,1,1.0
1284,1,0.89,259.88,263.44,811.5000000000001,1,1,1.0
1285,1,0.66,141.84,264.17999999999995,929.2499999999999,1,1,1.0
1286,1,0.75,146.44,262.69,924.0,1,1,1.0
1287,1,0.61,137.91,263.06,933.0000000000001,1,1,1.0
1288,1,0.61,139.5,264.19,931.5,1,1,1.0
1289,1,0.47,139.78,264.75,931.5,1,1,1.0
1290,1,0.61,123.19,265.31,948.0,1,1,1.0
1291,1,0.38,125.16,265.87,946.5000000000001,1,1,1.0
1292,1,0.56,116.16,265.31,954.7500000000001,1,1,1.0
1293,1,0.47,121.03,265.30999999999995,949.5,1,1,1.0
1294,1,0.52,130.12,264.75,939.7600000000001,1,1,1.0
1295,1,0.98,261.42,262.5,811.5,1,1,1.0
1296,1,0.94,276.47,263.06,797.25,1,1,1.0
1297,1,0.7,279.8,263.82,794.25,1,1,1.0
1298,1,0.75,280.36,263.44,793.4999999999999,1,1,1.0
1299,1,0.8,271.92,263.81,801.0,1,1,1.0
1300,1,0.75,270.0,263.81,803.25,1,1,1.0
1301,1,0.94,261.38,263.06,811.5000000000001,1,1,1.0
1302,1,0.84,281.02,262.5,792.75,1,1,1.0
1303,1,0.89,281.34,262.69,792.75,1,1,1.0
1304,1,0.8,289.31,263.43,785.25,1,1,1.0
1305,1,0.8,294.94,264.37,780.75,1,1,1.0
1306,1,0.66,318.75,265.11999999999995,757.1300000000001,1,1,1.0
1307,1,0.7,312.56,265.13,763.1300000000001,1,1,1.0
1308,1,0.61,304.41,264.75,771.0,1,1,1.0
1309,1,0.66,294.84,263.81,779.25,1,1,1.0
1310,1,0.66,284.06,263.81,789.75,1,1,1.0
1311,1,0.8,285.0,264.75,789.0,1,1,1.0
1312,1,0.61,268.12,266.44,804.7600000000001,1,1,1.0
1313,1,0.56,282.23,267.0,792.75,1,1,1.0
1314,1,0.61,289.03,267.56,786.0,1,1,1.0
1315,1,0.66,302.44,268.11999999999995,774.0,1,1,1.0
1316,1,0.7,327.94,268.32,748.5,1,1,1.0
1317,1,0.61,334.12,269.25,742.4999999999999,1,1,1.0
1318,1,0.66,335.53,269.61999999999995,741.75,1,1,1.0
1319,1,0.7,334.41,269.25,743.25,1,1,1.0
1320,1,0.7,340.59,269.25,736.8800000000001,1,1,1.0
1321,1,0.66,360.47,269.06,717.0,1,1,1.0
1322,1,0.7,350.62,269.25,727.4999999999999,1,1,1.0
1323,1,0.56,351.28,269.63,726.75,1,1,1.0
1324,1,0.66,356.91,269.06,720.75,1,1,1.0
1325,1,0.75,351.66,268.31,726.75,1,1,1.0
1326,1,0.66,343.69,268.11999999999995,734.6199999999999,1,1,1.0
1327,1,0.66,343.41,267.36999999999995,734.6199999999999,1,1,1.0
1328,1,0.75,353.44,267.0,724.1199999999999,1,1,1.0
1329,1,0.7,347.81,267.0,729.75,1,1,1.0
1330,1,0.84,356.34,266.63000000000005,720.75,1,1,1.0
1331,1,0.89,354.38,266.44,723.37,1,1,1.0
1332,1,0.94,358.31,266.44,719.6300000000001,1,1,1.0
1333,1,0.8,340.41,266.06,736.8699999999999,1,1,1.0
1334,1,0.7,322.88,267.0,754.5000000000001,1,1,1.0
1335,1,0.66,318.56,266.42999999999995,758.25,1,1,1.0
1336,1,0.89,327.38,264.75,749.62,1,1,1.0
1337,1,0.8,305.16,264.18,771.0,1,1,1.0
1338,1,0.84,296.34,264.75,779.25,1,1,1.0
1339,1,0.61,262.59,265.87,811.5,1,1,1.0
1340,1,0.47,145.69,268.30999999999995,926.25,1,1,1.0
1341,1,0.38,125.72,268.12,946.5,1,1,1.0
1342,1,0.52,136.97,267.56,934.5,1,1,1.0
1343,1,0.47,118.03,267.0,953.25,1,1,1.0
1344,1,0.56,118.69,265.31,953.25,1,1,1.0
1345,1,0.89,267.19,261.94,806.25,1,1,1.0
1346,1,0.94,256.92,261.94,815.25,1,1,1.0
1347,1,0.98,257.44,262.13,814.5,1,1,1.0
1348,1,1.03,257.86,262.13000000000005,814.4999999999999,1,1,1.0
1349,1,0.94,261.19,262.5,811.5,1,1,1.0
1350,1,0.61,139.59,265.12,931.4999999999999,1,1,1.0
1351,1,0.89,262.97,262.5,809.25,1,1,1.0
1352,1,0.98,263.81,262.5,808.5,1,1,1.0
1353,1,0.98,273.05,262.5,800.25,1,1,1.0
1354,1,0.94,277.97,262.5,795.75,1,1,1.0
1355,1,1.08,271.83,262.12,801.75,1,1,1.0
1356,1,1.03,274.08,262.13000000000005,799.5,1,1,1.0
1357,1,0.94,136.5,264.37,934.5,1,1,1.0
1358,1,0.7,134.25,264.75,936.75,1,1,1.0
1359,1,0.75,141.28,264.75,929.25,1,1,1.0
1360,1,1.03,265.83,262.5,807.0,1,1,1.0
1361,1,1.08,264.05,262.69,808.5,1,1,1.0
1362,1,1.08,262.12,262.12,810.7600000000001,1,1,1.0
1363,1,0.94,268.83,262.12,804.0,1,1,1.0
1364,1,0.89,273.0,261.94,800.25,1,1,1.0
1365,1,0.98,271.69,261.57,801.75,1,1,1.0
1366,1,0.98,269.3,261.94,804.0,1,1,1.0
1367,1,0.89,260.3,262.5,811.5,1,1,1.0
1368,1,1.03,267.94,262.5,804.75,1,1,1.0
1369,1,1.08,268.36,262.69,804.7499999999999,1,1,1.0
1370,1,0.75,134.53,264.37,936.75,1,1,1.0
1371,1,0.8,143.16,264.18,927.7500000000001,1,1,1.0
1372,1,0.8,139.88,264.37,931.5000000000001,1,1,1.0
1373,1,0.8,141.94,264.37,929.25,1,1,1.0
1374,1,0.7,139.22,264.75,933.0,1,1,1.0
1375,1,0.89,269.34,262.5,804.0,1,1,1.0
1376,1,1.03,266.58,263.81,807.0,1,1,1.0
1377,1,0.84,269.95,265.13000000000005,804.0,1,1,1.0
1378,1,0.89,274.45,264.75,799.5,1,1,1.0
1379,1,0.89,269.91,264.75,804.0,1,1,1.0
1380,1,0.94,270.94,264.19,803.25,1,1,1.0
1381,1,0.8,273.28,267.0,801.0,1,1,1.0
1382,1,0.94,273.8,267.56,800.25,1,1,1.0
1383,1,0.75,277.5,268.31,797.25,1,1,1.0
1384,1,0.66,270.98,268.11999999999995,804.0,1,1,1.0
1385,1,0.19,312.56,269.06,764.25,1,1,1.0
1386,1,0.05,322.31,270.37,754.5,1,1,1.0
1387,1,0.19,333.47,270.37,743.25,1,1,1.0
1388,1,0.14,349.12,270.38,727.4999999999999,1,1,1.0
1389,1,0.23,350.44,269.25,726.75,1,1,1.0
1390,1,0.56,354.09,267.56,722.6300000000001,1,1,1.0
1391,1,0.94,369.28,266.62,706.8800000000001,1,1,1.0
1392,1,0.98,378.38,267.0,696.37,1,1,1.0
1393,1,1.36,384.28,266.06,690.0,1,1,1.0
1394,1,1.36,387.0,266.06,687.0,1,1,1.0
1395,1,1.31,389.91,266.06,684.3699999999999,1,1,1.0
1396,1,1.41,389.81,265.31,684.3800000000001,1,1,1.0
1397,1,1.27,389.53,264.75,685.1300000000001,1,1,1.0
1398,1,1.36,388.59,264.19,686.25,1,1,1.0
1399,1,1.36,389.81,263.81,685.1300000000001,1,1,1.0
1400,1,1.36,393.09,263.44,680.6300000000001,1,1,1.0
1401,1,1.36,392.44,262.12,682.1199999999999,1,1,1.0
1402,1,1.5,391.97,260.81,682.8699999999999,1,1,1.0
1403,1,1.36,391.12,258.56,683.9999999999999,1,1,1.0
1404,1,1.59,392.25,255.38000000000002,682.8699999999999,1,1,1.0
1405,1,1.64,388.03,252.19000000000003,687.3800000000001,1,1,1.0
1406,1,1.69,380.44,249.56,696.3699999999999,1,1,1.0
1407,1,1.36,371.16,247.69,706.8699999999999,1,1,1.0
1408,1,1.5,383.81,245.44,693.0,1,1,1.0
1409,1,0.75,339.75,244.31,738.3699999999999,1,1,1.0
1410,1,0.23,94.97,246.57000000000002,975.0,1,1,1.0
1411,1,0.05,130.12,243.56,939.7600000000001,1,1,1.0
1412,1,-0.09,129.47,238.5,939.75,1,1,1.0
1413,1,0.0,108.75,234.19,960.0,1,1,1.0
1414,1,-0.05,89.16,230.07000000000002,978.7500000000001,1,1,1.0
1415,1,-0.05,91.55,227.44,977.25,1,1,1.0
1416,1,-0.14,20.44,224.44,1045.5,1,1,1.0
1417,1,-0.47,72.33,220.88,997.4999999999999,1,1,1.0
1418,1,-0.38,77.86,217.88,991.4999999999999,1,1,1.0
1419,1,-0.05,84.8,214.13000000000002,984.0,1,1,1.0
1420,1,0.09,95.39,210.19,975.0000000000001,1,1,1.0
1421,1,-0.14,76.55,207.36999999999998,993.0,1,1,1.0
1422,1,0.0,81.0,203.06,989.25,1,1,1.0
1423,1,-0.19,75.09,199.88,995.2499999999999,1,1,1.0
1424,1,-0.38,65.02,196.88,1004.25,1,1,1.0
1425,1,-0.47,55.92,194.25,1014.0000000000001,1,1,1.0
1426,1,0.61,69.09,187.97,1004.2499999999999,1,1,1.0
1427,1,0.7,65.77,184.41000000000003,1006.5,1,1,1.0
1428,1,0.84,74.2,181.69,997.5,1,1,1.0
1429,1,0.61,61.83,180.83999999999997,1009.4999999999999,1,1,1.0
1430,1,0.75,69.98,179.81,1001.25,1,1,1.0
1431,1,0.75,96.38,179.06,975.0000000000001,1,1,1.0
1432,1,0.89,88.55,179.53,982.5,1,1,1.0
1433,1,0.94,92.81,178.69,977.25,1,1,1.0
1434,1,0.89,83.34,179.53,987.7499999999999,1,1,1.0
1435,1,0.7,73.92,180.10000000000002,997.5000000000001,1,1,1.0
1436,1,0.84,91.5,179.25,978.75,1,1,1.0
1437,1,0.75,83.25,177.94,987.75,1,1,1.0
1438,1,0.84,78.14,178.69,993.0000000000001,1,1,1.0
1439,1,0.75,74.77,180.37,997.5,1,1,1.0
1440,1,0.75,77.77,182.25,993.0,1,1,1.0
1441,1,0.94,84.84,183.56,986.2499999999999,1,1,1.0
1442,1,0.8,91.27,182.72,978.75,1,1,1.0
1443,1,0.84,86.81,181.69,984.0,1,1,1.0
1444,1,0.61,83.72,181.22,987.75,1,1,1.0
1445,1,0.52,78.14,181.20999999999998,993.0000000000001,1,1,1.0
1446,1,0.66,78.23,181.68,993.0,1,1,1.0
1447,1,0.75,78.23,181.69,993.0,1,1,1.0
1448,1,0.7,77.72,182.53,993.0,1,1,1.0
1449,1,0.8,75.61,182.72,995.2499999999999,1,1,1.0
1450,1,0.8,70.41,182.72,1001.2500000000001,1,1,1.0
1451,1,0.61,70.12,182.52999999999997,1001.2600000000001,1,1,1.0
1452,1,0.84,69.56,182.25,1001.25,1,1,1.0
1453,1,0.8,76.55,182.72,993.0,1,1,1.0
1454,1,0.7,78.19,181.22,993.0,1,1,1.0
1455,1,0.61,78.09,180.83999999999997,992.9999999999999,1,1,1.0
1456,1,0.61,83.39,180.83999999999997,987.7500000000001,1,1,1.0
1457,1,0.61,76.64,180.83999999999997,995.2500000000001,1,1,1.0
1458,1,0.7,76.78,180.85000000000002,995.25,1,1,1.0
1459,1,0.84,77.58,179.07,992.9999999999999,1,1,1.0
1460,1,0.8,79.31,178.22,991.5,1,1,1.0
1461,1,0.75,70.31,177.37,1001.25,1,1,1.0
1462,1,0.89,83.11,176.53,987.7499999999999,1,1,1.0
1463,1,0.89,75.8,178.22000000000003,995.25,1,1,1.0
1464,1,0.89,78.33,177.09,991.4999999999999,1,1,1.0
1465,1,0.56,67.08,176.06,1004.2499999999999,1,1,1.0
1466,1,0.61,71.02,176.33999999999997,1001.25,1,1,1.0
1467,1,0.7,74.02,177.10000000000002,997.5,1,1,1.0
1468,1,1.08,68.77,176.33999999999997,1002.75,1,1,1.0
1469,1,0.89,67.97,176.34,1002.75,1,1,1.0
1470,1,0.84,65.06,176.07,1006.5,1,1,1.0
1471,1,0.89,64.78,175.78,1006.5,1,1,1.0
1472,1,0.61,61.83,176.33999999999997,1009.4999999999999,1,1,1.0
1473,1,0.98,68.3,176.54000000000002,1002.75,1,1,1.0
1474,1,0.89,72.8,177.09,999.0,1,1,1.0
1475,1,0.89,82.45,176.34,987.75,1,1,1.0
1476,1,0.89,79.31,177.66000000000003,991.5,1,1,1.0
1477,1,0.84,81.61,177.38,989.2499999999999,1,1,1.0
1478,1,0.75,81.38,179.25,989.2399999999999,1,1,1.0
1479,1,0.7,78.33,178.22,992.9999999999999,1,1,1.0
1480,1,0.8,78.19,178.22,993.0,1,1,1.0
1481,1,0.75,68.95,179.06,1002.75,1,1,1.0
1482,1,0.75,73.88,178.69,997.5000000000001,1,1,1.0
1483,1,0.84,82.17,178.69,989.2500000000001,1,1,1.0
1484,1,0.89,84.94,178.41000000000003,986.25,1,1,1.0
1485,1,0.75,80.34,179.06,991.4999999999999,1,1,1.0
1486,1,0.75,92.34,179.25,978.7499999999999,1,1,1.0
1487,1,0.89,98.3,178.41000000000003,972.75,1,1,1.0
1488,1,0.8,93.05,177.08999999999997,978.75,1,1,1.0
1489,1,0.7,84.0,177.10000000000002,987.75,1,1,1.0
1490,1,0.7,82.22,175.78,989.25,1,1,1.0
1491,1,0.8,65.48,175.22,1006.5,1,1,1.0
1492,1,0.75,68.67,174.56,1002.7500000000001,1,1,1.0
1493,1,0.75,60.75,174.19,1009.5,1,1,1.0
1494,1,0.98,60.98,175.79000000000002,1009.5,1,1,1.0
1495,1,0.89,57.47,176.53,1014.0,1,1,1.0
1496,1,0.66,69.56,178.68,1001.25,1,1,1.0
1497,1,0.52,68.77,181.39999999999998,1002.75,1,1,1.0
1498,1,0.94,82.12,183.56,989.2600000000001,1,1,1.0
1499,1,0.42,67.59,187.41000000000003,1006.4999999999999,1,1,1.0
1500,1,0.28,66.84,188.81,1007.9999999999999,1,1,1.0
1501,1,-0.33,63.66,196.31,1009.5000000000001,1,1,1.0
1502,1,-0.14,70.5,200.80999999999997,1002.75,1,1,1.0
1503,1,-0.05,66.05,204.75,1008.0,1,1,1.0
1504,1,0.19,73.27,210.56,1001.25,1,1,1.0
1505,1,0.14,86.72,219.75,986.25,1,1,1.0
1506,1,1.08,348.0,224.44,732.75,1,1,1.0
1507,1,1.36,400.59,232.30999999999997,682.8800000000001,1,1,1.0
1508,1,1.55,418.03,244.11999999999998,662.25,1,1,1.0
1509,1,1.92,393.75,254.06,684.3699999999999,1,1,1.0
1510,1,1.5,351.94,263.44,727.5,1,1,1.0
1511,1,1.22,327.38,271.86999999999995,750.37,1,1,1.0
1512,1,1.27,151.41,279.37,922.5000000000001,1,1,1.0
1513,1,0.89,540.19,282.94,540.0,1,1,1.0
1520,1,0.89,540.19,282.94,540.0,1,1,1.0
1521,1,-0.26,337.92,322.88,733.1299999999999,1,1,1.0
1522,1,0.09,338.44,328.88000000000005,733.5,1,1,1.0
1523,1,-0.7,339.42,339.75,739.1299999999999,1,1,1.0
1524,1,0.47,333.84,341.61999999999995,743.25,1,1,1.0
1525,1,0.0,331.69,347.62,745.5,1,1,1.0
1526,1,-1.22,329.81,353.63000000000005,744.75,1,1,1.0
1527,1,-1.5,328.12,358.88,745.4999999999999,1,1,1.0
1528,1,-2.16,326.91,369.57000000000005,745.5,1,1,1.0
1529,1,-2.06,325.31,382.31,747.3800000000001,1,1,1.0
1530,1,-1.5,323.91,392.62,749.6199999999999,1,1,1.0
1531,1,-1.22,322.41,405.75,751.5,1,1,1.0
1532,1,0.14,321.75,421.5,750.3699999999999,1,1,1.0
1533,1,7.31,319.5,432.38,753.3800000000001,1,1,1.0
1534,1,18.28,319.03,441.75,752.6300000000001,1,1,1.0
1535,1,32.34,317.34,442.5,753.3800000000001,1,1,1.0
1536,1,45.09,315.66,444.38,756.0,1,1,1.0
1537,1,56.44,306.19,450.0,767.6199999999999,1,1,1.0
1538,1,67.69,299.25,453.36999999999995,773.25,1,1,1.0
1539,1,83.25,293.44,450.0,777.75,1,1,1.0
1540,1,102.8,291.94,437.24999999999994,778.5,1,1,1.0
1541,1,116.53,290.58,437.25,778.5,1,1,1.0
1542,1,133.17,288.56,434.25,783.0,1,1,1.0
1543,1,152.95,289.12,423.00000000000006,781.4999999999999,1,1,1.0
1544,1,170.67,289.5,411.75,781.5,1,1,1.0
1545,1,185.91,290.02,400.5,779.25,1,1,1.0
1546,1,193.5,280.88,405.38,791.2399999999999,1,1,1.0
1547,1,198.38,277.12,410.24,794.2600000000001,1,1,1.0
1548,1,202.31,271.88,416.24999999999994,799.5000000000001,1,1,1.0
1549,1,205.12,267.75,424.13,804.0,1,1,1.0
1550,1,206.53,267.0,435.75,805.5,1,1,1.0
1551,1,207.56,264.94,443.24999999999994,806.25,1,1,1.0
1552,1,209.16,262.69,448.5,807.75,1,1,1.0
1553,1,209.72,259.88,453.0,811.5000000000001,1,1,1.0
1554,1,213.09,257.25,453.38,813.75,1,1,1.0
1555,1,213.47,254.62,453.37,816.7600000000001,1,1,1.0
1556,1,213.0,252.19,454.5,819.75,1,1,1.0
1557,1,209.91,251.62,457.12,819.7600000000001,1,1,1.0
1558,1,206.81,250.31,461.24999999999994,822.0,1,1,1.0
1559,1,205.78,248.81,459.0,824.25,1,1,1.0
1560,1,202.03,247.69,459.0,825.75,1,1,1.0
1561,1,197.62,245.25,457.13,828.0,1,1,1.0
1562,1,192.0,242.44,456.75,831.75,1,1,1.0
1563,1,187.69,237.0,451.11999999999995,837.75,1,1,1.0
1564,1,180.0,236.62,450.75,838.4999999999999,1,1,1.0
1565,1,172.12,233.62,452.26,841.4999999999999,1,1,1.0
1566,1,165.56,233.44,460.49999999999994,841.5,1,1,1.0
1567,1,159.56,234.56,478.13000000000005,838.5,1,1,1.0
1568,1,154.12,235.69,489.0,837.75,1,1,1.0
1569,1,148.5,238.12,498.0,834.7600000000001,1,1,1.0
1570,1,143.06,238.69,505.49999999999994,834.0,1,1,1.0
1571,1,137.44,238.12,510.36999999999995,834.7600000000001,1,1,1.0
1572,1,131.25,237.94,515.63,834.75,1,1,1.0
1573,1,125.44,237.38,523.1199999999999,836.2399999999999,1,1,1.0
1574,1,120.38,237.19,532.12,836.25,1,1,1.0
1575,1,116.06,236.25,539.25,837.75,1,1,1.0
1576,1,110.81,238.69,545.25,834.75,1,1,1.0
1577,1,107.62,234.38,573.38,840.0000000000001,1,1,1.0
1578,1,105.75,234.0,574.13,840.0,1,1,1.0
1579,1,104.48,237.0,547.5,837.75,1,1,1.0
1580,1,103.69,236.62,534.3699999999999,837.7600000000001,1,1,1.0
1581,1,106.78,235.08,508.5,836.2499999999999,1,1,1.0
1582,1,107.06,233.58,481.13000000000005,838.4999999999999,1,1,1.0
1583,1,107.53,233.02,464.63,839.25,1,1,1.0
1584,1,109.55,231.94,448.11999999999995,840.75,1,1,1.0
1585,1,110.58,230.67,439.12000000000006,841.5000000000001,1,1,1.0
1586,1,114.61,229.92,429.0,842.2500000000001,1,1,1.0
1587,1,118.22,230.2,420.0,841.5,1,1,1.0
1588,1,124.12,231.0,408.0,840.75,1,1,1.0
1589,1,128.67,229.5,397.5,842.25,1,1,1.0
1590,1,135.05,227.95,383.99999999999994,843.75,1,1,1.0
1591,1,142.45,223.97,368.81,848.25,1,1,1.0
1592,1,147.75,219.14,358.5,853.5000000000001,1,1,1.0
1593,1,149.06,213.19,355.88,861.0,1,1,1.0
1594,1,153.61,208.41,352.69,864.7500000000001,1,1,1.0
1595,1,157.69,204.84,349.87,866.9999999999999,1,1,1.0
1596,1,159.94,201.66,348.56,870.0000000000001,1,1,1.0
1597,1,159.98,197.34,349.5,873.7499999999999,1,1,1.0
1598,1,157.88,193.12,356.81000000000006,877.4999999999999,1,1,1.0
1599,1,153.56,190.5,362.99999999999994,878.25,1,1,1.0
1600,1,149.77,189.38,366.93000000000006,879.7399999999999,1,1,1.0
1601,1,146.02,189.47,371.43000000000006,879.75,1,1,1.0
1602,1,142.31,194.23,373.13000000000005,876.0,1,1,1.0
1603,1,137.58,195.75,375.75,874.5,1,1,1.0
1604,1,134.2,196.43,378.75000000000006,874.5,1,1,1.0
1605,1,128.62,198.28,381.19,872.25,1,1,1.0
1606,1,121.22,199.41,385.5,871.5000000000001,1,1,1.0
1607,1,110.39,199.9,393.38,870.7500000000001,1,1,1.0
1608,1,101.44,196.22,401.25,876.75,1,1,1.0
1609,1,96.56,195.66,403.88,878.2500000000001,1,1,1.0
1610,1,93.75,197.62,407.63,876.7600000000001,1,1,1.0
1611,1,92.62,200.25,407.63,874.5,1,1,1.0
1612,1,90.38,201.0,410.24,873.75,1,1,1.0
1613,1,90.56,204.38,411.75,870.7399999999999,1,1,1.0
1614,1,91.88,208.5,410.24,865.5,1,1,1.0
1615,1,94.31,211.88,405.75,862.5000000000001,1,1,1.0
1616,1,97.31,216.75,403.88,857.25,1,1,1.0
1617,1,102.94,221.81,401.25,851.25,1,1,1.0
1618,1,108.84,229.27,394.88,844.5,1,1,1.0
1619,1,112.5,232.22,394.88,841.5,1,1,1.0
1620,1,116.58,236.34,391.12,836.9999999999999,1,1,1.0
1621,1,125.72,239.11,383.44000000000005,834.7499999999999,1,1,1.0
1622,1,130.08,241.36,380.43999999999994,833.2499999999999,1,1,1.0
1623,1,134.58,243.89,375.37,831.0000000000001,1,1,1.0
1624,1,137.48,246.28,374.81999999999994,829.5,1,1,1.0
1625,1,140.62,247.88,374.07000000000005,828.0000000000001,1,1,1.0
1626,1,143.58,249.47,375.37,825.75,1,1,1.0
1627,1,147.61,251.81,375.37,822.0,1,1,1.0
1628,1,147.47,252.0,379.12,822.0,1,1,1.0
1629,1,145.59,252.98,384.0,821.25,1,1,1.0
1630,1,142.41,255.28,390.75,819.0,1,1,1.0
1631,1,139.31,258.14,397.49999999999994,815.2500000000001,1,1,1.0
1632,1,134.25,260.95,404.63,812.25,1,1,1.0
1633,1,126.61,262.08,414.75,811.5,1,1,1.0
1634,1,119.06,260.62,424.13000000000005,816.7600000000001,1,1,1.0
1635,1,113.06,260.81,427.49999999999994,816.75,1,1,1.0
1636,1,105.19,261.75,434.25000000000006,816.0,1,1,1.0
1637,1,99.75,263.44,437.25,814.5,1,1,1.0
1638,1,93.56,265.12,439.49999999999994,812.2600000000001,1,1,1.0
1639,1,88.5,267.0,442.12,810.0,1,1,1.0
1640,1,81.0,269.44,446.25,807.75,1,1,1.0
1641,1,73.69,271.12,450.00000000000006,805.4999999999999,1,1,1.0
1642,1,65.81,272.81,452.99999999999994,804.0,1,1,1.0
1643,1,56.91,276.0,454.5,800.25,1,1,1.0
1644,1,46.31,277.69,458.25,798.0,1,1,1.0
1645,1,32.62,279.19,462.76,795.75,1,1,1.0
1646,1,18.84,281.81,466.5,793.5,1,1,1.0
1647,1,1.88,284.25,470.24,791.25,1,1,1.0
1648,1,-3.75,285.94,461.25,789.0,1,1,1.0
1649,1,0.28,290.48,439.13000000000005,781.5,1,1,1.0
1650,1,-2.81,291.56,427.5,783.75,1,1,1.0
1651,1,-2.25,294.19,411.75,780.75,1,1,1.0
1652,1,-1.69,296.06,401.25,777.75,1,1,1.0
1653,1,-1.88,299.81,391.88,773.25,1,1,1.0
1654,1,-2.06,303.38,384.75,769.5000000000001,1,1,1.0
1655,1,0.59,307.78,369.18,764.25,1,1,1.0
1656,1,1.36,310.31,360.75,762.3800000000001,1,1,1.0
1657,1,1.64,314.34,354.56,758.25,1,1,1.0
1658,1,1.57,315.84,347.63,757.1300000000001,1,1,1.0
1659,1,0.75,315.66,342.0,757.1199999999999,1,1,1.0
1660,1,1.22,321.47,333.94,750.3699999999999,1,1,1.0
1661,1,0.94,322.59,329.62,749.6300000000001,1,1,1.0
1662,1,0.84,325.97,326.63000000000005,746.6199999999999,1,1,1.0
1663,1,0.75,330.84,321.0,741.75,1,1,1.0
1664,1,0.75,327.84,314.44,744.75,1,1,1.0
1665,1,0.84,323.53,310.5,749.6300000000001,1,1,1.0
1666,1,0.66,327.19,305.42999999999995,745.5,1,1,1.0
1667,1,0.56,329.62,299.63,742.4999999999999,1,1,1.0
1668,1,0.47,324.84,297.36999999999995,747.3800000000001,1,1,1.0
1669,1,0.38,319.22,297.93,753.3699999999999,1,1,1.0
1670,1,0.09,320.91,293.82000000000005,751.5,1,1,1.0
1671,1,0.19,324.09,295.12,748.1300000000001,1,1,1.0
1672,1,-0.09,334.88,296.61999999999995,737.62,1,1,1.0
1673,1,-0.28,304.78,296.61999999999995,768.0,1,1,1.0
1674,1,0.0,367.41,295.12,706.8699999999999,1,1,1.0
1675,1,0.28,309.38,291.38000000000005,766.87,1,1,1.0
1676,1,0.8,278.25,284.25,794.25,1,1,1.0
1677,1,0.47,318.94,292.11999999999995,758.25,1,1,1.0
1678,1,0.75,337.22,289.31,740.6199999999999,1,1,1.0
1679,1,0.56,327.28,288.38,749.6300000000001,1,1,1.0
1706,1,0.56,327.28,288.38,749.6300000000001,1,1,1.0
1707,1,0.38,341.34,288.93,733.5,1,1,1.0
1708,1,-0.09,316.41,292.11999999999995,757.5,1,1,1.0
1709,1,0.09,294.52,288.94,778.5,1,1,1.0
1710,1,0.0,300.47,292.88,772.5,1,1,1.0
1711,1,0.0,302.25,292.5,769.5,1,1,1.0
1712,1,0.19,316.41,288.94,756.0,1,1,1.0
1713,1,0.0,323.91,292.5,748.5,1,1,1.0
1714,1,0.09,328.78,292.5,744.0,1,1,1.0
1715,1,0.19,328.22,295.87,744.75,1,1,1.0
1716,1,0.09,326.34,295.88000000000005,746.6300000000001,1,1,1.0
1717,1,0.0,338.81,300.38,733.5,1,1,1.0
1718,1,0.09,328.78,300.38000000000005,744.0,1,1,1.0
1719,1,0.09,335.62,295.5,736.88,1,1,1.0
1720,1,0.28,339.0,297.94000000000005,733.5,1,1,1.0
1721,1,0.28,340.41,299.06,732.0,1,1,1.0
1722,1,0.28,338.06,300.38000000000005,734.6300000000001,1,1,1.0
1723,1,0.09,342.28,301.13000000000005,730.5,1,1,1.0
1724,1,0.19,334.88,301.5,738.37,1,1,1.0
1725,1,0.28,341.81,301.5,731.6300000000001,1,1,1.0
1726,1,0.28,338.16,301.88000000000005,734.6199999999999,1,1,1.0
1727,1,0.38,341.53,301.5,731.6300000000001,1,1,1.0
1728,1,0.28,342.09,300.38000000000005,730.5,1,1,1.0
1729,1,0.28,346.78,301.88000000000005,725.6300000000001,1,1,1.0
1730,1,0.19,343.12,301.5,729.7600000000001,1,1,1.0
1731,1,0.28,337.69,300.38000000000005,735.3699999999999,1,1,1.0
1732,1,0.38,337.88,301.87,735.37,1,1,1.0
1733,1,0.47,338.62,300.0,734.63,1,1,1.0
1734,1,0.38,335.91,300.0,737.6199999999999,1,1,1.0
1735,1,0.38,333.75,297.56,739.8699999999999,1,1,1.0
1736,1,0.56,330.66,295.88,743.25,1,1,1.0
1737,1,0.56,343.22,297.56,729.75,1,1,1.0
1738,1,0.66,341.44,298.31,732.0,1,1,1.0
1739,1,0.47,338.16,299.44,735.3699999999999,1,1,1.0
1740,1,0.56,338.72,297.94,734.6199999999999,1,1,1.0
1741,1,0.47,341.72,301.11999999999995,731.6199999999999,1,1,1.0
1742,1,0.66,338.06,300.0,735.3800000000001,1,1,1.0
1743,1,0.56,337.88,297.38,735.37,1,1,1.0
1744,1,0.75,336.56,298.31,736.8800000000001,1,1,1.0
1745,1,0.66,339.75,297.36999999999995,733.5,1,1,1.0
1746,1,0.56,341.25,297.0,732.0,1,1,1.0
1747,1,0.84,342.84,294.0,730.5,1,1,1.0
1748,1,0.66,341.34,297.0,732.0,1,1,1.0
1749,1,0.84,339.47,297.57000000000005,733.5,1,1,1.0
1750,1,0.66,339.38,295.5,733.5000000000001,1,1,1.0
1751,1,0.75,340.22,299.44,732.75,1,1,1.0
1752,1,0.56,340.78,299.06,732.0,1,1,1.0
1753,1,0.66,346.78,300.36999999999995,725.6300000000001,1,1,1.0
1754,1,0.66,340.97,302.42999999999995,732.0,1,1,1.0
1755,1,0.56,341.25,302.44,731.6300000000001,1,1,1.0
1756,1,0.56,342.84,301.13,729.75,1,1,1.0
1757,1,0.66,342.66,299.42999999999995,729.75,1,1,1.0
1758,1,0.56,337.69,301.88,735.3699999999999,1,1,1.0
1759,1,0.66,340.22,301.11999999999995,732.75,1,1,1.0
1760,1,0.66,342.47,301.5,730.5,1,1,1.0
1761,1,0.75,341.34,301.5,731.6300000000001,1,1,1.0
1762,1,0.66,340.31,301.11999999999995,732.75,1,1,1.0
1763,1,0.56,336.09,302.44,736.8800000000001,1,1,1.0
1764,1,0.56,338.16,301.5,734.6199999999999,1,1,1.0
1765,1,0.66,337.97,304.86999999999995,735.3699999999999,1,1,1.0
1766,1,0.75,341.34,302.06,731.6300000000001,1,1,1.0
1767,1,0.66,339.47,303.56,733.5,1,1,1.0
1768,1,0.56,343.69,303.94,729.0,1,1,1.0
1769,1,0.56,344.62,303.19,727.88,1,1,1.0
1770,1,0.66,343.69,302.81,729.0,1,1,1.0
1771,1,0.66,344.44,303.17999999999995,727.8699999999999,1,1,1.0
1772,1,0.66,344.06,302.06,727.8800000000001,1,1,1.0
1773,1,0.75,341.44,302.06,730.5,1,1,1.0
1774,1,0.66,339.47,302.06,732.75,1,1,1.0
1775,1,0.56,339.47,303.19,732.75,1,1,1.0
1776,1,0.75,341.91,303.19,730.5,1,1,1.0
1777,1,0.66,340.59,302.81,732.0,1,1,1.0
1778,1,0.56,340.5,301.13,732.0,1,1,1.0
1779,1,0.56,338.81,301.88,733.5,1,1,1.0
1780,1,0.47,343.03,302.44,729.75,1,1,1.0
1781,1,0.56,339.94,302.44,732.75,1,1,1.0
1782,1,0.47,337.88,302.44,735.37,1,1,1.0
1783,1,0.56,340.97,303.19,731.6199999999999,1,1,1.0
1784,1,0.56,339.19,304.13,733.5,1,1,1.0
1785,1,0.56,333.66,304.13,739.5,1,1,1.0
1786,1,0.56,332.91,302.81,739.8699999999999,1,1,1.0
1787,1,0.47,329.62,301.86999999999995,743.2600000000001,1,1,1.0
1788,1,0.56,335.16,301.88,737.6199999999999,1,1,1.0
1789,1,0.56,339.19,303.94,733.5,1,1,1.0
1790,1,0.47,338.16,304.11999999999995,734.6199999999999,1,1,1.0
1791,1,0.47,337.5,303.94,735.3800000000001,1,1,1.0
1792,1,0.47,338.72,303.55999999999995,733.5,1,1,1.0
1793,1,0.47,342.19,303.55999999999995,730.5,1,1,1.0
1794,1,0.66,342.56,302.06,729.75,1,1,1.0
1795,1,0.47,341.34,302.44,732.0,1,1,1.0
1796,1,0.56,342.0,301.5,731.6199999999999,1,1,1.0
1797,1,0.56,340.69,302.44,732.75,1,1,1.0
1798,1,0.47,338.81,301.5,734.6300000000001,1,1,1.0
1799,1,0.47,341.91,301.5,731.6199999999999,1,1,1.0
1800,1,0.56,345.56,302.06,727.5,1,1,1.0
1801,1,0.38,345.84,301.12,726.75,1,1,1.0
1802,1,0.47,343.03,301.11999999999995,729.75,1,1,1.0
1803,1,0.47,341.91,301.5,731.6199999999999,1,1,1.0
1804,1,0.66,342.56,299.61999999999995,730.5,1,1,1.0
1805,1,0.47,341.34,301.11999999999995,732.0,1,1,1.0
1806,1,0.56,341.53,301.13,732.0,1,1,1.0
1807,1,0.56,341.25,301.5,732.0,1,1,1.0
1808,1,0.47,340.31,301.5,732.75,1,1,1.0
1809,1,0.38,340.12,300.37,732.7600000000001,1,1,1.0
1810,1,0.38,342.0,301.12,731.6199999999999,1,1,1.0
1811,1,0.47,342.47,300.55999999999995,730.5,1,1,1.0
1812,1,0.47,342.75,300.55999999999995,730.5,1,1,1.0
1813,1,0.38,341.53,299.43,731.6300000000001,1,1,1.0
1814,1,0.47,344.44,298.30999999999995,727.8699999999999,1,1,1.0
1815,1,0.47,342.66,299.44,729.75,1,1,1.0
1816,1,0.28,339.84,301.88000000000005,732.75,1,1,1.0
1817,1,0.28,339.84,302.81,733.5,1,1,1.0
1818,1,0.47,340.31,304.5,733.5,1,1,1.0
1819,1,0.28,340.03,306.38000000000005,733.5,1,1,1.0
1820,1,0.47,341.81,308.05999999999995,732.0,1,1,1.0
1821,1,0.47,348.94,311.25,724.1199999999999,1,1,1.0
1822,1,0.47,340.97,314.05999999999995,732.0,1,1,1.0
1823,1,0.66,333.19,319.5,740.6199999999999,1,1,1.0
1824,1,0.94,340.88,333.0,731.62,1,1,1.0
1825,1,0.47,334.31,353.05999999999995,739.8800000000001,1,1,1.0
1826,1,0.38,329.34,361.12,744.0,1,1,1.0
1827,1,0.84,329.62,367.69,743.2600000000001,1,1,1.0
1828,1,-2.44,328.5,387.75,741.0,1,1,1.0
1829,1,0.23,334.88,391.13,737.62,1,1,1.0
1830,1,-0.19,329.16,402.75,742.5,1,1,1.0
1831,1,0.56,323.72,407.63,748.1199999999999,1,1,1.0
1832,1,-1.69,319.88,424.13,752.62,1,1,1.0
1833,1,-1.5,316.5,437.62,758.6199999999999,1,1,1.0
1834,1,-1.88,312.56,444.0,763.1300000000001,1,1,1.0
1835,1,-1.59,308.58,446.25,763.8700000000001,1,1,1.0
1836,1,-0.09,302.72,446.61999999999995,771.0,1,1,1.0
1837,1,0.33,297.47,453.75,774.75,1,1,1.0
1838,1,0.7,294.66,456.75,775.5,1,1,1.0
1839,1,0.52,290.67,458.62,778.5,1,1,1.0
1840,1,1.22,286.97,460.86999999999995,782.25,1,1,1.0
1841,1,7.27,283.36,460.87,786.7499999999999,1,1,1.0
1842,1,31.41,276.94,441.75,796.5,1,1,1.0
1843,1,64.41,275.62,410.25,797.9999999999999,1,1,1.0
1844,1,96.84,276.23,376.88,797.25,1,1,1.0
1845,1,125.06,271.27,354.56,803.25,1,1,1.0
1846,1,146.81,268.64,338.63,806.2500000000001,1,1,1.0
1847,1,165.38,265.83,332.06,807.0,1,1,1.0
1848,1,182.06,261.05,332.44,811.5,1,1,1.0
1849,1,193.22,259.45,342.18999999999994,812.25,1,1,1.0
1850,1,198.09,255.8,350.43999999999994,816.0,1,1,1.0
1851,1,205.97,252.8,361.87,819.0,1,1,1.0
1852,1,213.19,246.47,371.06,826.5,1,1,1.0
1853,1,219.42,244.45,374.06000000000006,828.0,1,1,1.0
1854,1,222.42,242.67,389.63,830.2500000000001,1,1,1.0
1855,1,223.31,239.44,407.63000000000005,834.75,1,1,1.0
1856,1,231.0,237.19,410.25,834.75,1,1,1.0
1857,1,238.03,234.94,413.25,836.25,1,1,1.0
1858,1,245.91,232.31,417.37,838.5,1,1,1.0
1859,1,258.28,229.5,411.75,841.5,1,1,1.0
1860,1,271.03,227.81,406.88,843.75,1,1,1.0
1861,1,286.31,225.19,394.88000000000005,846.75,1,1,1.0
1862,1,304.22,225.19,375.75,849.0,1,1,1.0
1863,1,321.7,219.23,366.56,855.0,1,1,1.0
1864,1,339.42,212.39,356.62999999999994,859.5000000000001,1,1,1.0
1865,1,354.94,203.62,352.11999999999995,869.2600000000001,1,1,1.0
1866,1,367.97,197.53,349.5,874.5,1,1,1.0
1867,1,376.59,193.31,354.57,879.0,1,1,1.0
1868,1,384.28,186.84,356.63,886.4999999999999,1,1,1.0
1869,1,392.67,180.38,361.12999999999994,893.2399999999999,1,1,1.0
1870,1,400.97,177.28,365.05999999999995,896.25,1,1,1.0
1871,1,409.36,176.81,364.12,897.0,1,1,1.0
1872,1,418.45,172.97,363.38000000000005,900.0,1,1,1.0
1873,1,427.17,170.34,362.24999999999994,902.2499999999999,1,1,1.0
1874,1,436.5,165.28,359.25,906.75,1,1,1.0
1875,1,444.56,162.19,359.24999999999994,909.75,1,1,1.0
1876,1,451.41,160.59,358.49999999999994,911.9999999999999,1,1,1.0
1877,1,459.09,159.94,357.19,912.0,1,1,1.0
1878,1,466.97,158.06,357.18999999999994,913.5,1,1,1.0
1879,1,474.84,159.19,354.94,912.0,1,1,1.0
1880,1,484.88,159.0,349.12,912.0,1,1,1.0
1881,1,494.81,158.62,343.13000000000005,913.4999999999999,1,1,1.0
1882,1,503.72,155.25,338.62,917.25,1,1,1.0
1883,1,512.67,156.66,335.25,915.0000000000001,1,1,1.0
1884,1,520.64,153.28,330.0,917.25,1,1,1.0
1885,1,528.98,148.5,323.81999999999994,921.0,1,1,1.0
1886,1,537.42,145.88,318.38,922.5000000000001,1,1,1.0
1887,1,547.03,142.12,312.38,920.9999999999999,1,1,1.0
1888,1,554.2,136.31,306.93999999999994,909.75,1,1,1.0
1889,1,560.02,129.42,303.18000000000006,878.25,1,1,1.0
1890,1,566.58,121.97,300.37,860.25,1,1,1.0
1891,1,572.81,115.83,298.31000000000006,868.5,1,1,1.0
1892,1,580.88,113.62,295.87,866.26,1,1,1.0
1893,1,587.62,112.08,301.13,869.25,1,1,1.0
1894,1,593.62,110.58,314.82000000000005,873.75,1,1,1.0
1895,1,598.69,109.27,326.6199999999999,873.75,1,1,1.0
1896,1,604.88,109.17,324.74,876.0,1,1,1.0
1897,1,614.39,107.67,316.31000000000006,874.5,1,1,1.0
1898,1,624.47,109.45,306.37,872.25,1,1,1.0
1899,1,636.0,110.06,289.69000000000005,873.75,1,1,1.0
1900,1,645.47,109.88,279.55999999999995,874.5,1,1,1.0
1901,1,657.94,105.47,272.6199999999999,878.25,1,1,1.0
1902,1,670.92,99.56,263.44000000000005,878.25,1,1,1.0
1903,1,682.55,96.28,256.69000000000005,849.0,1,1,1.0
1904,1,690.19,92.34,256.30999999999995,811.5,1,1,1.0
1905,1,695.91,86.44,258.18000000000006,801.75,1,1,1.0
1906,1,702.56,82.31,258.0,760.8800000000001,1,1,1.0
1907,1,710.16,76.59,258.56000000000006,748.5,1,1,1.0
1908,1,714.19,72.98,260.43999999999994,757.5,1,1,1.0
1909,1,718.97,71.3,259.87,750.37,1,1,1.0
1910,1,722.53,71.58,260.25,751.5,1,1,1.0
1911,1,726.61,71.79,260.62,752.62,1,1,1.0
1912,1,732.52,73.08,258.37,752.62,1,1,1.0
1913,1,738.14,71.91,255.38,753.37,1,1,1.0
1914,1,745.31,76.95,248.25,748.12,1,1,1.0
1915,1,750.91,77.13,242.44000000000005,743.63,1,1,1.0
1916,1,754.99,73.97,236.80999999999995,745.87,1,1,1.0
1917,1,756.98,66.19,234.75,747.3699999999999,1,1,1.0
1918,1,759.12,63.19,232.67999999999995,731.6199999999999,1,1,1.0
1919,1,761.44,57.66,232.68999999999994,716.25,1,1,1.0
1920,1,765.28,49.5,230.06000000000006,704.62,1,1,1.0
1921,1,767.72,48.09,229.87,674.63,1,1,1.0
1922,1,771.42,46.31,226.88,672.75,1,1,1.0
1923,1,775.64,44.02,224.81000000000006,673.87,1,1,1.0
1924,1,779.11,41.62,222.18999999999994,674.63,1,1,1.0
1925,1,783.42,39.05,221.06000000000006,678.0,1,1,1.0
1926,1,790.69,38.06,216.93999999999994,679.1300000000001,1,1,1.0
1927,1,794.95,37.31,220.5,678.0,1,1,1.0
1928,1,801.0,37.27,217.12,676.87,1,1,1.0
1929,1,805.73,38.2,208.5,675.75,1,1,1.0
1930,1,811.88,39.47,201.92999999999995,676.87,1,1,1.0
1931,1,817.22,41.86,200.80999999999995,673.87,1,1,1.0
1932,1,823.69,42.52,198.55999999999995,669.37,1,1,1.0
1933,1,828.84,41.77,196.32000000000005,660.0,1,1,1.0
1934,1,833.53,38.95,196.30999999999995,643.88,1,1,1.0
1935,1,837.28,34.83,196.30999999999995,621.37,1,1,1.0
1936,1,839.16,31.45,196.87,606.38,1,1,1.0
1937,1,839.11,26.53,199.4999999999999,598.5,1,1,1.0
1938,1,838.73,23.51,200.81999999999994,593.62,1,1,1.0
1939,1,838.03,20.84,201.94000000000005,595.5,1,1,1.0
1940,1,837.66,18.4,202.87,597.37,1,1,1.0
1941,1,838.31,17.2,201.94000000000005,597.38,1,1,1.0
1942,1,839.95,17.02,199.87999999999988,597.75,1,1,1.0
1943,1,842.3,17.27,196.87000000000012,597.38,1,1,1.0
1944,1,843.89,18.52,192.93999999999994,596.62,1,1,1.0
1945,1,845.06,19.83,189.75,596.62,1,1,1.0
1946,1,845.48,21.05,185.62999999999988,595.12,1,1,1.0
1947,1,843.49,21.59,182.44000000000005,593.62,1,1,1.0
1948,1,841.08,19.62,181.87,591.0,1,1,1.0
1949,1,836.95,16.12,182.52999999999997,585.38,1,1,1.0
1950,1,833.77,14.62,180.84000000000003,569.26,1,1,1.0
1951,1,833.44,12.75,178.68999999999994,559.87,1,1,1.0
1952,1,832.03,12.38,179.25,543.74,1,1,1.0
1953,1,831.94,12.28,179.25,535.13,1,1,1.0
1954,1,829.64,11.53,179.52999999999997,531.0,1,1,1.0
1955,1,828.42,11.53,178.41000000000008,529.88,1,1,1.0
1956,1,827.16,11.11,174.18000000000006,532.12,1,1,1.0
1957,1,825.19,10.12,169.68999999999994,532.13,1,1,1.0
1958,1,824.3,10.5,160.7800000000001,534.0,1,1,1.0
1959,1,822.66,9.94,157.5,535.1199999999999,1,1,1.0
1960,1,821.2,10.45,155.43999999999994,534.75,1,1,1.0
1961,1,818.95,10.69,155.25,534.0,1,1,1.0
1962,1,816.42,11.34,157.97000000000003,534.75,1,1,1.0
1963,1,814.31,11.62,159.2800000000001,534.76,1,1,1.0
1964,1,811.97,11.48,162.0,534.0,1,1,1.0
1965,1,808.08,9.52,164.52999999999997,534.75,1,1,1.0
1966,1,804.52,8.48,170.52999999999997,532.13,1,1,1.0
1967,1,803.51,5.98,166.5,522.0,1,1,1.0
1968,1,800.44,5.51,161.43999999999994,513.75,1,1,1.0
1969,1,797.98,6.45,153.0,504.37,1,1,1.0
1970,1,791.3,4.99,145.5,503.63,1,1,1.0
1971,1,789.33,2.02,135.55999999999995,495.75,1,1,1.0
1972,1,787.45,2.62,133.77999999999997,496.88,1,1,1.0
1973,1,786.98,3.56,134.63,495.0,1,1,1.0
1974,1,787.83,5.32,133.77999999999997,493.13,1,1,1.0
1975,1,771.0,6.61,149.80999999999995,489.37,1,1,1.0
1976,1,745.27,8.46,175.77999999999997,486.38,1,1,1.0
1977,1,734.3,9.47,186.84000000000003,486.36999999999995,1,1,1.0
1978,1,728.44,30.8,192.75,464.62,1,1,1.0
1979,1,730.78,62.34,190.69000000000005,430.5,1,1,1.0
1980,1,729.19,61.64,192.3699999999999,428.63,1,1,1.0
1981,1,714.94,32.95,198.18999999999994,453.75,1,1,1.0
1982,1,702.42,26.86,200.25,458.25,1,1,1.0
1983,1,689.44,28.88,201.55999999999995,454.5,1,1,1.0
1984,1,672.38,22.78,205.31000000000006,460.88,1,1,1.0
1985,1,673.08,31.17,187.39999999999998,456.0,1,1,1.0
1986,1,670.78,36.47,147.56000000000006,447.75,1,1,1.0
1987,1,664.17,19.69,154.41000000000008,466.5,1,1,1.0
1988,1,667.5,35.67,126.55999999999995,447.0,1,1,1.0
1989,1,671.32,57.07,123.38,427.13,1,1,1.0
1990,1,662.39,14.72,131.72000000000003,471.75,1,1,1.0
1991,1,662.77,19.31,131.71000000000004,468.0,1,1,1.0
2081,2,678.75,46.31,197.05999999999995,438.75,1,1,1.0
2082,2,682.08,40.31,212.05999999999995,446.25,1,1,1.0
2083,2,688.31,61.27,221.6300000000001,427.5,1,1,1.0
2084,2,698.48,45.84,222.93999999999994,447.75,1,1,1.0
2085,2,711.56,37.64,217.5,457.5,1,1,1.0
2086,2,717.66,32.48,216.37,463.5,1,1,1.0
2087,2,735.56,32.06,201.94000000000005,466.13,1,1,1.0
2088,2,758.95,27.47,176.90999999999997,468.0,1,1,1.0
2089,2,771.84,28.12,162.27999999999997,468.76,1,1,1.0
2090,2,781.03,28.69,152.81000000000006,466.12,1,1,1.0
2091,2,791.91,27.35,141.18000000000006,466.13,1,1,1.0
2092,2,796.92,28.41,136.5,466.11999999999995,1,1,1.0
2093,2,799.76,29.25,137.62,465.0,1,1,1.0
2094,2,800.95,28.31,145.9699999999999,465.75,1,1,1.0
2095,2,802.62,28.55,157.30999999999995,466.12,1,1,1.0
2096,2,804.56,29.39,178.41000000000008,466.13,1,1,1.0
2097,2,808.45,28.59,193.13,472.5,1,1,1.0
2098,2,812.25,27.19,204.0,486.00000000000006,1,1,1.0
2099,2,818.62,30.14,205.13,493.13,1,1,1.0
2100,2,825.28,31.97,200.25,494.62,1,1,1.0
2101,2,829.03,31.78,195.19000000000005,507.38,1,1,1.0
2102,2,836.48,31.41,186.85000000000002,509.99999999999994,1,1,1.0
2103,2,842.25,30.8,179.80999999999995,511.86999999999995,1,1,1.0
2104,2,848.44,29.25,173.43999999999994,513.37,1,1,1.0
2105,2,854.53,30.98,172.5,511.88,1,1,1.0
2106,2,857.84,28.5,182.2499999999999,515.25,1,1,1.0
2107,2,859.55,27.89,190.4000000000001,516.0,1,1,1.0
2108,2,859.78,27.89,203.6300000000001,516.0,1,1,1.0
2109,2,857.58,27.14,215.81000000000006,516.75,1,1,1.0
2110,2,857.67,27.52,226.5000000000001,518.25,1,1,1.0
2111,2,857.62,28.55,234.38,522.0,1,1,1.0
2112,2,859.22,30.38,236.80999999999995,528.74,1,1,1.0
2113,2,860.06,32.91,237.94000000000005,539.62,1,1,1.0
2114,2,862.43,38.06,234.37,552.3800000000001,1,1,1.0
2115,2,863.18,41.27,231.7500000000001,562.13,1,1,1.0
2116,2,862.97,44.34,229.69000000000005,566.25,1,1,1.0
2117,2,865.71,46.59,224.05999999999995,571.13,1,1,1.0
2118,2,869.18,48.47,216.56000000000006,574.87,1,1,1.0
2119,2,873.09,48.94,210.57000000000005,576.0,1,1,1.0
2120,2,875.23,47.86,205.69000000000005,578.25,1,1,1.0
2121,2,875.86,47.48,202.31000000000006,579.0,1,1,1.0
2122,2,876.28,47.44,199.8800000000001,579.0,1,1,1.0
2123,2,875.48,46.92,199.87999999999988,580.13,1,1,1.0
2124,2,874.97,47.95,199.8699999999999,579.75,1,1,1.0
2125,2,874.45,48.56,199.5,578.25,1,1,1.0
2126,2,873.14,50.53,199.5000000000001,576.0,1,1,1.0
2127,2,871.62,51.66,200.81000000000006,575.62,1,1,1.0
2128,2,869.65,53.39,202.68999999999994,580.88,1,1,1.0
2129,2,867.73,54.0,204.0,601.12,1,1,1.0
2130,2,863.7,56.55,208.1199999999999,616.5,1,1,1.0
2131,2,859.31,60.52,214.8800000000001,631.12,1,1,1.0
2132,2,855.28,63.94,219.3800000000001,638.6199999999999,1,1,1.0
2133,2,851.44,67.92,224.05999999999995,654.75,1,1,1.0
2134,2,848.25,70.41,228.19000000000005,657.75,1,1,1.0
2135,2,846.19,72.28,231.19000000000005,657.75,1,1,1.0
2136,2,844.41,73.41,234.92999999999995,657.0,1,1,1.0
2137,2,842.53,73.78,236.25,657.75,1,1,1.0
2138,2,840.33,73.31,236.62,658.8800000000001,1,1,1.0
2139,2,835.97,73.5,239.05999999999995,658.88,1,1,1.0
2140,2,833.13,73.03,239.07000000000005,660.0,1,1,1.0
2141,2,831.02,73.69,234.75,658.8699999999999,1,1,1.0
2142,2,828.12,75.66,230.42999999999995,656.62,1,1,1.0
2143,2,823.59,77.25,225.57000000000005,654.75,1,1,1.0
2144,2,822.09,80.81,222.18999999999994,651.75,1,1,1.0
2145,2,821.34,84.56,218.2499999999999,664.1300000000001,1,1,1.0
2146,2,818.16,87.91,216.37,690.0,1,1,1.0
2147,2,814.22,91.03,216.3699999999999,709.5,1,1,1.0
2148,2,805.97,94.31,222.3699999999999,721.8800000000001,1,1,1.0
2149,2,799.73,101.44,222.56999999999994,724.8699999999999,1,1,1.0
2150,2,794.2,105.89,224.81999999999994,749.63,1,1,1.0
2151,2,786.09,109.36,228.75,752.25,1,1,1.0
2152,2,779.58,112.78,230.05999999999995,752.63,1,1,1.0
2153,2,770.25,112.08,231.75,752.25,1,1,1.0
2154,2,761.91,112.83,232.31000000000006,750.37,1,1,1.0
2155,2,754.22,112.08,233.80999999999995,750.37,1,1,1.0
2156,2,746.44,111.19,234.3699999999999,751.5,1,1,1.0
2157,2,734.6,112.17,239.80999999999995,750.38,1,1,1.0
2158,2,719.53,114.98,252.38,747.38,1,1,1.0
2159,2,710.81,117.38,262.1300000000001,746.62,1,1,1.0
2160,2,699.19,121.41,275.25,745.5,1,1,1.0
2161,2,686.62,124.22,288.0,768.75,1,1,1.0
2162,2,676.59,126.19,297.93999999999994,789.0,1,1,1.0
2163,2,667.22,131.81,306.37,831.0,1,1,1.0
2164,2,657.98,137.3,312.93999999999994,847.5,1,1,1.0
2165,2,647.72,141.47,321.18999999999994,883.5,1,1,1.0
2166,2,639.52,146.44,326.81000000000006,893.25,1,1,1.0
2167,2,632.34,152.16,332.43999999999994,886.5000000000001,1,1,1.0
2168,2,626.48,156.56,337.88,882.75,1,1,1.0
2169,2,619.12,158.62,345.0,878.9999999999999,1,1,1.0
2170,2,615.38,158.53,345.92999999999995,881.25,1,1,1.0
2171,2,612.94,158.91,345.3699999999999,882.0000000000001,1,1,1.0
2172,2,611.44,158.44,342.75,882.0,1,1,1.0
2173,2,611.53,160.78,334.31000000000006,884.25,1,1,1.0
2174,2,611.62,160.03,323.82000000000005,885.0,1,1,1.0
2175,2,610.88,164.06,312.0,879.0,1,1,1.0
2176,2,611.06,167.06,300.0,873.75,1,1,1.0
2177,2,610.22,169.88,294.0,871.5000000000001,1,1,1.0
2178,2,605.91,174.66,291.37,878.2500000000001,1,1,1.0
2179,2,600.94,183.44,288.0,889.5,1,1,1.0
2180,2,593.34,191.58,287.06999999999994,881.9999999999999,1,1,1.0
2181,2,582.47,196.8,288.75,877.5,1,1,1.0
2182,2,573.56,202.73,288.0,871.5,1,1,1.0
2183,2,564.28,209.39,287.81000000000006,864.7500000000001,1,1,1.0
2184,2,552.98,215.2,292.5,858.75,1,1,1.0
2185,2,539.44,221.58,301.5,853.4999999999999,1,1,1.0
2186,2,525.98,226.69,309.93999999999994,846.75,1,1,1.0
2187,2,510.66,227.86,320.06,847.4999999999999,1,1,1.0
2188,2,496.31,230.62,334.88000000000005,844.4999999999999,1,1,1.0
2189,2,481.88,232.08,347.24,844.4999999999999,1,1,1.0
2190,2,466.88,234.38,356.62,843.0000000000001,1,1,1.0
2191,2,450.47,235.73,358.5,843.0,1,1,1.0
2192,2,433.88,238.17,354.56000000000006,840.0000000000001,1,1,1.0
2193,2,409.36,245.44,373.12,831.0,1,1,1.0
2194,2,379.5,248.44,406.88,828.0,1,1,1.0
2195,2,345.28,257.25,445.5,818.25,1,1,1.0
2196,2,317.44,265.12,476.61999999999995,811.4999999999999,1,1,1.0
2197,2,293.34,273.98,500.63000000000005,800.25,1,1,1.0
2198,2,268.69,278.06,528.0,798.0,1,1,1.0
2199,2,249.56,288.19,546.75,787.5,1,1,1.0
2200,2,234.38,296.62,558.37,780.7600000000001,1,1,1.0
2201,2,226.12,307.5,558.38,771.75,1,1,1.0
2202,2,223.12,316.59,549.38,759.3800000000001,1,1,1.0
2203,2,221.81,323.2,528.3800000000001,752.6299999999999,1,1,1.0
2204,2,203.62,327.19,525.38,748.1199999999999,1,1,1.0
2205,2,178.69,331.31,519.0,743.25,1,1,1.0
2206,2,154.55,339.75,509.99999999999994,730.5,1,1,1.0
2207,2,131.25,343.69,467.25,727.8699999999999,1,1,1.0
2208,2,106.69,347.72,460.11999999999995,724.1199999999999,1,1,1.0
2209,2,85.97,351.94,468.0,720.0,1,1,1.0
2210,2,65.06,355.88,479.63000000000005,716.2399999999999,1,1,1.0
2211,2,44.44,360.94,487.11999999999995,712.8699999999999,1,1,1.0
2212,2,23.16,366.19,497.61999999999995,709.5,1,1,1.0
2213,2,6.66,371.48,500.61999999999995,706.1299999999999,1,1,1.0
2214,2,1.41,374.95,490.5,701.6299999999999,1,1,1.0
2215,2,0.94,381.28,478.5,694.1300000000001,1,1,1.0
2216,2,-0.28,387.14,464.25,687.38,1,1,1.0
2217,2,2.3,390.0,444.37,687.0,1,1,1.0
2218,2,2.11,395.72,428.25,679.8699999999999,1,1,1.0
2219,2,0.28,368.81,414.38000000000005,703.8800000000001,1,1,1.0
2220,2,-0.28,280.31,398.25,789.0,1,1,1.0
2221,2,-3.19,370.88,378.75,699.37,1,1,1.0
2222,2,0.56,404.53,354.94,668.25,1,1,1.0
2223,2,3.52,400.92,339.0,678.75,1,1,1.0
2224,2,0.94,408.0,325.87,665.25,1,1,1.0
2225,2,0.84,408.94,310.5,664.1199999999999,1,1,1.0
2226,2,1.03,401.53,295.5,673.8800000000001,1,1,1.0
2227,2,0.42,388.88,281.63,687.37,1,1,1.0
2228,2,0.52,347.72,271.68,731.6199999999999,1,1,1.0
2229,2,1.12,87.23,259.88,984.0,1,1,1.0
2230,2,0.98,101.25,253.5,969.0,1,1,1.0
2231,2,1.08,109.03,246.55999999999997,960.0,1,1,1.0
2232,2,0.38,94.41,240.0,975.0000000000001,1,1,1.0
2467,1,747.0,7.5,170.80999999999995,489.0,1,1,1.0
2468,1,742.03,8.58,174.75,486.0,1,1,1.0
2469,1,747.66,8.06,168.93000000000006,486.75,1,1,1.0
2470,1,755.48,6.33,162.28999999999996,489.37,1,1,1.0
2471,1,765.09,7.05,153.18999999999994,489.38,1,1,1.0
2472,1,774.7,6.94,146.05999999999995,489.0,1,1,1.0
2473,1,781.08,6.14,156.37,489.38,1,1,1.0
2474,1,787.85,5.79,168.38,493.5,1,1,1.0
2475,1,792.44,6.61,170.7199999999999,498.75,1,1,1.0
2476,1,794.77,6.19,181.68000000000006,509.25000000000006,1,1,1.0
2477,1,795.89,9.66,194.25,487.5,1,1,1.0
2478,1,790.55,8.91,205.5,531.37,1,1,1.0
2479,1,780.56,10.83,222.19000000000005,540.0,1,1,1.0
2480,1,783.56,11.58,226.5,542.25,1,1,1.0
2481,1,784.27,12.23,231.18000000000006,544.13,1,1,1.0
2482,1,787.45,12.98,231.93999999999994,544.13,1,1,1.0
2483,1,789.8,12.66,232.5,546.0,1,1,1.0
2484,1,801.0,13.5,223.5,544.88,1,1,1.0
2485,1,810.66,13.78,216.37,544.13,1,1,1.0
2486,1,816.19,16.41,209.6199999999999,541.5,1,1,1.0
2487,1,818.53,16.59,203.25,541.5,1,1,1.0
2488,1,820.31,15.98,197.6300000000001,542.25,1,1,1.0
2489,1,822.38,13.88,193.12,544.87,1,1,1.0
2490,1,825.98,12.94,187.97000000000003,546.0,1,1,1.0
2491,1,829.03,11.86,185.81000000000006,547.5,1,1,1.0
2492,1,831.28,11.34,187.13,556.88,1,1,1.0
2493,1,834.19,10.73,190.1199999999999,574.13,1,1,1.0
2494,1,837.19,11.53,190.1199999999999,588.0,1,1,1.0
2495,1,840.63,15.45,189.2800000000001,592.5,1,1,1.0
2496,1,843.44,18.87,183.56999999999994,603.37,1,1,1.0
2497,1,848.2,22.45,178.5999999999999,607.5,1,1,1.0
2498,1,848.86,21.84,183.84000000000003,614.25,1,1,1.0
2499,1,852.21,23.91,189.55999999999995,612.0,1,1,1.0
2500,1,853.45,25.78,193.30999999999995,609.75,1,1,1.0
2501,1,856.83,25.31,197.62,609.0,1,1,1.0
2502,1,862.31,24.94,198.0,608.6199999999999,1,1,1.0
2503,1,862.31,25.12,201.75,607.5,1,1,1.0
2504,1,856.85,24.66,211.88,609.0,1,1,1.0
2505,1,840.61,24.75,231.37,611.25,1,1,1.0
2506,1,821.44,26.2,252.3699999999999,611.63,1,1,1.0
2507,1,819.66,28.22,254.42999999999995,622.12,1,1,1.0
2508,1,820.22,31.78,255.19000000000005,644.25,1,1,1.0
2509,1,817.41,34.12,258.92999999999995,662.26,1,1,1.0
2510,1,815.25,36.7,261.55999999999995,676.88,1,1,1.0
2511,1,814.12,39.7,263.07000000000005,687.38,1,1,1.0
2512,1,815.67,41.06,260.81000000000006,698.25,1,1,1.0
2513,1,816.07,42.94,259.13,699.3699999999999,1,1,1.0
2514,1,816.56,44.81,257.44000000000005,698.25,1,1,1.0
2515,1,816.66,46.12,255.37,698.26,1,1,1.0
2516,1,815.81,48.09,252.94000000000005,699.38,1,1,1.0
2517,1,817.41,49.12,246.92999999999995,697.5,1,1,1.0
2518,1,818.34,49.03,240.57000000000005,697.5,1,1,1.0
2519,1,818.72,49.59,236.05999999999995,697.5,1,1,1.0
2520,1,818.34,49.88,236.07000000000005,696.74,1,1,1.0
2521,1,818.62,49.69,236.82000000000005,694.5,1,1,1.0
2522,1,816.0,50.62,241.8800000000001,695.26,1,1,1.0
2523,1,813.94,52.59,245.44000000000005,708.38,1,1,1.0
2524,1,807.56,55.59,251.05999999999995,737.63,1,1,1.0
2525,1,801.28,60.19,255.3800000000001,758.25,1,1,1.0
2526,1,796.78,65.06,258.0,763.1300000000001,1,1,1.0
2527,1,792.94,71.06,260.25,774.75,1,1,1.0
2528,1,788.25,77.2,264.3699999999999,800.25,1,1,1.0
2529,1,781.69,81.0,270.3699999999999,807.0,1,1,1.0
2530,1,777.28,84.66,273.94000000000005,808.5,1,1,1.0
2531,1,773.11,87.75,277.31000000000006,807.0,1,1,1.0
2532,1,768.89,88.08,279.56000000000006,806.25,1,1,1.0
2533,1,763.73,88.97,282.56999999999994,807.75,1,1,1.0
2534,1,759.09,87.94,282.57000000000005,808.5,1,1,1.0
2535,1,760.03,87.84,276.0,809.25,1,1,1.0
2536,1,756.19,87.61,271.69000000000005,803.25,1,1,1.0
2537,1,745.69,88.03,271.8699999999999,804.0,1,1,1.0
2538,1,735.56,91.97,273.94000000000005,806.25,1,1,1.0
2539,1,723.09,94.31,284.25,816.0,1,1,1.0
2540,1,712.97,98.91,290.80999999999995,849.75,1,1,1.0
2541,1,708.0,106.73,293.05999999999995,888.0,1,1,1.0
2542,1,704.53,113.58,291.38,909.75,1,1,1.0
2543,1,700.59,119.25,290.06999999999994,922.5,1,1,1.0
2544,1,695.53,125.34,288.75,938.2499999999999,1,1,1.0
2545,1,687.38,132.28,290.81000000000006,936.75,1,1,1.0
2546,1,679.78,138.75,294.0,931.5,1,1,1.0
2547,1,670.31,141.19,298.31000000000006,927.75,1,1,1.0
2548,1,662.48,141.84,300.0,926.2499999999999,1,1,1.0
2549,1,654.0,142.41,301.88,926.2500000000001,1,1,1.0
2550,1,642.47,142.22,305.62,924.0,1,1,1.0
2551,1,630.61,142.22,308.43999999999994,924.0,1,1,1.0
2552,1,618.47,141.28,311.43999999999994,927.75,1,1,1.0
2553,1,606.56,143.16,327.3800000000001,929.2500000000001,1,1,1.0
2554,1,594.84,146.06,348.0,929.25,1,1,1.0
2555,1,582.47,152.91,369.18999999999994,922.5000000000001,1,1,1.0
2556,1,566.44,156.66,388.8699999999999,918.7500000000001,1,1,1.0
2557,1,557.25,164.25,392.25,908.25,1,1,1.0
2558,1,544.12,174.28,401.63,898.5,1,1,1.0
2559,1,531.28,182.44,415.5,891.75,1,1,1.0
2560,1,519.19,190.59,424.8699999999999,885.7499999999999,1,1,1.0
2561,1,506.81,200.81,434.24999999999994,876.0,1,1,1.0
2562,1,496.69,207.75,441.75000000000006,870.0,1,1,1.0
2563,1,485.62,213.38,446.26,862.5000000000001,1,1,1.0
2564,1,480.94,218.02,443.25000000000006,856.5,1,1,1.0
2565,1,466.12,219.75,452.26,855.75,1,1,1.0
2566,1,456.94,222.75,450.75000000000006,853.5,1,1,1.0
2567,1,448.41,227.25,442.11999999999995,846.75,1,1,1.0
2568,1,441.09,232.17,425.63000000000005,843.0000000000001,1,1,1.0
2569,1,427.78,234.23,423.38,843.0,1,1,1.0
2570,1,415.59,241.5,426.38000000000005,834.75,1,1,1.0
2571,1,401.16,249.19,428.99999999999994,825.75,1,1,1.0
2572,1,390.61,261.05,428.25,811.5,1,1,1.0
2573,1,372.19,269.44,431.25000000000006,804.0,1,1,1.0
2574,1,350.95,285.38,435.75000000000006,786.7399999999999,1,1,1.0
2575,1,328.5,303.66,435.75,768.0,1,1,1.0
2576,1,304.31,317.06,443.24999999999994,757.1300000000001,1,1,1.0
2577,1,276.0,331.12,452.25,740.9999999999999,1,1,1.0
2578,1,243.56,343.88,458.99999999999994,729.7399999999999,1,1,1.0
2579,1,205.12,354.56,476.63,719.6300000000001,1,1,1.0
2580,1,169.59,363.94,489.0,710.6199999999999,1,1,1.0
2581,1,131.62,372.19,504.38,701.6199999999999,1,1,1.0
2582,1,91.69,382.12,524.6199999999999,691.88,1,1,1.0
2583,1,52.12,390.19,542.63,682.8699999999999,1,1,1.0
2584,1,14.81,398.44,567.3800000000001,674.25,1,1,1.0
2585,1,0.38,409.5,567.0,662.25,1,1,1.0
2586,1,-1.41,422.81,551.63,647.25,1,1,1.0
2587,1,-0.66,438.75,539.25,629.25,1,1,1.0
2588,1,-0.47,459.56,523.13,608.6300000000001,1,1,1.0
2589,1,-0.38,484.31,502.88,586.8800000000001,1,1,1.0
2590,1,-0.19,513.38,476.63,558.37,1,1,1.0
2591,1,-0.14,536.16,425.62,536.2500000000001,1,1,1.0
2592,1,0.84,566.72,353.07000000000005,504.75,1,1,1.0
2593,1,1.03,591.56,299.44000000000005,483.3800000000001,1,1,1.0
2594,1,-0.19,622.78,265.31,450.0,1,1,1.0
