360,1,1213.31,689.81,576.75,383.6300000000001,1,1,1.0
361,1,1188.8,663.19,504.0,407.6199999999999,1,1,1.0
362,1,1153.55,641.44,551.25,428.25,1,1,1.0
363,1,1120.12,622.12,520.5,445.13,1,1,1.0
364,1,1082.91,608.58,526.1299999999999,458.9999999999999,1,1,1.0
365,1,1043.16,598.03,521.25,470.6300000000001,1,1,1.0
366,1,1002.19,591.47,526.1299999999999,478.1199999999999,1,1,1.0
367,1,951.47,585.56,535.1199999999999,484.5,1,1,1.0
368,1,908.62,586.45,536.2600000000001,484.5,1,1,1.0
369,1,862.03,580.69,531.75,490.1199999999999,1,1,1.0
370,1,822.89,582.19,528.7500000000001,490.1199999999999,1,1,1.0
371,1,780.84,583.03,524.2499999999999,489.0,1,1,1.0
372,1,739.73,584.53,526.1299999999999,488.25,1,1,1.0
373,1,696.23,583.31,548.25,486.3800000000001,1,1,1.0
374,1,651.66,575.44,554.2500000000001,496.1199999999999,1,1,1.0
375,1,607.88,568.41,570.7399999999999,502.5000000000001,1,1,1.0
376,1,553.12,559.69,590.2600000000001,511.5,1,1,1.0
377,1,520.97,552.66,595.1199999999999,516.7500000000001,1,1,1.0
378,1,476.77,547.78,612.0,522.3800000000001,1,1,1.0
379,1,444.47,543.56,621.0,526.5,1,1,1.0
380,1,414.09,535.69,630.0,533.6199999999999,1,1,1.0
381,1,380.95,528.09,639.0,541.13,1,1,1.0
382,1,355.69,523.41,646.5,548.62,1,1,1.0
383,1,329.16,517.78,646.5,553.5,1,1,1.0
384,1,308.16,512.34,643.1199999999999,556.88,1,1,1.0
385,1,282.05,509.53,642.0,559.5,1,1,1.0
386,1,264.0,508.69,634.88,561.0,1,1,1.0
387,1,244.88,508.03,633.0,562.8800000000001,1,1,1.0
388,1,224.06,503.34,628.8800000000001,566.6300000000001,1,1,1.0
389,1,207.38,498.66,625.12,572.6199999999999,1,1,1.0
390,1,191.25,494.91,620.63,574.8699999999999,1,1,1.0
391,1,172.5,486.19,609.75,582.0,1,1,1.0
392,1,154.22,477.09,603.37,591.0,1,1,1.0
393,1,130.41,469.31,606.0,600.0,1,1,1.0
394,1,109.45,462.0,600.0,610.5,1,1,1.0
395,1,83.44,457.5,598.1199999999999,614.25,1,1,1.0
396,1,57.75,451.92,602.25,621.0,1,1,1.0
397,1,33.0,449.91,606.0,620.6199999999999,1,1,1.0
398,1,6.19,448.31,606.75,622.1300000000001,1,1,1.0
399,1,-2.25,448.31,589.5,622.1300000000001,1,1,1.0
400,1,-1.97,450.19,567.0,620.6199999999999,1,1,1.0
401,1,-1.22,451.5,549.38,618.75,1,1,1.0
402,1,0.0,454.22,532.5,616.5,1,1,1.0
403,1,-1.12,458.16,515.62,614.25,1,1,1.0
404,1,-0.66,461.53,500.63000000000005,611.25,1,1,1.0
405,1,-1.22,466.31,487.13000000000005,606.3800000000001,1,1,1.0
406,1,-1.69,468.75,468.0,603.0,1,1,1.0
407,1,-1.12,473.91,453.37,598.1199999999999,1,1,1.0
408,1,-1.03,472.97,429.0,600.3699999999999,1,1,1.0
409,1,-2.11,478.27,408.38,594.75,1,1,1.0
410,1,-1.03,469.03,388.86999999999995,604.8800000000001,1,1,1.0
411,1,-1.59,388.5,365.06,687.3800000000001,1,1,1.0
412,1,-1.03,345.94,335.25,729.75,1,1,1.0
415,1,-1.03,345.94,335.25,729.75,1,1,1.0
440,1,0.19,458.86,180.37,617.62,1,1,1.0
441,1,0.66,442.45,184.68,633.0,1,1,1.0
442,1,0.8,433.12,190.97,643.88,1,1,1.0
443,1,1.08,420.8,199.86999999999998,654.0,1,1,1.0
444,1,1.27,419.02,207.0,656.6200000000001,1,1,1.0
445,1,0.98,436.17,215.63000000000002,639.3799999999999,1,1,1.0
446,1,0.98,416.95,222.19,658.8799999999999,1,1,1.0
447,1,0.61,391.97,229.30999999999997,681.3699999999999,1,1,1.0
448,1,0.61,385.78,230.05999999999997,688.1300000000001,1,1,1.0
449,1,0.52,383.91,230.06,690.0,1,1,1.0
450,1,0.8,330.38,227.42999999999998,743.2399999999999,1,1,1.0
451,1,0.84,336.28,225.38,737.6300000000001,1,1,1.0
452,1,1.08,339.94,223.11999999999998,732.75,1,1,1.0
453,1,0.8,345.19,223.67999999999998,727.8699999999999,1,1,1.0
454,1,0.8,347.72,224.06,725.6199999999999,1,1,1.0
455,1,0.8,342.94,225.92999999999998,730.5,1,1,1.0
456,1,0.94,337.78,228.19,735.3800000000001,1,1,1.0
457,1,0.98,336.0,230.07000000000002,737.6199999999999,1,1,1.0
458,1,0.8,336.56,231.92999999999998,736.8800000000001,1,1,1.0
459,1,1.17,331.88,233.25,740.62,1,1,1.0
460,1,1.27,325.5,234.17999999999998,747.3800000000001,1,1,1.0
461,1,1.41,326.81,234.37,745.5,1,1,1.0
462,1,1.5,330.28,234.94,743.25,1,1,1.0
463,1,1.08,332.44,235.5,741.75,1,1,1.0
464,1,1.36,332.62,235.69,741.7600000000001,1,1,1.0
465,1,1.17,331.97,236.25,742.5,1,1,1.0
466,1,1.22,329.91,236.81,744.75,1,1,1.0
467,1,0.89,327.0,237.94000000000003,747.3800000000001,1,1,1.0
468,1,1.55,325.41,237.56,748.1199999999999,1,1,1.0
469,1,1.36,323.72,238.69,749.6199999999999,1,1,1.0
470,1,1.36,323.53,240.0,749.6300000000001,1,1,1.0
471,1,1.59,323.62,241.5,749.63,1,1,1.0
472,1,1.5,323.91,243.56,749.6199999999999,1,1,1.0
473,1,1.55,324.94,246.0,748.5,1,1,1.0
474,1,1.69,325.88,249.0,748.12,1,1,1.0
475,1,1.78,326.62,251.63,747.38,1,1,1.0
476,1,1.92,326.25,254.44000000000003,748.1300000000001,1,1,1.0
477,1,2.02,325.59,256.31,748.1300000000001,1,1,1.0
478,1,1.69,323.34,258.0,750.3800000000001,1,1,1.0
479,1,1.73,320.81,258.19,752.6300000000001,1,1,1.0
480,1,1.88,315.09,258.18,757.5,1,1,1.0
481,1,1.97,317.53,258.55999999999995,754.5,1,1,1.0
482,1,1.5,317.72,259.69,754.5,1,1,1.0
483,1,1.45,318.84,259.88,753.3800000000001,1,1,1.0
484,1,1.55,319.78,259.68,752.25,1,1,1.0
485,1,1.64,323.91,258.94,748.5,1,1,1.0
486,1,1.69,321.94,258.94,750.3699999999999,1,1,1.0
487,1,1.55,323.34,258.0,748.5,1,1,1.0
488,1,1.59,320.06,256.88000000000005,752.25,1,1,1.0
489,1,1.5,323.16,256.88,748.5,1,1,1.0
490,1,1.45,318.75,255.38,753.3699999999999,1,1,1.0
491,1,1.5,315.19,254.62,757.1199999999999,1,1,1.0
492,1,1.45,313.12,254.63,759.38,1,1,1.0
493,1,1.41,311.53,255.92999999999998,760.8800000000001,1,1,1.0
494,1,1.12,319.5,256.32,753.3800000000001,1,1,1.0
495,1,1.22,323.91,255.36999999999998,749.6199999999999,1,1,1.0
496,1,1.17,325.03,254.63000000000002,748.5,1,1,1.0
497,1,1.31,323.72,254.44,750.3699999999999,1,1,1.0
498,1,1.31,317.91,254.06,756.0,1,1,1.0
499,1,1.36,321.47,253.11999999999998,752.6199999999999,1,1,1.0
500,1,1.36,315.84,252.36999999999998,758.25,1,1,1.0
501,1,1.31,308.53,251.81,765.75,1,1,1.0
502,1,1.22,307.31,251.62,766.8800000000001,1,1,1.0
503,1,1.22,308.72,250.12,765.0,1,1,1.0
504,1,1.03,298.69,249.0,775.5,1,1,1.0
505,1,1.08,334.31,247.5,742.5,1,1,1.0
506,1,0.94,334.12,245.25,743.2600000000001,1,1,1.0
507,1,0.8,334.78,244.11999999999998,742.5,1,1,1.0
508,1,0.61,353.44,244.11999999999998,724.1199999999999,1,1,1.0
509,1,0.56,370.03,242.81,707.6300000000001,1,1,1.0
510,1,0.7,357.19,240.94,720.0,1,1,1.0
511,1,0.66,364.97,240.56,712.5,1,1,1.0
512,1,0.61,364.41,239.05999999999997,712.5,1,1,1.0
513,1,0.56,366.94,237.94,709.5,1,1,1.0
514,1,0.38,374.62,235.68,701.63,1,1,1.0
515,1,0.42,365.72,233.81,709.8699999999999,1,1,1.0
516,1,0.42,367.78,232.5,707.6300000000001,1,1,1.0
517,1,0.52,348.28,230.61999999999998,726.75,1,1,1.0
518,1,0.47,352.12,228.19,722.63,1,1,1.0
519,1,0.47,352.88,227.06,721.87,1,1,1.0
520,1,0.52,349.22,225.36999999999998,725.6199999999999,1,1,1.0
521,1,0.56,352.03,222.56,722.6300000000001,1,1,1.0
522,1,0.52,355.12,221.61999999999998,719.63,1,1,1.0
523,1,0.56,359.06,219.56,715.8800000000001,1,1,1.0
524,1,0.84,359.16,217.13,715.8699999999999,1,1,1.0
525,1,0.7,352.03,215.82000000000002,722.6300000000001,1,1,1.0
526,1,0.66,357.09,213.75,717.75,1,1,1.0
527,1,0.89,353.72,210.75,720.75,1,1,1.0
528,1,0.89,357.75,207.94000000000003,717.0,1,1,1.0
529,1,1.17,353.62,204.38000000000002,719.9999999999999,1,1,1.0
530,1,1.12,353.62,201.38,719.9999999999999,1,1,1.0
531,1,1.03,350.53,197.63,722.6300000000001,1,1,1.0
532,1,1.17,343.03,194.81,729.75,1,1,1.0
533,1,0.38,335.25,192.74,740.6300000000001,1,1,1.0
534,1,0.84,332.53,189.94,743.25,1,1,1.0
535,1,0.7,331.69,187.97,744.0,1,1,1.0
536,1,0.89,331.59,184.97000000000003,744.75,1,1,1.0
537,1,0.98,334.59,182.72,741.75,1,1,1.0
538,1,1.03,335.72,180.56,741.75,1,1,1.0
539,1,0.84,333.56,179.07,743.25,1,1,1.0
540,1,0.7,335.72,177.10000000000002,740.6199999999999,1,1,1.0
541,1,0.52,337.5,177.09,739.5,1,1,1.0
542,1,0.52,332.81,175.03,744.0,1,1,1.0
543,1,0.38,333.84,174.18,742.5,1,1,1.0
544,1,0.33,335.06,172.39999999999998,741.75,1,1,1.0
545,1,0.33,331.88,171.83999999999997,744.7399999999999,1,1,1.0
546,1,0.33,319.03,170.53,757.5,1,1,1.0
547,1,0.23,324.0,170.35000000000002,752.6199999999999,1,1,1.0
548,1,0.23,324.47,169.97,752.25,1,1,1.0
549,1,0.47,313.97,169.69,762.3699999999999,1,1,1.0
550,1,0.47,301.69,169.5,774.0,1,1,1.0
551,1,0.38,291.33,169.5,783.75,1,1,1.0
552,1,0.33,292.88,170.53,782.2399999999999,1,1,1.0
553,1,0.19,298.97,171.37,776.25,1,1,1.0
554,1,0.42,299.81,172.41000000000003,775.5,1,1,1.0
555,1,0.56,297.0,173.44,778.5,1,1,1.0
556,1,0.52,302.72,175.78,773.25,1,1,1.0
557,1,0.61,304.22,177.08999999999997,772.5,1,1,1.0
558,1,0.52,307.69,178.20999999999998,768.75,1,1,1.0
559,1,0.61,307.22,179.52999999999997,768.75,1,1,1.0
560,1,0.75,307.22,180.56,769.5,1,1,1.0
561,1,0.56,307.78,181.69,768.75,1,1,1.0
562,1,0.52,304.59,182.53,772.5,1,1,1.0
563,1,0.8,299.53,182.72,777.0,1,1,1.0
564,1,0.66,296.06,183.56,780.75,1,1,1.0
565,1,0.66,309.56,183.37,767.25,1,1,1.0
566,1,0.75,311.81,183.56,765.0,1,1,1.0
567,1,0.8,309.47,183.83999999999997,767.25,1,1,1.0
568,1,0.8,305.62,183.83999999999997,770.9999999999999,1,1,1.0
569,1,0.89,304.12,183.84,772.4999999999999,1,1,1.0
570,1,0.84,302.25,183.57,774.0,1,1,1.0
571,1,0.8,304.12,183.83999999999997,772.4999999999999,1,1,1.0
572,1,0.75,308.72,184.13,768.0,1,1,1.0
573,1,0.8,304.97,183.83999999999997,771.75,1,1,1.0
574,1,0.7,303.56,183.85000000000002,773.25,1,1,1.0
575,1,0.61,310.03,183.83999999999997,767.25,1,1,1.0
576,1,0.66,308.25,183.56,768.75,1,1,1.0
577,1,0.8,304.59,182.72,772.5,1,1,1.0
578,1,0.66,313.5,183.0,763.1199999999999,1,1,1.0
579,1,0.7,316.78,182.72,760.8800000000001,1,1,1.0
580,1,0.61,325.22,182.72,752.25,1,1,1.0
581,1,0.66,318.38,181.68,759.37,1,1,1.0
582,1,0.7,315.75,181.41000000000003,762.0,1,1,1.0
583,1,0.61,319.78,181.22,757.5,1,1,1.0
584,1,0.52,318.0,181.20999999999998,759.3800000000001,1,1,1.0
585,1,0.7,316.5,180.85000000000002,760.8800000000001,1,1,1.0
586,1,0.66,311.34,180.37,765.75,1,1,1.0
587,1,0.66,311.62,180.56,765.7600000000001,1,1,1.0
588,1,0.56,309.19,180.38,768.0,1,1,1.0
589,1,0.52,307.31,180.84,768.75,1,1,1.0
590,1,0.66,301.03,180.56,774.75,1,1,1.0
591,1,0.56,301.03,180.38,774.75,1,1,1.0
592,1,0.56,305.34,180.38,771.0,1,1,1.0
593,1,0.56,307.22,180.38,768.75,1,1,1.0
594,1,0.56,309.28,179.81,766.8800000000001,1,1,1.0
595,1,0.61,305.91,179.52999999999997,769.5,1,1,1.0
596,1,0.7,305.91,179.53,769.5,1,1,1.0
597,1,0.56,309.09,179.06,766.8800000000001,1,1,1.0
598,1,0.84,300.28,178.69,775.5,1,1,1.0
599,1,0.61,304.78,178.41,771.75,1,1,1.0
600,1,0.47,314.91,179.06,762.0,1,1,1.0
601,1,0.66,304.03,179.25,772.5,1,1,1.0
602,1,0.56,305.34,179.25,771.0,1,1,1.0
603,1,0.66,304.97,179.06,771.75,1,1,1.0
604,1,0.56,304.78,179.06,771.75,1,1,1.0
605,1,0.56,305.81,179.06,771.0,1,1,1.0
606,1,0.61,308.06,178.41,768.75,1,1,1.0
607,1,0.56,309.84,178.69,766.8800000000001,1,1,1.0
608,1,0.61,302.72,178.41,774.0,1,1,1.0
609,1,0.66,303.28,179.06,773.25,1,1,1.0
610,1,0.52,306.56,179.53,769.5,1,1,1.0
611,1,0.61,303.0,179.52999999999997,773.25,1,1,1.0
612,1,0.56,305.53,179.81,771.0,1,1,1.0
613,1,0.75,300.38,180.37,776.2399999999999,1,1,1.0
614,1,0.7,303.66,181.22,773.25,1,1,1.0
615,1,0.52,308.53,182.53,768.0,1,1,1.0
616,1,0.38,332.25,183.56,744.75,1,1,1.0
617,1,0.42,336.56,184.41000000000003,740.6300000000001,1,1,1.0
618,1,0.52,341.53,184.95999999999998,735.75,1,1,1.0
619,1,0.8,331.12,185.53,746.63,1,1,1.0
620,1,0.61,331.03,186.83999999999997,746.6300000000001,1,1,1.0
621,1,0.66,335.25,187.12,741.75,1,1,1.0
622,1,0.8,323.62,187.39999999999998,753.38,1,1,1.0
623,1,0.84,315.19,188.44,760.8699999999999,1,1,1.0
624,1,0.75,316.59,190.13,759.3800000000001,1,1,1.0
625,1,0.84,330.47,192.0,744.75,1,1,1.0
626,1,1.17,337.22,196.31,735.3699999999999,1,1,1.0
627,1,1.45,340.03,199.69,732.75,1,1,1.0
628,1,1.22,348.56,203.62,724.8800000000001,1,1,1.0
629,1,1.17,347.34,206.44000000000003,726.75,1,1,1.0
630,1,1.12,349.22,209.63,725.6199999999999,1,1,1.0
631,1,0.84,348.66,214.13,725.6199999999999,1,1,1.0
632,1,0.75,347.06,217.5,727.5,1,1,1.0
633,1,0.8,357.84,220.86999999999998,717.0,1,1,1.0
634,1,0.61,364.12,226.11999999999998,710.63,1,1,1.0
635,1,0.38,362.44,230.06,712.5,1,1,1.0
636,1,0.19,372.0,233.81,702.75,1,1,1.0
637,1,0.28,372.66,236.63,702.3699999999999,1,1,1.0
638,1,0.38,382.03,240.37,693.0,1,1,1.0
639,1,0.23,383.44,244.69,691.5,1,1,1.0
640,1,0.28,373.22,248.44,702.3699999999999,1,1,1.0
641,1,1.12,418.92,249.38,656.6299999999999,1,1,1.0
642,1,1.17,415.59,251.63000000000002,660.0,1,1,1.0
643,1,1.08,421.92,252.36999999999998,654.0,1,1,1.0
644,1,0.98,427.31,253.13000000000002,648.0,1,1,1.0
645,1,1.12,427.36,251.82,647.9999999999999,1,1,1.0
646,1,0.98,410.86,251.63000000000002,664.12,1,1,1.0
647,1,1.03,412.03,249.94,663.0,1,1,1.0
648,1,0.94,408.61,248.81,666.37,1,1,1.0
649,1,0.89,410.44,248.81,664.5,1,1,1.0
650,1,0.23,374.34,249.38000000000002,702.3800000000001,1,1,1.0
651,1,0.33,377.72,248.05999999999997,698.25,1,1,1.0
652,1,0.98,409.41,245.44,665.25,1,1,1.0
653,1,1.03,411.61,242.81,662.9999999999999,1,1,1.0
654,1,0.09,372.38,244.13,704.62,1,1,1.0
655,1,0.84,417.47,240.38,657.0,1,1,1.0
656,1,0.75,421.78,239.81,652.5,1,1,1.0
657,1,0.75,413.58,240.0,660.75,1,1,1.0
658,1,0.8,414.28,241.11999999999998,660.0,1,1,1.0
659,1,0.75,434.3,242.44,640.5,1,1,1.0
660,1,0.66,430.45,242.81,644.25,1,1,1.0
661,1,0.75,432.7,242.44,642.0,1,1,1.0
662,1,0.75,427.03,242.44,647.25,1,1,1.0
663,1,0.98,439.69,242.25,634.5,1,1,1.0
664,1,0.8,409.64,242.25,664.5000000000001,1,1,1.0
665,1,0.66,428.06,242.43,646.5,1,1,1.0
666,1,0.84,442.69,241.5,632.25,1,1,1.0
667,1,0.89,437.44,241.13000000000002,637.1199999999999,1,1,1.0
668,1,0.8,442.36,241.11999999999998,632.2499999999999,1,1,1.0
669,1,0.75,443.3,240.56,631.1200000000001,1,1,1.0
670,1,0.52,431.62,240.36999999999998,642.7600000000001,1,1,1.0
671,1,0.47,427.73,238.5,647.25,1,1,1.0
672,1,0.75,447.23,236.25,627.3799999999999,1,1,1.0
673,1,0.66,423.94,232.31,649.1199999999999,1,1,1.0
674,1,0.28,418.45,229.31,654.75,1,1,1.0
675,1,0.0,368.16,229.5,705.3699999999999,1,1,1.0
676,1,0.14,357.84,225.38000000000002,715.5,1,1,1.0
677,1,0.38,356.62,220.87,716.9999999999999,1,1,1.0
678,1,0.09,375.94,214.32,696.75,1,1,1.0
679,1,0.52,431.62,204.36999999999998,641.63,1,1,1.0
680,1,0.8,424.55,199.11999999999998,649.1200000000001,1,1,1.0
681,1,0.61,364.59,197.05999999999997,707.6300000000001,1,1,1.0
682,1,1.12,419.2,185.82,657.0,1,1,1.0
683,1,0.61,432.75,181.41,642.75,1,1,1.0
684,1,0.28,442.73,175.5,632.25,1,1,1.0
685,1,0.09,446.62,169.69,628.88,1,1,1.0
686,1,-0.05,447.47,164.35000000000002,627.75,1,1,1.0
687,1,-0.19,465.94,158.44,610.5,1,1,1.0
688,1,-0.23,468.0,151.39999999999998,609.0,1,1,1.0
689,1,0.05,449.72,144.83999999999997,627.3699999999999,1,1,1.0
690,1,0.23,460.64,140.35000000000002,617.2500000000001,1,1,1.0
691,1,0.33,474.33,137.53,605.25,1,1,1.0
692,1,-0.09,492.84,136.12,590.25,1,1,1.0
693,1,0.05,71.25,141.08999999999997,1004.25,1,1,1.0
694,1,0.05,67.73,141.08999999999997,1008.0,1,1,1.0
695,1,0.0,73.08,142.31,1002.7499999999999,1,1,1.0
706,1,0.0,73.08,142.31,1002.7499999999999,1,1,1.0
707,1,0.75,472.69,179.81,604.1199999999999,1,1,1.0
708,1,0.8,470.3,189.08999999999997,606.3700000000001,1,1,1.0
709,1,1.45,468.28,200.82000000000002,604.8800000000001,1,1,1.0
710,1,1.36,470.34,211.69,603.0,1,1,1.0
711,1,1.45,464.06,219.75,609.75,1,1,1.0
712,1,1.36,465.19,225.55999999999997,608.6199999999999,1,1,1.0
713,1,1.31,466.5,229.31,606.75,1,1,1.0
713,2,1229.81,551.53,622.8700000000001,521.25,1,1,1.0
714,1,1.41,467.91,230.06,605.25,1,1,1.0
714,2,1200.94,529.5,634.1199999999999,541.8800000000001,1,1,1.0
715,1,1.41,464.62,230.43,607.4999999999999,1,1,1.0
715,2,1182.0,516.38,621.75,553.5000000000001,1,1,1.0
716,1,1.03,452.48,229.88,618.75,1,1,1.0
716,2,1175.62,502.41,621.75,567.3699999999999,1,1,1.0
717,1,1.27,451.97,228.0,619.8699999999999,1,1,1.0
717,2,1163.81,486.66,632.25,582.75,1,1,1.0
718,1,1.17,457.73,225.94000000000003,614.25,1,1,1.0
718,2,1153.31,475.97,636.75,592.8699999999999,1,1,1.0
719,1,0.94,464.58,222.56,606.3700000000001,1,1,1.0
719,2,1146.84,463.41,550.8800000000001,606.3699999999999,1,1,1.0
720,1,1.17,452.48,217.13000000000002,619.8799999999999,1,1,1.0
720,2,1135.97,454.22,534.3699999999999,615.75,1,1,1.0
721,1,1.08,466.17,209.44,606.75,1,1,1.0
721,2,1126.69,447.19,520.5,622.8699999999999,1,1,1.0
722,1,1.12,460.41,201.38,613.5,1,1,1.0
722,2,1110.19,438.56,508.8699999999999,633.3800000000001,1,1,1.0
723,1,1.27,461.25,189.09,615.3699999999999,1,1,1.0
723,2,1096.5,430.03,497.6199999999999,642.75,1,1,1.0
724,1,1.31,475.03,180.56,601.8800000000001,1,1,1.0
724,2,1083.75,421.55,482.6300000000001,651.3700000000001,1,1,1.0
725,1,1.03,482.91,169.69,596.25,1,1,1.0
725,2,1072.59,409.45,471.0,663.0,1,1,1.0
726,2,1058.06,391.31,461.6200000000001,682.1300000000001,1,1,1.0
727,2,1044.0,376.12,455.6199999999999,697.13,1,1,1.0
728,2,1030.12,358.12,458.25,713.9999999999999,1,1,1.0
729,2,1016.44,342.0,461.25,729.75,1,1,1.0
730,2,1004.72,328.12,461.25,742.4999999999999,1,1,1.0
731,2,995.44,316.31,459.0,756.0,1,1,1.0
732,2,986.34,306.75,458.9999999999999,763.1300000000001,1,1,1.0
733,2,976.22,297.56,472.5,773.25,1,1,1.0
734,2,967.5,290.81,492.75,780.75,1,1,1.0
735,2,961.31,282.94,505.5,789.0,1,1,1.0
736,2,956.44,278.25,510.3699999999999,793.5,1,1,1.0
737,2,950.25,274.88,511.8699999999999,795.7399999999999,1,1,1.0
738,2,947.62,272.06,502.88,798.0,1,1,1.0
739,2,944.81,270.0,495.75,800.25,1,1,1.0
740,2,939.75,267.38,492.75,804.0000000000001,1,1,1.0
741,2,938.44,261.19,479.6199999999999,811.5,1,1,1.0
742,2,936.38,256.5,459.0000000000001,816.0,1,1,1.0
743,2,936.75,247.5,439.8699999999999,825.75,1,1,1.0
744,2,939.19,235.88,416.6199999999999,838.5000000000001,1,1,1.0
745,2,943.83,226.88,394.87,849.7399999999999,1,1,1.0
746,2,949.5,221.3,369.94000000000005,854.25,1,1,1.0
747,2,950.91,215.53,360.37,859.5,1,1,1.0
748,2,952.5,209.06,351.3800000000001,864.0,1,1,1.0
749,2,954.75,205.03,342.19000000000005,868.5,1,1,1.0
750,2,956.34,200.06,334.32000000000005,874.5,1,1,1.0
751,2,958.88,195.0,325.87,879.0,1,1,1.0
752,2,959.81,190.97,319.69000000000005,883.5,1,1,1.0
753,2,960.19,187.31,313.30999999999995,886.5,1,1,1.0
754,2,960.09,182.53,307.4999999999999,891.0,1,1,1.0
755,2,958.69,180.38,301.8699999999999,894.7399999999999,1,1,1.0
756,2,956.81,178.97,296.6300000000001,896.25,1,1,1.0
757,2,953.95,173.62,292.5,901.4999999999999,1,1,1.0
758,2,951.05,172.31,289.69000000000005,902.25,1,1,1.0
759,2,948.0,168.47,286.1199999999999,906.75,1,1,1.0
760,2,944.2,163.59,284.25,908.2499999999999,1,1,1.0
761,2,940.73,157.78,282.0,908.25,1,1,1.0
762,2,937.12,150.28,278.9999999999999,901.5,1,1,1.0
763,2,935.58,145.55,275.2499999999999,853.5,1,1,1.0
764,2,932.81,141.23,276.0,830.25,1,1,1.0
765,2,932.2,133.9,277.69000000000005,804.75,1,1,1.0
766,2,930.14,126.09,287.06000000000006,804.75,1,1,1.0
767,2,930.0,122.53,299.05999999999995,807.0,1,1,1.0
768,2,929.95,120.75,308.44000000000005,808.5,1,1,1.0
769,2,930.7,119.62,312.94000000000005,810.76,1,1,1.0
770,2,930.28,119.25,317.6300000000001,810.75,1,1,1.0
771,2,930.19,119.06,318.0,811.5,1,1,1.0
772,2,930.52,118.22,316.68000000000006,811.5,1,1,1.0
773,2,931.22,118.78,314.05999999999995,811.5,1,1,1.0
774,2,930.89,117.66,312.93999999999994,812.25,1,1,1.0
775,2,930.84,116.25,309.38,811.5,1,1,1.0
776,2,931.88,114.66,303.92999999999995,804.0,1,1,1.0
777,2,933.84,107.62,294.57000000000005,801.0,1,1,1.0
778,2,938.72,99.61,277.69000000000005,758.25,1,1,1.0
779,2,944.06,95.2,259.8800000000001,736.88,1,1,1.0
780,2,947.11,91.41,246.56000000000006,714.0,1,1,1.0
781,2,950.11,90.84,236.9999999999999,687.75,1,1,1.0
782,2,951.42,88.83,229.88,681.0,1,1,1.0
783,2,952.36,86.53,223.4999999999999,682.5,1,1,1.0
784,1,0.38,408.47,276.18,663.0,1,1,1.0
784,2,953.62,82.5,217.4999999999999,686.25,1,1,1.0
785,1,0.56,406.03,290.06,666.75,1,1,1.0
785,2,953.91,81.84,215.81000000000006,685.13,1,1,1.0
786,1,0.84,402.56,300.0,670.5,1,1,1.0
786,2,954.28,81.0,213.0,685.12,1,1,1.0
787,1,0.75,396.56,310.13,676.8800000000001,1,1,1.0
787,2,955.71,81.33,207.37999999999988,686.25,1,1,1.0
788,1,0.47,398.16,318.0,674.6199999999999,1,1,1.0
788,2,955.41,78.38,205.12,689.24,1,1,1.0
789,1,0.66,392.62,324.0,679.88,1,1,1.0
789,2,955.41,80.34,200.42999999999995,684.38,1,1,1.0
790,1,0.75,385.5,330.0,685.1199999999999,1,1,1.0
790,2,955.62,81.09,195.92999999999995,679.88,1,1,1.0
791,1,1.31,378.66,335.25,692.25,1,1,1.0
791,2,957.02,81.56,190.69000000000005,675.0,1,1,1.0
792,1,1.59,374.06,339.75,695.25,1,1,1.0
792,2,955.1,78.38,189.93999999999994,679.12,1,1,1.0
793,1,1.41,369.38,345.0,699.37,1,1,1.0
793,2,951.35,76.69,189.2800000000001,665.25,1,1,1.0
794,1,1.59,366.66,349.88000000000005,702.3699999999999,1,1,1.0
794,2,947.16,75.0,188.2500000000001,647.25,1,1,1.0
795,1,1.5,362.72,353.06,705.3699999999999,1,1,1.0
795,2,944.34,71.58,186.65999999999997,639.37,1,1,1.0
796,1,0.94,357.84,354.56,709.8800000000001,1,1,1.0
796,2,938.44,66.7,185.80999999999995,621.38,1,1,1.0
797,1,0.75,353.16,356.25,714.75,1,1,1.0
797,2,935.16,61.59,187.12,609.75,1,1,1.0
798,1,1.9,345.19,356.62,724.8699999999999,1,1,1.0
798,2,931.36,55.41,189.2800000000001,604.12,1,1,1.0
799,1,1.64,342.66,358.5,727.8699999999999,1,1,1.0
799,2,928.5,50.3,193.5,605.25,1,1,1.0
800,1,1.45,340.22,363.0,730.5,1,1,1.0
800,2,922.5,48.33,203.05999999999995,607.5,1,1,1.0
801,1,0.94,338.06,366.94,732.75,1,1,1.0
801,2,916.69,49.45,214.30999999999995,605.25,1,1,1.0
802,1,0.82,336.09,369.19,734.6300000000001,1,1,1.0
802,2,911.25,48.84,224.05999999999995,606.38,1,1,1.0
803,1,0.49,333.28,371.44,737.6300000000001,1,1,1.0
803,2,906.75,48.8,231.3699999999999,605.25,1,1,1.0
804,1,0.42,330.19,371.44,739.8699999999999,1,1,1.0
804,2,902.34,48.7,234.7499999999999,604.88,1,1,1.0
805,1,0.4,327.47,369.19,742.5,1,1,1.0
805,2,898.22,49.5,237.19000000000005,602.62,1,1,1.0
806,1,0.73,325.12,368.25,744.7600000000001,1,1,1.0
806,2,893.25,47.25,239.05999999999995,605.25,1,1,1.0
807,1,1.1,322.5,366.0,748.1199999999999,1,1,1.0
807,2,887.91,46.69,241.87,606.3699999999999,1,1,1.0
808,1,1.31,319.31,362.25,751.5,1,1,1.0
808,2,885.28,46.88,240.55999999999995,604.87,1,1,1.0
809,1,1.95,313.12,358.12,757.13,1,1,1.0
809,2,883.03,45.19,238.5,606.3699999999999,1,1,1.0
810,1,1.76,306.66,354.0,764.25,1,1,1.0
810,2,880.12,44.16,235.4999999999999,591.37,1,1,1.0
811,1,1.45,300.94,350.82,769.5,1,1,1.0
811,2,878.3,40.15,226.5,585.37,1,1,1.0
812,1,0.56,295.12,349.5,773.9999999999999,1,1,1.0
812,2,877.73,34.69,217.5,577.5,1,1,1.0
813,1,0.94,290.67,348.19,778.5,1,1,1.0
813,2,877.88,31.41,203.06000000000006,564.37,1,1,1.0
814,1,0.94,289.08,349.12,779.25,1,1,1.0
814,2,880.03,30.19,187.69000000000005,547.5,1,1,1.0
815,1,0.94,287.44,351.75,782.25,1,1,1.0
815,2,883.36,28.12,173.90999999999997,540.0,1,1,1.0
816,1,0.75,286.78,356.63,785.25,1,1,1.0
816,2,887.2,27.05,162.27999999999997,537.37,1,1,1.0
817,1,-0.61,283.55,365.63,789.75,1,1,1.0
817,2,890.06,25.88,155.25,537.37,1,1,1.0
818,1,-0.61,280.69,375.94,792.0,1,1,1.0
818,2,894.28,23.72,146.6300000000001,538.87,1,1,1.0
819,1,-0.42,278.81,382.31,794.25,1,1,1.0
819,2,894.09,22.64,144.18999999999994,538.88,1,1,1.0
820,1,-0.19,275.44,388.88,799.5,1,1,1.0
820,2,892.69,23.34,143.44000000000005,539.63,1,1,1.0
821,1,-0.75,273.0,394.87,801.75,1,1,1.0
821,2,887.91,24.98,147.37,537.75,1,1,1.0
822,1,-0.38,272.62,399.0,801.7600000000001,1,1,1.0
822,2,882.52,26.72,151.96000000000004,536.62,1,1,1.0
823,1,0.0,272.44,401.62,801.75,1,1,1.0
823,2,876.68,28.17,157.97000000000014,534.75,1,1,1.0
824,1,-0.19,273.0,403.88,800.25,1,1,1.0
824,2,873.38,29.06,160.5000000000001,532.5,1,1,1.0
825,1,-0.19,271.69,405.38,802.5,1,1,1.0
825,2,869.98,31.12,162.55999999999995,528.76,1,1,1.0
826,1,-0.19,271.31,405.75,801.75,1,1,1.0
826,2,865.38,30.8,164.5300000000001,525.0,1,1,1.0
827,1,-0.19,270.56,407.63,802.5,1,1,1.0
827,2,854.95,29.3,172.97000000000003,517.87,1,1,1.0
828,1,-0.56,270.38,412.5,802.5000000000001,1,1,1.0
828,2,848.02,27.61,179.52999999999997,505.12,1,1,1.0
829,1,-0.94,268.31,415.5,805.5,1,1,1.0
829,2,842.86,26.2,178.40999999999997,499.88000000000005,1,1,1.0
830,1,-0.75,268.69,415.5,804.0,1,1,1.0
830,2,833.16,20.53,178.68000000000006,495.75,1,1,1.0
831,1,-1.12,267.94,417.37,805.5,1,1,1.0
831,2,828.33,23.39,172.02999999999997,489.0,1,1,1.0
832,1,-1.88,268.31,421.88,805.5,1,1,1.0
832,2,823.45,23.2,163.88,488.25,1,1,1.0
833,1,-1.69,268.12,427.5,805.4999999999999,1,1,1.0
833,2,814.45,21.19,157.9699999999999,489.37,1,1,1.0
834,1,-1.78,268.69,434.25,804.0,1,1,1.0
834,2,806.27,21.8,153.75,487.5,1,1,1.0
835,1,0.42,269.3,429.75,801.0,1,1,1.0
835,2,793.08,22.45,168.75,487.5,1,1,1.0
836,1,-0.28,269.67,433.86999999999995,800.25,1,1,1.0
836,2,795.28,21.66,165.19000000000005,489.0,1,1,1.0
837,1,-0.56,271.69,436.5,797.25,1,1,1.0
837,2,793.76,22.66,164.52999999999997,486.0,1,1,1.0
838,1,-0.28,273.66,444.36999999999995,795.75,1,1,1.0
838,2,789.82,22.95,164.52999999999997,487.5,1,1,1.0
839,1,-0.09,277.83,450.75,791.25,1,1,1.0
839,2,778.64,23.6,167.90999999999997,486.0,1,1,1.0
840,1,0.09,282.52,457.88000000000005,786.0,1,1,1.0
840,2,776.62,24.23,165.18999999999994,486.0,1,1,1.0
841,1,-2.44,287.62,467.25,783.7600000000001,1,1,1.0
841,2,757.97,24.7,183.55999999999995,489.00000000000006,1,1,1.0
842,1,1.41,290.62,468.75,780.7600000000001,1,1,1.0
842,2,754.55,24.94,186.2800000000001,487.50000000000006,1,1,1.0
843,1,5.62,293.81,467.26,777.75,1,1,1.0
843,2,743.16,23.25,199.31000000000006,486.37,1,1,1.0
844,1,9.38,293.44,463.5,777.75,1,1,1.0
844,2,732.56,20.16,205.1300000000001,482.25,1,1,1.0
845,1,13.22,292.5,459.0,779.25,1,1,1.0
845,2,735.84,14.53,192.38,482.25,1,1,1.0
846,1,16.78,291.19,454.5,780.75,1,1,1.0
846,2,726.52,19.17,182.71000000000004,472.13,1,1,1.0
847,1,22.03,290.62,450.0,781.4999999999999,1,1,1.0
847,2,726.42,33.98,167.63,450.0,1,1,1.0
848,1,28.03,290.06,444.38,783.0,1,1,1.0
848,2,722.34,24.47,157.9699999999999,454.5,1,1,1.0
849,1,33.19,288.19,441.0,785.25,1,1,1.0
849,2,721.17,38.91,132.66000000000008,434.25,1,1,1.0
850,1,37.41,288.19,438.75,785.25,1,1,1.0
850,2,716.72,47.95,122.25,424.88,1,1,1.0
851,1,41.62,289.31,435.0,783.75,1,1,1.0
851,2,709.03,26.2,121.41000000000008,447.0,1,1,1.0
852,1,44.91,288.38,434.25,785.2399999999999,1,1,1.0
852,2,699.47,24.56,130.87,458.25,1,1,1.0
853,1,47.16,288.75,432.75,783.75,1,1,1.0
854,1,48.66,288.56,434.25,783.75,1,1,1.0
855,1,49.31,289.5,434.25,783.0,1,1,1.0
856,1,49.41,289.5,436.5,783.0,1,1,1.0
857,1,50.81,291.56,435.75,780.75,1,1,1.0
858,1,51.19,291.56,437.25,780.75,1,1,1.0
859,1,51.28,291.38,439.5,780.7399999999999,1,1,1.0
860,1,52.03,291.75,439.88,780.75,1,1,1.0
861,1,53.34,291.94,439.88,780.75,1,1,1.0
862,1,54.19,291.75,439.87,780.75,1,1,1.0
863,1,55.03,291.75,439.88,780.75,1,1,1.0
864,1,55.12,291.19,441.0,780.75,1,1,1.0
865,1,55.41,291.56,441.75,780.75,1,1,1.0
866,1,55.78,291.38,441.75,780.7399999999999,1,1,1.0
867,1,57.0,290.81,441.0,781.5,1,1,1.0
868,1,57.84,289.69,439.88,783.0,1,1,1.0
869,1,58.41,289.12,439.5,782.9999999999999,1,1,1.0
870,1,58.88,288.38,439.5,783.7399999999999,1,1,1.0
871,1,59.81,287.44,439.5,785.25,1,1,1.0
872,1,60.94,287.44,437.62,785.25,1,1,1.0
873,1,61.31,287.62,437.25,785.2600000000001,1,1,1.0
874,1,62.34,287.62,435.75,785.2600000000001,1,1,1.0
875,1,62.62,287.62,435.76,785.2600000000001,1,1,1.0
876,1,62.72,287.81,435.75,785.25,1,1,1.0
877,1,62.44,288.56,435.75,783.75,1,1,1.0
878,1,62.44,288.38,435.75,783.7399999999999,1,1,1.0
879,1,62.62,288.75,435.76,783.75,1,1,1.0
880,1,62.62,288.56,435.76,783.75,1,1,1.0
881,1,62.72,288.56,435.0,783.75,1,1,1.0
882,1,62.72,288.38,435.0,783.7399999999999,1,1,1.0
883,1,62.44,287.44,435.0,785.25,1,1,1.0
884,1,62.06,287.62,435.0,785.2600000000001,1,1,1.0
885,1,61.41,287.62,435.0,785.2600000000001,1,1,1.0
886,1,61.41,286.31,434.25,786.75,1,1,1.0
887,1,60.94,286.31,434.25,786.75,1,1,1.0
888,1,60.38,285.56,432.0,787.5,1,1,1.0
889,1,59.25,284.44,432.0,789.0,1,1,1.0
890,1,59.06,284.06,429.75,789.0,1,1,1.0
891,1,59.06,280.69,427.5,792.0,1,1,1.0
892,1,58.69,278.25,424.87,794.25,1,1,1.0
893,1,59.25,277.12,421.13,795.7600000000001,1,1,1.0
894,1,60.94,274.12,414.37,799.4999999999999,1,1,1.0
895,1,63.0,273.38,408.0,799.5000000000001,1,1,1.0
896,1,66.28,271.64,397.5,800.2500000000001,1,1,1.0
897,1,70.78,270.84,389.63,801.0,1,1,1.0
898,1,74.72,267.23,381.19000000000005,804.0,1,1,1.0
899,1,79.69,263.77,371.81,807.75,1,1,1.0
900,1,84.38,261.84,361.5,810.75,1,1,1.0
901,1,87.09,260.48,353.63,811.5,1,1,1.0
902,1,86.34,259.31,346.88,813.75,1,1,1.0
903,1,83.53,256.92,343.13,816.75,1,1,1.0
904,1,81.09,254.58,336.57000000000005,819.7499999999999,1,1,1.0
905,1,77.44,252.89,334.31,822.0000000000001,1,1,1.0
906,1,73.5,252.05,335.25,822.75,1,1,1.0
907,1,69.75,250.12,334.69,824.2600000000001,1,1,1.0
908,1,68.11,249.23,330.19,825.75,1,1,1.0
909,1,67.55,246.75,324.75,828.0,1,1,1.0
910,1,68.11,245.2,319.69,829.5,1,1,1.0
911,1,69.84,243.56,314.43999999999994,831.0,1,1,1.0
912,1,67.59,240.19,312.75,830.25,1,1,1.0
913,1,64.64,239.16,310.88,831.7500000000001,1,1,1.0
914,1,60.33,236.72,309.0,834.0,1,1,1.0
915,1,58.36,236.58,306.56,839.2499999999999,1,1,1.0
916,1,53.11,236.11,310.87,840.7499999999999,1,1,1.0
917,1,48.66,236.34,321.92999999999995,839.9999999999999,1,1,1.0
918,1,46.22,238.73,330.94000000000005,836.25,1,1,1.0
919,1,41.48,239.2,341.25,836.25,1,1,1.0
920,1,33.66,241.22,356.81000000000006,834.75,1,1,1.0
921,1,25.08,244.12,372.56,830.9999999999999,1,1,1.0
922,1,8.81,244.69,398.25,834.75,1,1,1.0
923,1,-1.31,246.75,412.5,831.75,1,1,1.0
924,1,-3.0,249.56,416.62,828.0,1,1,1.0
925,1,-2.81,253.69,416.25,823.5,1,1,1.0
926,1,-3.19,260.06,415.5,816.75,1,1,1.0
927,1,-2.81,266.62,416.25,809.2600000000001,1,1,1.0
928,1,-3.0,273.19,420.38,802.5,1,1,1.0
929,1,-3.19,278.25,431.25,798.0,1,1,1.0
930,1,1.64,284.67,438.0,788.25,1,1,1.0
931,1,1.31,290.67,450.0,783.0,1,1,1.0
932,1,-1.69,290.06,465.0,789.0,1,1,1.0
933,1,-1.31,291.56,468.75,787.5,1,1,1.0
934,1,-0.75,293.25,466.5,785.25,1,1,1.0
935,1,-2.25,298.36,465.0,777.7499999999999,1,1,1.0
936,1,-2.25,301.08,462.75,774.75,1,1,1.0
937,1,-2.06,303.38,465.75,773.2399999999999,1,1,1.0
938,1,-1.78,307.08,459.36999999999995,768.75,1,1,1.0
939,1,-2.16,308.81,454.88000000000005,766.5,1,1,1.0
940,1,-1.88,315.28,450.0,760.8800000000001,1,1,1.0
941,1,-1.97,319.41,447.75,756.0,1,1,1.0
942,1,-1.69,320.81,441.75,754.8800000000001,1,1,1.0
943,1,-1.88,323.91,441.0,751.5,1,1,1.0
944,1,-1.41,326.25,437.63000000000005,748.1300000000001,1,1,1.0
945,1,0.75,324.75,429.0,748.5,1,1,1.0
946,1,0.75,329.06,424.13,744.75,1,1,1.0
947,1,1.17,330.84,418.13,743.25,1,1,1.0
948,1,1.36,331.97,417.37,743.25,1,1,1.0
949,1,0.84,338.16,418.88000000000005,737.6199999999999,1,1,1.0
950,1,1.08,343.03,420.75,734.6300000000001,1,1,1.0
951,1,1.31,343.97,423.38,732.75,1,1,1.0
952,1,1.41,343.22,427.5,731.6199999999999,1,1,1.0
953,1,1.27,343.22,432.37,730.5,1,1,1.0
954,1,1.73,341.81,439.13,731.6300000000001,1,1,1.0
955,1,-1.12,343.78,451.12,726.3800000000001,1,1,1.0
956,1,-1.12,346.27,459.37,724.1200000000001,1,1,1.0
957,1,-1.22,348.19,467.25,721.8699999999999,1,1,1.0
958,1,-0.47,353.62,472.5,716.2600000000001,1,1,1.0
959,1,-0.94,359.58,478.13,711.75,1,1,1.0
960,1,-0.84,365.25,480.75,706.1300000000001,1,1,1.0
961,1,-0.28,369.14,480.75,701.63,1,1,1.0
962,1,-0.19,369.14,479.63,701.63,1,1,1.0
963,1,-1.12,371.91,479.62,699.3699999999999,1,1,1.0
964,1,-0.66,378.84,474.38000000000005,692.6300000000001,1,1,1.0
965,1,-0.75,384.52,468.75,688.1200000000001,1,1,1.0
966,1,-1.31,390.23,463.5,682.1299999999999,1,1,1.0
967,1,-1.22,396.75,455.63000000000005,676.5,1,1,1.0
968,1,-1.03,404.91,446.61999999999995,666.75,1,1,1.0
969,1,1.08,412.12,433.12,659.9999999999999,1,1,1.0
970,1,0.47,415.17,422.61999999999995,657.0,1,1,1.0
971,1,-0.56,418.03,414.37,650.25,1,1,1.0
972,1,-0.56,421.97,403.87,646.5,1,1,1.0
973,1,-2.44,258.0,393.38,811.5,1,1,1.0
974,1,-3.0,318.0,378.75,753.75,1,1,1.0
975,1,-2.91,397.69,364.32000000000005,674.25,1,1,1.0
976,1,0.47,376.03,343.86999999999995,698.25,1,1,1.0
977,1,0.09,323.06,326.63000000000005,752.6300000000001,1,1,1.0
978,1,0.19,125.16,312.37,942.0000000000001,1,1,1.0
979,1,1.03,65.86,297.94000000000005,1002.7499999999999,1,1,1.0
980,1,0.61,28.22,279.94,1039.5,1,1,1.0
1148,1,0.0,349.22,354.94,726.75,1,1,1.0
1149,1,0.56,348.38,367.69,727.87,1,1,1.0
1150,1,0.94,351.09,380.06,722.6300000000001,1,1,1.0
1151,1,1.5,349.59,388.5,724.1300000000001,1,1,1.0
1152,1,2.16,347.91,399.75,726.75,1,1,1.0
1153,1,1.03,347.16,411.75,725.6199999999999,1,1,1.0
1154,1,0.56,346.78,424.88,726.75,1,1,1.0
1155,1,0.19,347.16,433.87,725.6199999999999,1,1,1.0
1156,1,-0.7,346.03,445.12,724.8800000000001,1,1,1.0
1157,1,-1.73,345.38,456.0,724.87,1,1,1.0
1158,1,-2.34,345.75,466.5,724.1300000000001,1,1,1.0
1159,1,-2.34,344.62,471.0,724.88,1,1,1.0
1160,1,-2.2,343.03,475.12,726.75,1,1,1.0
1161,1,-3.94,338.81,483.38,734.25,1,1,1.0
1162,1,-3.38,336.56,487.13,736.5,1,1,1.0
1163,1,-3.38,334.69,492.0,738.0,1,1,1.0
1164,1,-1.31,334.88,491.62,732.7399999999999,1,1,1.0
1165,1,-3.0,331.31,497.62,741.0,1,1,1.0
1166,1,-2.81,330.94,499.87,741.0,1,1,1.0
1167,1,-2.81,331.12,502.87,740.2600000000001,1,1,1.0
1168,1,-2.34,331.31,504.0,740.25,1,1,1.0
1169,1,-2.53,330.75,504.0,741.0,1,1,1.0
1170,1,-2.44,330.38,500.63,742.5000000000001,1,1,1.0
1171,1,-3.0,328.31,499.12,744.75,1,1,1.0
1172,1,-3.09,327.38,497.61999999999995,745.5000000000001,1,1,1.0
1173,1,-2.81,326.44,495.0,747.0,1,1,1.0
1174,1,-2.62,326.25,494.24,747.0,1,1,1.0
1175,1,-2.72,327.19,495.0,745.5,1,1,1.0
1176,1,-2.62,326.25,496.5,747.0,1,1,1.0
1177,1,-2.91,327.0,499.13000000000005,745.5,1,1,1.0
1178,1,-2.72,325.12,500.63000000000005,748.13,1,1,1.0
1179,1,-2.81,326.25,501.37,747.0,1,1,1.0
1180,1,-3.19,326.06,502.5,747.0,1,1,1.0
1181,1,-2.62,326.44,501.37,747.0,1,1,1.0
1182,1,-2.62,327.19,500.62,745.5,1,1,1.0
1183,1,-2.62,327.19,499.87,745.5,1,1,1.0
1184,1,-2.16,327.75,498.0,744.75,1,1,1.0
1185,1,-1.59,329.81,496.5,743.25,1,1,1.0
1186,1,-2.16,331.12,497.63000000000005,740.9999999999999,1,1,1.0
1187,1,-1.69,331.31,496.5,741.0,1,1,1.0
1188,1,-1.5,332.06,496.5,740.25,1,1,1.0
1189,1,-1.69,333.56,498.0,738.0,1,1,1.0
1190,1,-1.41,333.38,499.13000000000005,738.7399999999999,1,1,1.0
1191,1,-1.5,333.94,500.62,738.0,1,1,1.0
1192,1,-1.12,333.19,500.62,738.75,1,1,1.0
1193,1,-1.59,335.25,502.86999999999995,736.5,1,1,1.0
1194,1,-2.44,336.19,505.5,735.75,1,1,1.0
1195,1,-2.25,336.56,505.5,735.75,1,1,1.0
1196,1,-2.53,337.69,506.25,734.25,1,1,1.0
1197,1,-2.34,338.81,506.25,733.5,1,1,1.0
1198,1,-2.53,339.56,507.0,732.0,1,1,1.0
1199,1,-2.44,338.81,507.0,733.5,1,1,1.0
1200,1,-2.62,341.25,507.0,731.25,1,1,1.0
1201,1,-2.53,342.19,506.25,729.75,1,1,1.0
1202,1,-2.72,342.19,507.0,729.75,1,1,1.0
1203,1,-2.91,344.25,507.75,727.5,1,1,1.0
1204,1,-2.81,345.38,507.0,726.37,1,1,1.0
1205,1,-2.53,346.69,506.25,725.25,1,1,1.0
1206,1,-1.97,346.5,505.5,725.25,1,1,1.0
1207,1,-1.03,345.94,504.0,726.3699999999999,1,1,1.0
1208,1,0.94,349.5,499.5,718.8800000000001,1,1,1.0
1209,1,0.56,347.44,502.5,724.1199999999999,1,1,1.0
1210,1,1.59,347.81,501.38000000000005,724.1300000000001,1,1,1.0
1211,1,2.25,347.62,500.63,724.13,1,1,1.0
1212,1,2.44,348.56,500.62,723.0,1,1,1.0
1213,1,2.62,347.44,500.63,724.1199999999999,1,1,1.0
1214,1,2.25,347.62,501.37,724.13,1,1,1.0
1215,1,2.25,347.62,501.37,724.13,1,1,1.0
1216,1,1.88,348.0,502.87,724.1199999999999,1,1,1.0
1217,1,1.97,347.81,502.5,724.1300000000001,1,1,1.0
1218,1,2.34,347.44,501.38000000000005,725.25,1,1,1.0
1219,1,2.25,348.19,500.63,724.1199999999999,1,1,1.0
1220,1,2.44,348.0,499.87,724.1199999999999,1,1,1.0
1221,1,2.53,347.06,499.88000000000005,725.25,1,1,1.0
1222,1,3.19,348.19,498.0,724.1199999999999,1,1,1.0
1223,1,4.12,348.19,495.76,724.1199999999999,1,1,1.0
1224,1,5.06,348.19,494.25,724.1199999999999,1,1,1.0
1225,1,5.91,347.81,492.75,724.1300000000001,1,1,1.0
1226,1,6.19,346.5,490.5,726.3800000000001,1,1,1.0
1227,1,6.56,345.94,489.0,726.3699999999999,1,1,1.0
1228,1,7.97,343.88,485.61999999999995,728.62,1,1,1.0
1229,1,10.12,342.38,481.88,729.7399999999999,1,1,1.0
1230,1,11.34,341.25,478.5,731.25,1,1,1.0
1231,1,12.47,340.69,474.36999999999995,731.25,1,1,1.0
1232,1,13.12,340.12,471.76,731.9999999999999,1,1,1.0
1233,1,13.97,338.25,468.75,734.25,1,1,1.0
1234,1,16.03,338.06,462.75,734.25,1,1,1.0
1235,1,16.41,336.0,459.0,736.5,1,1,1.0
1236,1,16.69,334.88,455.62,738.0000000000001,1,1,1.0
1237,1,17.81,333.0,452.25,738.75,1,1,1.0
1238,1,18.75,331.31,448.5,741.0,1,1,1.0
1239,1,20.16,329.62,443.25,743.2600000000001,1,1,1.0
1240,1,24.47,330.56,433.12,739.5,1,1,1.0
1241,1,26.62,329.16,424.88,740.6199999999999,1,1,1.0
1242,1,28.78,327.38,418.13,742.5000000000001,1,1,1.0
1243,1,31.41,325.12,410.61999999999995,745.4999999999999,1,1,1.0
1244,1,32.44,324.0,404.62,746.6199999999999,1,1,1.0
1245,1,33.42,322.41,397.13,748.5,1,1,1.0
1246,1,35.06,321.19,390.38,750.3699999999999,1,1,1.0
1247,1,35.3,321.0,386.62,750.3800000000001,1,1,1.0
1248,1,35.86,319.78,383.44,752.6300000000001,1,1,1.0
1249,1,36.23,317.91,379.69,755.25,1,1,1.0
1250,1,37.73,319.41,372.57,754.5,1,1,1.0
1251,1,39.94,319.22,367.87,755.25,1,1,1.0
1252,1,43.41,320.72,357.17999999999995,753.3699999999999,1,1,1.0
1253,1,46.17,323.16,346.88,752.25,1,1,1.0
1254,1,45.94,325.31,343.87,750.3800000000001,1,1,1.0
1255,1,44.02,329.72,356.62,745.5,1,1,1.0
1256,1,42.19,332.81,368.25,741.75,1,1,1.0
1257,1,41.48,337.88,378.38,735.7399999999999,1,1,1.0
1258,1,42.8,342.09,386.25,731.6300000000001,1,1,1.0
1259,1,44.81,346.5,392.25,727.5,1,1,1.0
1260,1,45.47,348.66,400.87,724.8699999999999,1,1,1.0
1261,1,44.06,353.53,409.88,720.0,1,1,1.0
1262,1,35.34,355.88,429.75,719.62,1,1,1.0
1263,1,27.84,360.19,444.38000000000005,716.25,1,1,1.0
1264,1,18.38,364.69,461.62,711.75,1,1,1.0
1265,1,12.0,370.12,472.5,707.2600000000001,1,1,1.0
1266,1,5.53,377.3,482.63000000000005,698.25,1,1,1.0
1267,1,0.38,382.78,489.0,691.8800000000001,1,1,1.0
1268,1,-1.5,386.16,489.38,689.6199999999999,1,1,1.0
1269,1,-2.91,390.38,485.25,685.12,1,1,1.0
1270,1,-2.91,390.94,476.63000000000005,684.3699999999999,1,1,1.0
1271,1,-2.53,392.06,468.75,682.8800000000001,1,1,1.0
1272,1,-2.06,391.69,455.62,684.3699999999999,1,1,1.0
1273,1,-2.25,391.12,441.0,684.38,1,1,1.0
1274,1,-0.94,388.69,420.38,687.3699999999999,1,1,1.0
1275,1,-0.19,387.42,399.38,688.1299999999999,1,1,1.0
1276,1,-3.0,382.88,385.88,694.12,1,1,1.0
1277,1,-2.72,380.44,383.44000000000005,694.8699999999999,1,1,1.0
1278,1,-1.03,381.38,377.61999999999995,690.37,1,1,1.0
1279,1,-2.81,376.31,382.87,698.25,1,1,1.0
1280,1,-2.34,377.25,382.31,697.1300000000001,1,1,1.0
1281,1,-2.53,377.62,383.44,697.13,1,1,1.0
1282,1,-3.38,378.56,384.76,696.0,1,1,1.0
1283,1,-3.94,378.94,384.75,694.8699999999999,1,1,1.0
1284,1,-3.56,375.75,387.0,698.25,1,1,1.0
1285,1,-3.09,378.56,383.42999999999995,696.0,1,1,1.0
1286,1,0.56,382.97,375.75,690.3699999999999,1,1,1.0
1287,1,0.05,381.61,374.62,691.12,1,1,1.0
1288,1,0.38,381.94,374.62,689.6199999999999,1,1,1.0
1289,1,0.38,383.25,372.0,687.75,1,1,1.0
1290,1,0.0,384.98,370.88,686.25,1,1,1.0
1291,1,-2.91,397.69,380.07000000000005,674.25,1,1,1.0
1292,1,-0.38,398.53,372.19,672.75,1,1,1.0
1293,1,-0.09,396.14,370.31,675.0000000000001,1,1,1.0
1294,1,-0.09,398.62,370.31,673.88,1,1,1.0
1295,1,0.28,405.09,371.06,666.75,1,1,1.0
1296,1,0.56,408.09,374.06,664.5,1,1,1.0
1297,1,-0.7,408.42,381.18,664.5,1,1,1.0
1298,1,-0.82,413.3,385.5,659.25,1,1,1.0
1299,1,-3.38,418.88,394.88,652.5000000000001,1,1,1.0
1300,1,-3.0,421.69,399.38,649.5,1,1,1.0
1301,1,-2.72,423.38,405.75,648.0000000000001,1,1,1.0
1302,1,-2.34,419.44,411.0,652.5,1,1,1.0
1303,1,-2.34,418.03,417.36999999999995,653.6300000000001,1,1,1.0
1304,1,-2.34,413.91,424.11999999999995,658.1199999999999,1,1,1.0
1305,1,-1.5,417.47,430.5,653.6199999999999,1,1,1.0
1306,1,-1.22,409.59,436.5,661.1300000000001,1,1,1.0
1307,1,-1.12,402.47,448.5,669.0,1,1,1.0
1308,1,-1.22,401.06,464.25,669.75,1,1,1.0
1309,1,-0.94,396.0,478.5,675.3800000000001,1,1,1.0
1310,1,-0.28,393.19,499.86999999999995,678.3699999999999,1,1,1.0
1311,1,-0.84,391.27,515.25,680.6200000000001,1,1,1.0
1312,1,-1.97,390.23,531.0,682.1299999999999,1,1,1.0
1313,1,-2.06,389.44,544.1199999999999,682.8699999999999,1,1,1.0
1314,1,-2.25,390.28,556.5,682.8800000000001,1,1,1.0
1315,1,-2.44,392.16,564.3800000000001,682.1199999999999,1,1,1.0
1316,1,-2.72,396.28,574.13,677.6300000000001,1,1,1.0
1317,1,-1.69,400.31,582.0,673.1300000000001,1,1,1.0
1318,1,-0.94,404.81,588.75,669.0,1,1,1.0
1319,1,-0.56,410.06,596.6199999999999,663.3800000000001,1,1,1.0
1320,1,1.12,414.84,602.63,658.8800000000001,1,1,1.0
1321,1,7.69,418.69,605.25,655.8699999999999,1,1,1.0
1322,1,16.31,424.22,603.3800000000001,649.5,1,1,1.0
1323,1,22.31,427.97,599.25,645.0,1,1,1.0
1324,1,24.05,433.78,598.12,639.75,1,1,1.0
1325,1,25.64,435.19,594.38,638.6199999999999,1,1,1.0
1326,1,28.69,437.95,591.3699999999999,635.25,1,1,1.0
1327,1,28.69,438.61,587.25,634.4999999999999,1,1,1.0
1328,1,26.58,436.73,584.62,637.1299999999999,1,1,1.0
1329,1,24.14,434.3,582.38,639.3700000000001,1,1,1.0
1330,1,20.53,431.06,579.38,642.0,1,1,1.0
1331,1,15.7,427.59,578.63,646.5,1,1,1.0
1332,1,9.19,421.12,578.6199999999999,650.2600000000001,1,1,1.0
1333,1,5.25,416.44,571.5,655.8699999999999,1,1,1.0
1334,1,4.69,411.56,559.1199999999999,661.1300000000001,1,1,1.0
1335,1,3.0,403.69,549.38,669.75,1,1,1.0
1336,1,3.94,395.62,535.8699999999999,678.38,1,1,1.0
1337,1,5.25,388.22,521.63,685.8699999999999,1,1,1.0
1338,1,6.28,380.02,507.75,694.1200000000001,1,1,1.0
1339,1,6.94,371.86,502.87,702.7499999999999,1,1,1.0
1340,1,10.12,366.84,492.76,707.25,1,1,1.0
1341,1,13.31,362.3,479.63,711.75,1,1,1.0
1342,1,17.44,357.61,468.0,716.2499999999999,1,1,1.0
1343,1,20.62,353.11,452.26,720.7499999999999,1,1,1.0
1344,1,25.31,351.23,438.75,721.8799999999999,1,1,1.0
1345,1,29.62,349.22,423.0,724.1199999999999,1,1,1.0
1346,1,36.66,348.56,416.62,725.25,1,1,1.0
1347,1,42.66,347.44,409.87,726.3699999999999,1,1,1.0
1348,1,51.19,345.38,399.37,727.5000000000001,1,1,1.0
1349,1,57.66,341.81,390.37,732.0,1,1,1.0
1350,1,61.12,335.62,384.76,736.88,1,1,1.0
1351,1,62.53,329.44,384.38,743.25,1,1,1.0
1352,1,62.25,324.66,383.06,746.6199999999999,1,1,1.0
1353,1,44.53,320.67,403.88,749.25,1,1,1.0
1354,1,31.5,317.2,420.38,752.6299999999999,1,1,1.0
1355,1,15.75,314.67,438.75,754.8799999999999,1,1,1.0
1356,1,4.88,312.38,454.5,759.37,1,1,1.0
1357,1,1.97,310.12,460.5,761.63,1,1,1.0
1358,1,-0.28,309.38,466.5,761.62,1,1,1.0
1359,1,-3.19,306.75,471.75,763.8699999999999,1,1,1.0
1360,1,-3.66,304.69,474.38000000000005,766.5,1,1,1.0
1361,1,-3.38,302.62,474.38,768.7600000000001,1,1,1.0
1362,1,-2.81,301.69,472.5,769.5,1,1,1.0
1363,1,-3.19,300.19,471.75,771.0,1,1,1.0
1364,1,-3.0,299.06,468.75,771.75,1,1,1.0
1365,1,-3.38,298.69,466.5,771.75,1,1,1.0
1366,1,0.94,300.47,454.5,768.75,1,1,1.0
1367,1,1.36,300.47,449.25,768.75,1,1,1.0
1368,1,1.22,300.19,443.25,768.75,1,1,1.0
1369,1,1.55,300.38,434.62,768.7399999999999,1,1,1.0
1370,1,1.08,298.41,425.62,771.75,1,1,1.0
1371,1,-0.94,291.94,418.88,783.0,1,1,1.0
1372,1,-0.75,287.62,404.63,786.7600000000001,1,1,1.0
1373,1,-0.75,281.06,396.0,793.5,1,1,1.0
1374,1,-0.75,274.69,394.87,799.5,1,1,1.0
1375,1,-0.75,270.19,397.5,804.0,1,1,1.0
1376,1,-0.56,267.38,405.75,807.7399999999999,1,1,1.0
1377,1,-0.38,264.19,413.26,811.5,1,1,1.0
1378,1,-0.94,261.19,419.63,814.5,1,1,1.0
1379,1,-1.03,261.56,422.61999999999995,812.25,1,1,1.0
1380,1,-1.03,258.38,422.61999999999995,816.0000000000001,1,1,1.0
1381,1,-0.84,256.5,424.86999999999995,818.25,1,1,1.0
1382,1,-0.47,255.56,422.63000000000005,818.25,1,1,1.0
1383,1,-0.19,252.56,413.25,823.5,1,1,1.0
1384,1,-0.19,250.88,405.75,824.2399999999999,1,1,1.0
1385,1,0.56,249.94,399.38,824.25,1,1,1.0
1386,1,0.38,248.81,393.37,825.75,1,1,1.0
1387,1,-0.56,247.88,386.25,827.2399999999999,1,1,1.0
1388,1,-2.06,251.11,379.69,822.7499999999999,1,1,1.0
1389,1,-2.27,250.78,381.37,822.75,1,1,1.0
1390,1,-3.07,250.97,387.75,822.75,1,1,1.0
1391,1,-0.56,247.5,393.37,828.0,1,1,1.0
1392,1,0.38,249.0,399.37,825.75,1,1,1.0
1393,1,0.94,248.81,405.75,827.25,1,1,1.0
1394,1,3.94,250.5,410.25,825.75,1,1,1.0
1395,1,7.59,255.14,409.5,819.7500000000001,1,1,1.0
1396,1,15.84,257.72,406.88000000000005,815.25,1,1,1.0
1397,1,22.83,258.05,411.75,813.75,1,1,1.0
1398,1,32.34,261.89,420.0,808.5000000000001,1,1,1.0
1399,1,41.16,266.16,418.5,804.0,1,1,1.0
1400,1,52.22,270.19,412.5,799.5,1,1,1.0
1401,1,62.53,275.11,406.13,794.2499999999999,1,1,1.0
1402,1,72.38,273.75,406.87,800.25,1,1,1.0
1403,1,78.09,279.38,404.63,791.2399999999999,1,1,1.0
1404,1,89.06,278.58,397.88,792.75,1,1,1.0
1405,1,97.69,276.56,393.37,796.5,1,1,1.0
1406,1,105.38,274.55,388.5,798.75,1,1,1.0
1407,1,112.55,272.77,387.0,800.25,1,1,1.0
1408,1,121.59,273.42,382.68999999999994,798.75,1,1,1.0
1409,1,131.91,274.92,376.87,795.75,1,1,1.0
1410,1,142.78,276.94,370.88,792.75,1,1,1.0
1411,1,150.47,276.94,366.0,792.75,1,1,1.0
1412,1,157.31,275.58,361.13000000000005,794.25,1,1,1.0
1413,1,164.06,273.7,354.56,796.5,1,1,1.0
1414,1,169.97,271.59,349.5,798.75,1,1,1.0
1415,1,175.69,268.83,344.06,801.75,1,1,1.0
1416,1,185.53,269.34,335.25,801.75,1,1,1.0
1417,1,192.66,267.8,330.56000000000006,804.0,1,1,1.0
1418,1,201.66,266.81,325.31000000000006,804.75,1,1,1.0
1419,1,210.94,264.33,325.86999999999995,808.5,1,1,1.0
1420,1,220.31,262.36,328.69,810.7499999999999,1,1,1.0
1421,1,229.97,260.53,334.87,812.25,1,1,1.0
1422,1,237.66,255.98,347.25,816.0,1,1,1.0
1423,1,247.55,254.48,349.49999999999994,816.75,1,1,1.0
1424,1,258.14,253.03,346.88,819.0,1,1,1.0
1425,1,267.28,250.97,343.13,822.0,1,1,1.0
1426,1,275.53,248.25,338.63,825.75,1,1,1.0
1427,1,285.0,246.05,326.80999999999995,828.0,1,1,1.0
1428,1,293.16,243.94,315.36999999999995,830.25,1,1,1.0
1429,1,299.91,240.89,323.43,834.0000000000001,1,1,1.0
1430,1,305.34,235.41,332.44,838.5000000000001,1,1,1.0
1431,1,310.41,227.95,338.99999999999994,846.75,1,1,1.0
1432,1,316.03,219.75,346.31000000000006,854.25,1,1,1.0
1433,1,323.2,213.05,352.69,859.5,1,1,1.0
1434,1,327.33,208.22,361.50000000000006,864.0,1,1,1.0
1435,1,334.88,206.16,364.87,865.5000000000001,1,1,1.0
1436,1,343.55,204.28,365.61999999999995,868.5,1,1,1.0
1437,1,351.56,202.41,365.63000000000005,870.7500000000001,1,1,1.0
1438,1,360.09,200.72,364.13000000000005,873.75,1,1,1.0
1439,1,372.94,200.53,356.25000000000006,871.5,1,1,1.0
1440,1,380.06,199.69,364.13000000000005,873.75,1,1,1.0
1441,1,385.59,194.06,377.44,879.75,1,1,1.0
1442,1,396.47,190.31,382.30999999999995,883.5,1,1,1.0
1443,1,405.61,189.28,380.43999999999994,886.5,1,1,1.0
1444,1,415.03,186.38,379.69000000000005,888.7399999999999,1,1,1.0
1445,1,424.55,185.81,375.36999999999995,888.75,1,1,1.0
1446,1,433.36,183.84,372.55999999999995,888.7499999999999,1,1,1.0
1447,1,442.12,184.59,381.38,888.7499999999999,1,1,1.0
1448,1,448.12,180.09,466.5,896.2499999999999,1,1,1.0
1449,1,460.69,180.0,476.61999999999995,898.5,1,1,1.0
1450,1,473.06,179.06,476.63000000000005,898.5,1,1,1.0
1451,1,487.31,180.09,467.99999999999994,896.2499999999999,1,1,1.0
1452,1,501.47,181.22,457.12,893.25,1,1,1.0
1453,1,516.98,183.28,437.25,890.25,1,1,1.0
1454,1,530.48,180.84,417.38,891.7499999999999,1,1,1.0
1455,1,545.34,178.41,398.25,893.2500000000001,1,1,1.0
1456,1,562.45,171.09,380.63,900.7499999999999,1,1,1.0
1457,1,575.25,173.44,366.55999999999995,896.25,1,1,1.0
1458,1,591.19,167.62,353.05999999999995,902.2600000000001,1,1,1.0
1459,1,607.59,159.94,339.38,908.25,1,1,1.0
1460,1,619.83,156.47,330.0,913.5,1,1,1.0
1461,1,633.52,157.5,316.68000000000006,912.0,1,1,1.0
1462,1,646.12,154.88,309.0,913.5000000000001,1,1,1.0
1463,1,656.81,152.62,309.94000000000005,913.4999999999999,1,1,1.0
1464,1,664.88,148.88,313.31000000000006,917.2399999999999,1,1,1.0
1465,1,673.31,146.44,312.3800000000001,918.75,1,1,1.0
1466,1,680.91,144.47,313.31000000000006,917.25,1,1,1.0
1467,1,689.44,142.41,312.0,918.7500000000001,1,1,1.0
1468,1,697.22,140.25,310.5,924.0,1,1,1.0
1469,1,701.46,137.62,313.68999999999994,929.2600000000001,1,1,1.0
1470,1,706.88,135.47,315.37,931.5,1,1,1.0
1471,1,716.81,134.72,310.5,931.5,1,1,1.0
1472,1,725.11,136.03,310.87,929.25,1,1,1.0
1473,1,731.58,135.38,308.9999999999999,931.5000000000001,1,1,1.0
1474,1,737.72,135.38,307.69000000000005,931.5000000000001,1,1,1.0
1475,1,744.14,133.41,304.88,933.0000000000001,1,1,1.0
1476,1,749.77,129.28,301.8700000000001,936.75,1,1,1.0
1477,1,755.11,125.53,299.06000000000006,939.75,1,1,1.0
1478,1,761.39,120.66,295.5000000000001,944.2500000000001,1,1,1.0
1479,1,767.25,116.34,294.0,929.2499999999999,1,1,1.0
1480,1,773.53,113.95,294.94000000000005,909.75,1,1,1.0
1481,1,780.66,111.0,291.7500000000001,896.25,1,1,1.0
1482,1,787.69,109.88,288.75,893.24,1,1,1.0
1483,1,793.03,108.89,285.75,854.25,1,1,1.0
1484,1,797.91,105.84,283.12,833.25,1,1,1.0
1485,1,803.25,103.69,280.5,837.0,1,1,1.0
1486,1,809.91,102.28,276.92999999999995,835.5,1,1,1.0
1487,1,817.88,99.28,273.37,838.5,1,1,1.0
1488,1,824.81,97.31,278.25,842.25,1,1,1.0
1489,1,832.03,94.97,292.8800000000001,843.75,1,1,1.0
1490,1,841.64,94.97,299.63,843.75,1,1,1.0
1491,1,850.59,95.25,295.88,843.0,1,1,1.0
1492,1,859.73,96.19,285.19000000000005,843.0,1,1,1.0
1493,1,869.95,96.0,269.05999999999995,843.75,1,1,1.0
1494,1,878.3,96.19,258.94000000000005,844.5,1,1,1.0
1495,1,889.88,94.03,253.87,844.5,1,1,1.0
1496,1,898.22,91.59,255.75,843.75,1,1,1.0
1497,1,906.0,85.31,259.69000000000005,849.75,1,1,1.0
1498,1,916.12,78.56,258.93999999999994,849.0,1,1,1.0
1499,1,923.48,76.92,259.8799999999999,804.75,1,1,1.0
1500,1,931.59,77.81,259.88,785.25,1,1,1.0
1501,1,938.62,75.23,261.57000000000005,763.13,1,1,1.0
1502,1,945.38,73.97,264.17999999999995,756.0,1,1,1.0
1503,1,951.19,69.42,265.1199999999999,760.13,1,1,1.0
1504,1,957.8,64.69,266.6200000000001,765.0,1,1,1.0
1505,1,965.06,62.06,263.80999999999995,768.75,1,1,1.0
1506,1,970.88,60.66,261.56000000000006,771.0,1,1,1.0
1507,1,976.12,61.03,259.13,771.0,1,1,1.0
1508,1,983.25,63.47,256.30999999999995,767.25,1,1,1.0
1509,1,988.78,64.5,253.8800000000001,764.25,1,1,1.0
1510,1,996.19,67.55,248.80999999999995,758.25,1,1,1.0
1511,1,1000.88,68.48,247.5000000000001,759.38,1,1,1.0
1512,1,1005.47,67.45,246.94000000000005,760.88,1,1,1.0
1513,1,1010.44,66.14,244.69000000000005,765.0,1,1,1.0
1513,2,787.69,8.16,134.6199999999999,446.61999999999995,1,1,1.0
1514,1,1015.31,65.16,242.80999999999995,762.0,1,1,1.0
1514,2,775.45,8.44,147.56999999999994,445.87,1,1,1.0
1515,1,1018.12,60.33,242.43999999999994,735.0,1,1,1.0
1515,2,755.58,9.28,170.52999999999997,444.75,1,1,1.0
1516,1,1022.48,56.53,240.94000000000005,727.5,1,1,1.0
1516,2,745.22,13.22,179.25,438.75,1,1,1.0
1517,1,1024.9,54.84,240.55999999999995,719.63,1,1,1.0
1517,2,760.55,10.88,163.97000000000003,441.0,1,1,1.0
1518,1,1026.02,51.84,240.55999999999995,688.13,1,1,1.0
1518,2,773.91,9.47,152.25,442.5,1,1,1.0
1519,1,1028.81,47.67,238.5,679.13,1,1,1.0
1519,2,794.11,8.95,130.30999999999995,445.5,1,1,1.0
1520,1,1032.19,44.53,235.69000000000005,681.38,1,1,1.0
1520,2,804.33,9.33,119.43999999999994,443.62,1,1,1.0
1521,1,1034.81,42.61,232.5,679.87,1,1,1.0
1521,2,806.11,9.56,117.93999999999994,441.75,1,1,1.0
1522,1,1037.39,40.03,229.87999999999988,679.88,1,1,1.0
1522,2,813.33,9.84,112.30999999999995,442.13000000000005,1,1,1.0
1523,1,1038.8,37.88,227.62000000000012,681.37,1,1,1.0
1523,2,817.06,8.58,115.12,443.62,1,1,1.0
1524,1,1039.97,36.75,225.94000000000005,682.87,1,1,1.0
1524,2,830.46,9.09,111.75,441.75,1,1,1.0
1525,1,1042.12,35.3,222.94000000000005,684.37,1,1,1.0
1525,2,837.47,6.89,115.87,445.5,1,1,1.0
1526,1,1045.03,35.39,220.87000000000012,684.0,1,1,1.0
1526,2,843.42,5.16,123.10000000000002,447.0,1,1,1.0
1527,1,1047.56,35.86,218.25,682.12,1,1,1.0
1527,2,850.59,6.87,138.56999999999994,444.0,1,1,1.0
1528,1,1051.78,36.56,215.05999999999995,682.1300000000001,1,1,1.0
1528,2,854.62,7.52,158.43999999999994,442.5,1,1,1.0
1529,1,1055.72,38.39,210.75,679.88,1,1,1.0
1529,2,858.0,5.91,172.30999999999995,444.36999999999995,1,1,1.0
1530,1,1058.62,39.33,208.31000000000017,679.12,1,1,1.0
1530,2,858.56,7.92,179.72000000000003,441.0,1,1,1.0
1531,1,1060.97,40.08,205.5,672.37,1,1,1.0
1531,2,858.8,7.88,185.05999999999995,440.62,1,1,1.0
1532,1,1062.26,38.11,204.75,668.62,1,1,1.0
1532,2,857.86,7.73,188.62,440.63,1,1,1.0
1533,1,1064.58,35.84,202.12000000000012,650.62,1,1,1.0
1533,2,857.16,6.89,191.06000000000006,442.13,1,1,1.0
1534,1,1066.64,28.97,198.55999999999995,647.25,1,1,1.0
1534,2,856.5,5.39,193.5,443.63,1,1,1.0
1535,1,1064.91,25.41,200.80999999999995,630.37,1,1,1.0
1535,2,859.27,4.01,192.0,444.75,1,1,1.0
1536,1,1065.82,20.67,196.5,619.13,1,1,1.0
1536,2,866.53,4.5,184.8800000000001,443.62,1,1,1.0
1537,1,1067.02,16.1,191.62000000000012,602.25,1,1,1.0
1537,2,875.34,6.56,174.18999999999994,443.25,1,1,1.0
1538,1,1067.65,13.5,188.25,600.0,1,1,1.0
1538,2,894.98,6.09,151.78999999999996,442.13000000000005,1,1,1.0
1539,1,1067.88,12.4,184.68999999999983,595.12,1,1,1.0
1539,2,906.66,6.09,138.7500000000001,437.25,1,1,1.0
1540,1,1069.55,9.66,179.05999999999995,598.5,1,1,1.0
1540,2,921.8,4.03,124.77999999999997,434.25,1,1,1.0
1541,1,1068.33,9.66,176.06000000000017,599.62,1,1,1.0
1541,2,934.59,3.52,117.93999999999994,437.25,1,1,1.0
1542,1,1066.5,14.06,175.02999999999997,594.0,1,1,1.0
1542,2,940.03,2.58,128.91000000000008,439.12,1,1,1.0
1543,1,1061.95,16.97,173.72000000000003,592.5,1,1,1.0
1543,2,944.77,1.71,127.21000000000004,441.75,1,1,1.0
1544,1,1052.88,19.69,177.08999999999992,590.25,1,1,1.0
1544,2,949.17,4.36,122.81000000000006,438.0,1,1,1.0
1545,1,1047.05,23.06,177.09000000000015,586.8800000000001,1,1,1.0
1545,2,954.19,4.78,122.89999999999986,436.5,1,1,1.0
1546,1,1044.73,25.88,172.02999999999997,584.62,1,1,1.0
1546,2,958.12,5.81,132.18999999999994,435.75,1,1,1.0
1547,1,1043.44,26.16,168.94000000000005,583.5,1,1,1.0
1547,2,965.51,7.41,123.47000000000003,434.25,1,1,1.0
1548,1,1041.75,22.41,164.33999999999992,586.12,1,1,1.0
1548,2,973.85,6.8,112.68999999999994,428.25,1,1,1.0
1549,1,1039.66,19.17,163.97000000000003,585.0,1,1,1.0
1549,2,979.36,8.2,103.31000000000006,429.0,1,1,1.0
1550,1,1023.0,16.88,178.8800000000001,581.62,1,1,1.0
1550,2,979.41,16.59,102.75000000000011,421.88000000000005,1,1,1.0
1551,1,1018.78,11.06,181.69000000000005,574.8800000000001,1,1,1.0
1551,2,979.27,14.55,108.37000000000012,426.38,1,1,1.0
1552,1,1000.64,11.62,197.62,565.88,1,1,1.0
1553,1,1009.88,12.09,185.15999999999997,553.5,1,1,1.0
1554,1,1009.69,11.06,184.12999999999988,547.5,1,1,1.0
1555,1,1006.5,11.11,181.41000000000008,541.12,1,1,1.0
1556,1,1003.64,10.12,178.2199999999999,538.88,1,1,1.0
1557,1,1000.31,7.27,178.69000000000005,538.87,1,1,1.0
1558,1,994.78,6.38,177.10000000000014,537.37,1,1,1.0
1559,1,990.28,6.94,150.0,538.8699999999999,1,1,1.0
1560,1,988.59,4.08,139.68999999999994,544.12,1,1,1.0
1561,1,984.75,4.36,143.44000000000005,544.87,1,1,1.0
1561,2,1072.92,9.38,117.18999999999983,456.37,1,1,1.0
1562,1,979.92,6.42,151.0300000000001,544.13,1,1,1.0
1562,2,1073.95,9.05,128.52999999999997,466.12,1,1,1.0
1563,1,975.14,9.98,148.0300000000001,536.63,1,1,1.0
1563,2,1078.97,8.58,141.83999999999992,475.87,1,1,1.0
1564,1,971.16,12.14,150.7500000000001,534.0,1,1,1.0
1564,2,1078.64,9.84,159.37999999999988,478.88000000000005,1,1,1.0
1565,1,964.97,11.77,155.44000000000005,533.62,1,1,1.0
1565,2,1081.36,11.39,160.31000000000017,482.25,1,1,1.0
1566,1,959.62,9.28,157.2199999999999,536.25,1,1,1.0
1566,2,1074.91,12.28,168.18999999999983,488.25,1,1,1.0
1567,1,954.23,8.77,161.06999999999994,535.5,1,1,1.0
1567,2,1071.49,14.51,172.69000000000005,491.62,1,1,1.0
1568,1,948.42,7.88,165.65999999999997,535.5,1,1,1.0
1568,2,1084.66,13.99,158.43999999999983,496.13,1,1,1.0
1569,1,944.37,7.52,169.31000000000006,534.38,1,1,1.0
1569,2,1088.91,13.03,157.30999999999995,497.25,1,1,1.0
1570,1,936.75,8.02,173.80999999999995,526.5,1,1,1.0
1570,2,1092.54,13.78,162.0,496.88000000000005,1,1,1.0
1571,1,929.11,9.75,173.90999999999997,519.37,1,1,1.0
1571,2,1097.44,13.17,167.15999999999985,495.75,1,1,1.0
1572,1,923.86,8.39,175.0300000000001,518.63,1,1,1.0
1572,2,1097.02,9.19,176.52999999999997,501.0,1,1,1.0
1573,1,920.53,7.12,160.30999999999995,506.26,1,1,1.0
1573,2,1099.03,9.47,184.41000000000008,498.36999999999995,1,1,1.0
1574,1,916.97,5.11,153.75,491.62,1,1,1.0
1574,2,1096.08,7.88,192.75,502.12,1,1,1.0
1575,1,911.25,3.21,143.25,489.38,1,1,1.0
1575,2,1095.66,7.97,198.0,503.61999999999995,1,1,1.0
1576,1,906.33,0.84,127.96999999999991,490.5,1,1,1.0
1576,2,1096.5,8.44,204.19000000000005,504.75000000000006,1,1,1.0
1577,1,898.43,0.19,130.31000000000006,490.12,1,1,1.0
1577,2,1098.59,12.4,205.31000000000017,504.37,1,1,1.0
1578,1,889.45,0.47,137.3499999999999,492.36999999999995,1,1,1.0
1578,2,1099.95,12.75,206.44000000000005,515.25,1,1,1.0
1579,1,881.95,0.42,144.55999999999995,491.63,1,1,1.0
1579,2,1102.03,12.94,204.75,526.5,1,1,1.0
1580,1,868.59,0.47,158.07000000000005,490.11999999999995,1,1,1.0
1580,2,1104.84,16.97,201.56000000000017,533.62,1,1,1.0
1581,1,841.36,3.07,185.15999999999997,483.75,1,1,1.0
1581,2,1105.78,19.27,199.12000000000012,539.62,1,1,1.0
1582,1,822.38,2.98,204.37,484.5,1,1,1.0
1582,2,1106.16,21.8,196.30999999999995,544.12,1,1,1.0
1583,1,814.22,3.98,212.6199999999999,483.75,1,1,1.0
1583,2,1107.0,24.42,192.3800000000001,547.13,1,1,1.0
1584,1,816.09,4.52,211.4999999999999,483.75,1,1,1.0
1584,2,1107.0,26.25,189.94000000000005,551.25,1,1,1.0
1585,1,816.75,6.3,209.6300000000001,479.63,1,1,1.0
1585,2,1106.16,26.44,187.68999999999983,555.0,1,1,1.0
1586,1,814.22,6.4,210.55999999999995,479.25,1,1,1.0
1586,2,1104.7,27.09,184.97000000000003,554.63,1,1,1.0
1587,1,814.69,5.58,201.93999999999994,476.25,1,1,1.0
1587,2,1103.3,27.94,183.84000000000015,554.6199999999999,1,1,1.0
1588,1,811.5,5.58,195.75,474.0,1,1,1.0
1588,2,1101.47,28.88,183.83999999999992,553.87,1,1,1.0
1589,1,804.23,5.2,190.68999999999994,474.0,1,1,1.0
1589,2,1098.75,27.56,184.97000000000003,556.1300000000001,1,1,1.0
1590,1,795.89,4.27,181.69000000000005,474.0,1,1,1.0
1590,2,1096.22,27.56,185.80999999999995,556.1300000000001,1,1,1.0
1591,1,790.69,0.56,171.83999999999992,481.13,1,1,1.0
1591,2,1093.22,28.59,186.66000000000008,555.0,1,1,1.0
1592,1,790.41,0.75,151.97000000000003,478.5,1,1,1.0
1592,2,1090.12,30.28,188.44000000000005,551.25,1,1,1.0
1593,1,794.39,3.47,123.38,477.0,1,1,1.0
1593,2,1087.27,31.31,189.27999999999997,552.0,1,1,1.0
1594,1,791.91,4.55,99.75,474.37,1,1,1.0
1594,2,1084.08,33.09,191.52999999999997,557.25,1,1,1.0
1595,1,791.84,5.34,86.14999999999998,474.38000000000005,1,1,1.0
1595,2,1080.7,36.16,191.05999999999995,575.63,1,1,1.0
1596,1,789.94,6.09,87.03999999999996,474.38000000000005,1,1,1.0
1596,2,1076.09,37.88,195.37000000000012,588.74,1,1,1.0
1597,1,789.63,7.88,87.19000000000005,473.24,1,1,1.0
1597,2,1069.64,38.25,201.93999999999983,601.13,1,1,1.0
1598,1,790.71,7.97,88.16999999999996,473.25,1,1,1.0
1598,2,1066.64,40.52,204.0,606.38,1,1,1.0
1599,1,798.49,53.34,83.38999999999999,427.88,1,1,1.0
1599,2,1062.42,44.34,207.37999999999988,609.0,1,1,1.0
1600,2,1060.52,50.53,207.0,619.88,1,1,1.0
1601,2,1056.84,53.51,210.19000000000005,620.62,1,1,1.0
1602,2,1051.9,55.71,214.12999999999988,621.0,1,1,1.0
1603,2,1048.8,54.52,216.19000000000005,622.87,1,1,1.0
1604,2,1046.06,55.08,217.8800000000001,622.12,1,1,1.0
1605,2,1041.84,54.56,218.44000000000005,624.3800000000001,1,1,1.0
1606,2,1039.03,54.33,216.75,625.5,1,1,1.0
1607,2,1036.31,54.56,215.05999999999995,625.1300000000001,1,1,1.0
1608,2,1034.06,54.66,210.55999999999995,625.12,1,1,1.0
1609,2,1030.88,54.56,206.80999999999995,625.5,1,1,1.0
1610,2,1027.78,56.39,204.19000000000005,624.38,1,1,1.0
1611,2,1026.56,61.78,200.44000000000005,619.88,1,1,1.0
1612,2,1022.62,64.22,197.9999999999999,632.25,1,1,1.0
1613,2,1013.34,67.78,202.68999999999994,651.38,1,1,1.0
1614,2,1000.12,70.59,210.56000000000006,666.75,1,1,1.0
1615,2,980.91,74.06,224.81000000000006,679.1300000000001,1,1,1.0
1616,2,971.72,77.25,227.6199999999999,677.63,1,1,1.0
1617,2,969.14,82.43,221.43999999999994,696.75,1,1,1.0
1618,2,976.22,82.78,209.44000000000005,702.75,1,1,1.0
1619,2,972.94,86.44,205.5,701.6199999999999,1,1,1.0
1620,2,968.3,85.22,200.80999999999995,702.75,1,1,1.0
1621,2,961.03,82.69,201.3800000000001,705.3699999999999,1,1,1.0
1622,2,948.38,85.31,207.56000000000006,702.3800000000001,1,1,1.0
1623,2,937.97,84.84,210.0,704.63,1,1,1.0
1624,2,925.78,85.97,212.80999999999995,702.37,1,1,1.0
1625,2,912.94,88.24,219.3699999999999,700.5,1,1,1.0
1626,2,899.16,90.49,229.87,698.25,1,1,1.0
1627,2,886.08,90.66,242.81000000000006,699.75,1,1,1.0
1628,2,873.98,91.78,254.06999999999994,718.88,1,1,1.0
1629,2,862.83,94.41,265.31000000000006,748.12,1,1,1.0
1630,2,852.89,96.84,274.13,774.75,1,1,1.0
1631,2,840.98,102.47,285.75,784.5,1,1,1.0
1632,2,829.45,109.5,295.1299999999999,793.5,1,1,1.0
1633,2,821.86,114.0,299.43999999999994,816.75,1,1,1.0
1634,2,812.06,121.12,305.44000000000005,816.0,1,1,1.0
1635,2,803.81,127.31,308.44000000000005,810.75,1,1,1.0
1636,2,794.72,128.44,312.3699999999999,811.5,1,1,1.0
1637,2,787.59,128.72,312.93999999999994,813.75,1,1,1.0
1638,2,783.28,127.97,308.80999999999995,816.75,1,1,1.0
1639,2,779.72,127.31,301.1199999999999,816.0,1,1,1.0
1640,2,775.69,128.16,290.05999999999995,815.25,1,1,1.0
1641,2,773.25,129.19,277.69000000000005,814.5,1,1,1.0
1642,2,772.64,130.5,264.18999999999994,812.25,1,1,1.0
1643,2,773.16,134.53,249.93000000000006,807.0,1,1,1.0
1644,2,772.64,137.67,238.69000000000005,804.75,1,1,1.0
1645,2,768.7,139.97,233.81999999999994,804.75,1,1,1.0
1646,2,759.38,143.16,234.92999999999995,828.0,1,1,1.0
1647,2,742.03,145.31,243.38,864.75,1,1,1.0
1648,2,712.78,153.75,262.5,892.5,1,1,1.0
1649,2,688.22,158.62,277.30999999999995,899.9999999999999,1,1,1.0
1650,2,692.62,163.59,265.32000000000005,906.7499999999999,1,1,1.0
1651,2,696.38,172.59,257.62,898.4999999999999,1,1,1.0
1652,2,691.97,180.68,260.80999999999995,893.25,1,1,1.0
1653,2,680.3,181.69,271.31000000000006,891.75,1,1,1.0
1654,2,664.64,181.41,284.06000000000006,891.7500000000001,1,1,1.0
1655,2,650.2,181.12,290.05999999999995,892.4999999999999,1,1,1.0
1656,2,635.02,184.31,299.43000000000006,888.0,1,1,1.0
1657,2,622.88,186.09,303.17999999999995,884.2499999999999,1,1,1.0
1658,2,605.25,188.44,310.13,882.0,1,1,1.0
1659,2,578.44,194.67,315.75,877.5000000000001,1,1,1.0
1660,2,555.38,195.28,315.74,878.25,1,1,1.0
1661,2,525.14,198.28,341.25,876.0,1,1,1.0
1662,2,502.64,200.48,367.88,873.75,1,1,1.0
1663,2,476.25,199.31,398.25,878.25,1,1,1.0
1664,2,456.94,205.69,419.61999999999995,870.0,1,1,1.0
1665,2,433.97,212.62,441.75,862.4999999999999,1,1,1.0
1666,2,419.91,224.77,450.74999999999994,852.0,1,1,1.0
1667,2,403.59,232.27,464.63000000000005,844.5,1,1,1.0
1668,2,391.97,237.75,472.5,840.75,1,1,1.0
1669,2,384.56,241.12,476.63000000000005,836.2600000000001,1,1,1.0
1670,2,380.81,246.75,472.49999999999994,830.25,1,1,1.0
1671,2,383.44,248.44,459.36999999999995,830.25,1,1,1.0
1672,2,388.88,249.94,435.74,828.0,1,1,1.0
1673,2,396.38,254.06,414.0,822.75,1,1,1.0
1674,2,402.19,253.88,384.00000000000006,822.0000000000001,1,1,1.0
1675,2,390.56,258.28,364.13000000000005,818.25,1,1,1.0
1676,2,374.25,259.73,353.63,816.0,1,1,1.0
1677,2,358.5,263.34,347.25,811.5,1,1,1.0
1678,2,343.69,267.28,344.61999999999995,807.0,1,1,1.0
1679,2,327.75,271.31,347.25,803.25,1,1,1.0
1680,2,309.38,275.91,358.5,799.5,1,1,1.0
1681,2,294.47,284.53,367.30999999999995,791.25,1,1,1.0
1682,2,279.38,291.42,373.12,783.0,1,1,1.0
1683,2,259.41,298.31,383.99999999999994,775.5,1,1,1.0
1684,2,241.03,306.38,390.0,766.87,1,1,1.0
1685,2,226.12,314.06,385.5,757.5,1,1,1.0
1686,2,207.98,321.19,386.25,750.3699999999999,1,1,1.0
1687,2,188.16,326.06,391.12,746.6300000000001,1,1,1.0
1688,2,166.69,328.5,390.36999999999995,744.75,1,1,1.0
1689,2,140.81,329.53,404.99999999999994,743.25,1,1,1.0
1690,2,121.27,331.59,415.12,741.75,1,1,1.0
1691,2,102.61,335.44,418.87,738.3699999999999,1,1,1.0
1692,2,84.56,336.94,426.38,735.75,1,1,1.0
1693,2,66.28,336.94,434.25,738.0,1,1,1.0
1694,2,45.75,341.3,439.5,732.0,1,1,1.0
1695,2,26.25,343.78,447.75,731.25,1,1,1.0
1696,2,8.25,344.77,452.25,729.75,1,1,1.0
1697,2,0.09,347.44,448.88000000000005,727.5,1,1,1.0
1698,2,-2.58,352.78,441.75,721.8800000000001,1,1,1.0
1699,2,-2.16,357.09,429.0,719.6300000000001,1,1,1.0
1700,2,-0.89,362.81,414.0,714.0,1,1,1.0
1701,2,0.0,369.0,400.5,706.8800000000001,1,1,1.0
1702,2,0.0,376.31,384.38,696.3800000000001,1,1,1.0
1703,2,1.03,382.5,363.38000000000005,689.25,1,1,1.0
1704,2,0.66,382.88,348.56,691.5000000000001,1,1,1.0
1705,2,0.38,398.34,326.81,675.0,1,1,1.0
1706,2,0.56,393.94,312.0,679.8699999999999,1,1,1.0
1707,2,1.31,390.94,293.06,684.0,1,1,1.0
1708,2,0.61,377.25,281.44,699.3699999999999,1,1,1.0
1709,2,0.75,104.16,269.25,963.7500000000001,1,1,1.0
1710,2,0.28,78.8,256.31,987.75,1,1,1.0
1711,2,0.19,57.98,242.81,1009.5,1,1,1.0
1957,1,706.64,6.09,204.0,475.13000000000005,1,1,1.0
1958,1,693.56,5.25,233.81000000000006,479.25,1,1,1.0
1959,1,686.16,3.28,255.75,481.88000000000005,1,1,1.0
1960,1,684.94,3.09,275.6199999999999,484.88000000000005,1,1,1.0
1961,1,686.81,2.53,286.1300000000001,490.88000000000005,1,1,1.0
1962,1,695.62,2.51,285.76,493.12,1,1,1.0
1963,1,703.12,5.41,289.68999999999994,492.0,1,1,1.0
1964,1,720.09,6.7,277.68999999999994,493.13,1,1,1.0
1965,1,774.98,4.43,236.63,494.62,1,1,1.0
1966,1,779.39,4.88,239.06000000000006,494.24,1,1,1.0
1967,1,796.41,4.88,207.56000000000006,497.24,1,1,1.0
1968,1,800.48,5.72,201.56999999999994,495.75,1,1,1.0
1969,1,805.59,6.38,192.93999999999994,494.62,1,1,1.0
1970,1,807.56,6.47,181.69000000000005,491.61999999999995,1,1,1.0
1971,1,804.94,4.01,173.14999999999998,495.75,1,1,1.0
1972,1,805.55,3.82,167.43000000000006,496.13,1,1,1.0
1973,1,813.42,3.0,164.91000000000008,496.88,1,1,1.0
1974,1,820.78,1.59,176.34000000000003,502.13000000000005,1,1,1.0
1975,1,825.75,2.3,192.75,508.87,1,1,1.0
1976,1,831.28,3.89,192.75,518.63,1,1,1.0
1977,1,837.56,4.78,188.80999999999995,526.13,1,1,1.0
1978,1,842.48,6.23,181.97000000000003,528.75,1,1,1.0
1979,1,846.89,6.56,173.90999999999997,536.6300000000001,1,1,1.0
1980,1,852.42,7.22,166.60000000000002,539.62,1,1,1.0
1981,1,856.88,7.41,161.24,539.62,1,1,1.0
1982,1,861.8,6.8,156.09000000000003,540.0,1,1,1.0
1983,1,865.5,7.08,153.0,540.75,1,1,1.0
1984,1,869.2,7.78,153.0,539.63,1,1,1.0
1985,1,872.62,9.42,159.7600000000001,538.88,1,1,1.0
1986,1,875.44,9.05,171.3699999999999,539.62,1,1,1.0
1987,1,875.44,7.88,189.0,538.5,1,1,1.0
1988,1,868.45,7.17,211.12999999999988,540.75,1,1,1.0
1989,1,860.02,7.55,234.55999999999995,547.12,1,1,1.0
1990,1,854.65,8.11,253.68999999999994,555.0,1,1,1.0
1991,1,846.98,8.11,272.6299999999999,570.0,1,1,1.0
1992,1,844.03,9.94,280.8800000000001,586.8699999999999,1,1,1.0
1993,1,844.31,11.81,287.25,591.75,1,1,1.0
1994,1,844.59,13.03,290.9999999999999,597.0,1,1,1.0
1995,1,845.34,14.62,290.9999999999999,599.26,1,1,1.0
1996,1,846.61,16.12,288.37,599.26,1,1,1.0
1997,1,848.53,16.78,284.05999999999995,600.38,1,1,1.0
1998,1,852.38,17.53,275.62,599.63,1,1,1.0
1999,1,855.56,17.16,267.55999999999995,600.37,1,1,1.0
2000,1,858.28,17.81,258.0,599.25,1,1,1.0
2001,1,863.39,18.49,243.38,598.5,1,1,1.0
2002,1,867.66,20.2,235.5000000000001,597.38,1,1,1.0
2003,1,871.92,21.3,225.18999999999994,597.38,1,1,1.0
2004,1,876.7,22.97,215.25,595.12,1,1,1.0
2005,1,877.85,22.92,207.38,593.63,1,1,1.0
2006,1,877.01,23.53,204.0,595.5,1,1,1.0
2007,1,874.71,24.56,201.0,609.0,1,1,1.0
2008,1,872.2,26.39,199.5,616.5,1,1,1.0
2009,1,870.09,29.91,196.32000000000005,604.87,1,1,1.0
2010,1,867.52,30.89,195.0,628.5,1,1,1.0
2011,1,866.41,34.38,195.18999999999994,663.0,1,1,1.0
2012,1,862.78,35.11,198.0,671.62,1,1,1.0
2013,1,859.27,37.59,201.55999999999995,673.88,1,1,1.0
2014,1,856.1,39.33,206.81000000000006,675.75,1,1,1.0
2015,1,854.58,40.17,209.9999999999999,673.88,1,1,1.0
2016,1,852.87,40.5,213.7499999999999,672.75,1,1,1.0
2017,1,852.33,40.83,216.93999999999994,672.37,1,1,1.0
2018,1,852.52,41.16,220.30999999999995,670.5,1,1,1.0
2019,1,851.81,41.72,221.44000000000005,669.75,1,1,1.0
2020,1,848.95,44.11,224.05999999999995,668.25,1,1,1.0
2021,1,838.69,44.39,234.3699999999999,668.25,1,1,1.0
2022,1,823.8,45.84,249.0,668.25,1,1,1.0
2023,1,822.19,47.06,251.80999999999995,678.0,1,1,1.0
2024,1,820.2,50.06,253.5,702.75,1,1,1.0
2025,1,816.19,54.75,256.30999999999995,724.13,1,1,1.0
2026,1,814.31,57.66,254.05999999999995,744.75,1,1,1.0
2027,1,812.91,62.16,252.17999999999995,763.12,1,1,1.0
2028,1,810.38,66.19,251.06000000000006,774.0,1,1,1.0
2029,1,805.69,69.19,251.6199999999999,774.75,1,1,1.0
2030,1,800.91,74.06,251.06000000000006,771.0,1,1,1.0
2031,1,795.94,77.06,251.6199999999999,769.5,1,1,1.0
2032,1,791.53,79.92,250.1300000000001,768.75,1,1,1.0
2033,1,786.05,79.83,251.25,768.0,1,1,1.0
2034,1,781.31,80.48,252.19000000000005,767.25,1,1,1.0
2035,1,776.81,80.95,251.6300000000001,765.75,1,1,1.0
2036,1,770.44,80.81,251.6199999999999,767.25,1,1,1.0
2037,1,764.25,79.41,255.19000000000005,771.0,1,1,1.0
2038,1,755.81,78.56,266.06000000000006,773.25,1,1,1.0
2039,1,750.23,78.89,276.56999999999994,797.25,1,1,1.0
2040,1,742.45,81.09,288.3799999999999,839.25,1,1,1.0
2041,1,732.47,87.0,300.3699999999999,866.25,1,1,1.0
2042,1,724.92,91.31,308.81000000000006,887.25,1,1,1.0
2043,1,720.19,98.48,313.69000000000005,901.5,1,1,1.0
2044,1,715.36,104.81,319.68999999999994,929.25,1,1,1.0
2045,1,710.77,110.3,325.8700000000001,929.25,1,1,1.0
2046,1,707.53,115.64,330.0,922.5000000000001,1,1,1.0
2047,1,705.47,117.98,330.55999999999995,921.0,1,1,1.0
2048,1,701.91,118.22,332.81000000000006,921.0,1,1,1.0
2049,1,701.25,120.42,329.6300000000001,918.7500000000001,1,1,1.0
2050,1,700.78,122.06,323.44000000000005,917.25,1,1,1.0
2051,1,701.81,124.83,315.19000000000005,913.4999999999999,1,1,1.0
2052,1,700.22,125.62,310.5,913.4999999999999,1,1,1.0
2053,1,698.72,128.95,309.93999999999994,909.75,1,1,1.0
2054,1,693.0,130.88,314.44000000000005,909.7399999999999,1,1,1.0
2055,1,688.03,135.09,319.13,911.9999999999999,1,1,1.0
2056,1,685.5,138.84,319.12,929.2499999999999,1,1,1.0
2057,1,684.66,144.19,318.37,924.0,1,1,1.0
2058,1,680.44,147.84,318.3699999999999,920.9999999999999,1,1,1.0
2059,1,674.62,157.31,319.13,912.0,1,1,1.0
2060,1,666.84,166.97,321.93999999999994,902.25,1,1,1.0
2061,1,659.53,174.75,325.31000000000006,896.25,1,1,1.0
2062,1,649.31,180.0,330.0,891.0,1,1,1.0
2063,1,638.34,184.69,335.63,888.0,1,1,1.0
2064,1,625.22,189.0,341.62,884.25,1,1,1.0
2065,1,614.58,191.46,345.0,882.0,1,1,1.0
2066,1,603.33,192.77,349.12,882.0,1,1,1.0
2067,1,587.39,193.88,357.0,880.5000000000001,1,1,1.0
2068,1,574.78,201.28,362.25,871.5,1,1,1.0
2069,1,558.38,203.53,381.17999999999995,869.25,1,1,1.0
2070,1,536.16,205.17,409.87,868.5000000000001,1,1,1.0
2071,1,516.05,210.0,441.0,864.75,1,1,1.0
2072,1,492.66,217.5,467.99999999999994,857.25,1,1,1.0
2073,1,473.02,227.67,482.62,846.7500000000001,1,1,1.0
2074,1,452.67,239.58,502.49999999999994,833.9999999999999,1,1,1.0
2075,1,431.44,249.94,524.6199999999999,823.5,1,1,1.0
2076,1,415.5,261.38,537.75,811.5000000000001,1,1,1.0
2077,1,399.94,270.94,549.75,801.75,1,1,1.0
2078,1,386.06,282.38,558.3800000000001,791.2399999999999,1,1,1.0
2079,1,372.38,291.75,564.37,780.75,1,1,1.0
2080,1,362.34,300.94,567.3800000000001,771.75,1,1,1.0
2081,1,353.53,311.62,567.0,761.63,1,1,1.0
2082,1,344.34,318.56,563.25,754.8800000000001,1,1,1.0
2083,1,335.77,324.09,549.37,744.0,1,1,1.0
2084,1,332.3,330.38,530.6199999999999,737.62,1,1,1.0
2085,1,331.31,336.56,502.49999999999994,732.0,1,1,1.0
2086,1,323.18,342.38,495.37999999999994,726.7399999999999,1,1,1.0
2087,1,308.16,351.09,495.36999999999995,718.8800000000001,1,1,1.0
2088,1,284.62,357.94,504.0,716.25,1,1,1.0
2089,1,257.06,373.31,510.38000000000005,698.25,1,1,1.0
2090,1,229.31,390.42,507.74999999999994,682.1299999999999,1,1,1.0
2091,1,195.28,409.22,519.75,663.3699999999999,1,1,1.0
2092,1,163.97,426.56,519.75,645.0,1,1,1.0
2093,1,124.88,445.88,531.0,624.0000000000001,1,1,1.0
2094,1,81.94,464.72,551.6199999999999,603.0,1,1,1.0
2095,1,51.0,489.94,555.0,575.6199999999999,1,1,1.0
2096,1,-0.38,505.78,573.38,562.5,1,1,1.0
2097,1,-0.47,517.88,541.13,551.62,1,1,1.0
2098,1,-1.59,532.69,516.75,536.6199999999999,1,1,1.0
2099,1,-1.5,546.66,489.0,523.87,1,1,1.0
2100,1,0.09,559.97,446.63000000000005,511.5,1,1,1.0
2101,1,1.41,570.38,404.61999999999995,502.12,1,1,1.0
2102,1,-0.33,613.12,357.0,458.63,1,1,1.0
2103,1,-0.75,625.83,267.56,446.62,1,1,1.0
