443,1,287.16,726.94,768.0,345.75,1,1,1.0
444,1,277.97,716.72,736.5,352.69000000000005,1,1,1.0
445,1,277.5,701.44,721.5,365.44000000000005,1,1,1.0
446,1,278.25,685.03,706.13,382.1300000000001,1,1,1.0
447,1,263.62,667.88,689.63,398.2399999999999,1,1,1.0
448,1,248.06,653.11,675.75,413.62,1,1,1.0
449,1,233.44,638.3,653.25,427.5,1,1,1.0
450,1,211.5,621.14,639.0,445.88,1,1,1.0
451,1,190.36,604.36,630.0,464.62,1,1,1.0
452,1,166.22,593.25,616.12,478.5,1,1,1.0
453,1,144.19,578.06,609.75,493.5,1,1,1.0
454,1,111.75,566.81,610.87,503.6300000000001,1,1,1.0
455,1,82.31,559.59,606.75,510.38,1,1,1.0
456,1,61.59,555.09,604.13,515.9999999999999,1,1,1.0
457,1,29.44,550.59,604.1199999999999,519.38,1,1,1.0
458,1,3.42,550.31,607.13,519.75,1,1,1.0
459,1,-4.64,551.91,586.5,518.2500000000001,1,1,1.0
460,1,-1.22,555.19,552.75,516.0,1,1,1.0
461,1,-1.97,556.03,531.75,515.25,1,1,1.0
462,1,0.19,553.59,505.5,518.63,1,1,1.0
463,1,3.09,557.25,483.75,514.5,1,1,1.0
464,1,3.61,556.78,469.5,514.5,1,1,1.0
465,1,2.11,553.59,463.87,515.9999999999999,1,1,1.0
466,1,2.25,543.94,460.13,525.0,1,1,1.0
467,1,2.25,534.47,460.13,534.0,1,1,1.0
468,1,-0.84,522.94,466.5,544.8699999999999,1,1,1.0
469,1,-0.66,514.5,469.5,555.0,1,1,1.0
470,1,-0.56,503.91,474.75,565.8699999999999,1,1,1.0
471,1,-0.75,493.59,478.13,576.75,1,1,1.0
472,1,-0.56,481.88,480.37,588.7399999999999,1,1,1.0
473,1,-0.56,478.03,480.75,591.75,1,1,1.0
474,1,-0.84,473.44,480.36999999999995,595.8699999999999,1,1,1.0
475,1,-0.66,466.31,477.0,603.0,1,1,1.0
476,1,-0.84,462.19,472.5,607.1199999999999,1,1,1.0
477,1,-1.12,457.78,465.0,611.25,1,1,1.0
478,1,-0.94,449.62,459.0,619.88,1,1,1.0
479,1,-0.84,439.69,451.11999999999995,629.25,1,1,1.0
480,1,-0.75,429.75,444.37,638.6300000000001,1,1,1.0
481,1,-1.12,422.34,439.5,646.5,1,1,1.0
482,1,-1.12,418.5,432.0,649.5,1,1,1.0
483,1,2.95,413.2,418.5,657.0,1,1,1.0
484,1,2.62,406.31,415.13,664.5,1,1,1.0
485,1,2.44,398.06,408.75,672.75,1,1,1.0
486,1,3.56,392.25,401.25,678.0,1,1,1.0
487,1,2.48,380.81,397.5,689.25,1,1,1.0
488,1,1.73,369.84,392.63,701.6300000000001,1,1,1.0
489,1,0.89,358.31,388.13,712.5,1,1,1.0
490,1,0.35,350.16,382.31,720.75,1,1,1.0
491,1,0.33,345.47,380.81,726.75,1,1,1.0
492,1,0.7,344.81,382.69,727.5,1,1,1.0
493,1,0.94,343.97,381.37,727.8699999999999,1,1,1.0
494,1,0.75,341.62,385.5,731.63,1,1,1.0
495,1,1.03,337.78,384.38000000000005,734.6300000000001,1,1,1.0
496,1,0.84,330.94,383.44,741.75,1,1,1.0
497,1,0.54,327.56,375.75,746.6300000000001,1,1,1.0
498,1,-0.3,321.28,367.87,752.6300000000001,1,1,1.0
499,1,-0.54,317.72,353.63,757.1199999999999,1,1,1.0
500,1,0.94,315.56,315.75,757.5,1,1,1.0
501,1,0.19,314.25,304.87,757.5,1,1,1.0
502,1,-0.09,312.47,300.0,759.3699999999999,1,1,1.0
503,1,0.66,309.66,292.11999999999995,763.1199999999999,1,1,1.0
504,1,1.22,307.78,288.75,764.25,1,1,1.0
505,1,0.05,301.69,286.68,769.5,1,1,1.0
506,1,-0.14,298.03,287.06,772.5,1,1,1.0
507,1,0.09,296.67,288.75,774.0,1,1,1.0
508,1,0.28,293.86,294.0,778.4999999999999,1,1,1.0
509,1,0.84,295.12,300.57000000000005,775.4999999999999,1,1,1.0
510,1,0.94,296.02,310.12,775.5,1,1,1.0
511,1,1.12,297.75,315.76,774.75,1,1,1.0
512,1,1.22,298.78,321.19,776.25,1,1,1.0
513,1,1.03,298.03,325.5,775.5,1,1,1.0
514,1,1.41,298.69,328.11999999999995,774.75,1,1,1.0
515,1,1.5,304.03,330.56,769.5,1,1,1.0
516,1,1.59,306.38,331.69,766.87,1,1,1.0
517,1,1.69,312.56,343.12,760.1300000000001,1,1,1.0
518,1,4.22,322.97,350.44,749.6199999999999,1,1,1.0
519,1,3.77,334.69,355.32,738.3699999999999,1,1,1.0
520,1,2.77,346.78,361.12,726.75,1,1,1.0
521,1,1.31,350.25,358.88,723.3699999999999,1,1,1.0
522,1,1.12,340.78,356.63,732.75,1,1,1.0
523,1,1.22,330.84,354.36999999999995,742.5,1,1,1.0
524,1,1.22,353.16,350.80999999999995,721.8699999999999,1,1,1.0
525,1,1.31,380.06,348.0,694.5,1,1,1.0
526,1,1.22,367.12,345.94,708.38,1,1,1.0
527,1,1.12,370.31,343.13,704.6300000000001,1,1,1.0
528,1,1.03,366.56,341.25,707.6300000000001,1,1,1.0
529,1,0.94,373.59,339.75,699.75,1,1,1.0
530,1,1.03,379.78,334.88000000000005,693.75,1,1,1.0
531,1,0.84,381.0,331.5,693.75,1,1,1.0
532,1,0.84,376.78,330.19,698.25,1,1,1.0
533,1,0.66,373.59,325.5,702.3800000000001,1,1,1.0
534,1,0.66,373.59,323.81,701.6300000000001,1,1,1.0
535,1,0.75,372.94,322.31,701.6199999999999,1,1,1.0
536,1,0.47,370.78,316.69,703.8800000000001,1,1,1.0
537,1,0.75,374.62,316.69,699.7600000000001,1,1,1.0
538,1,0.84,378.19,316.69,696.75,1,1,1.0
539,1,0.84,385.12,319.69,689.9999999999999,1,1,1.0
540,1,0.66,381.19,321.17999999999995,693.75,1,1,1.0
541,1,0.84,389.16,321.94,686.25,1,1,1.0
542,1,0.66,387.0,321.56,688.1199999999999,1,1,1.0
543,1,0.66,385.78,320.06,689.25,1,1,1.0
544,1,0.75,390.94,321.19,684.3699999999999,1,1,1.0
545,1,0.47,367.12,322.30999999999995,708.38,1,1,1.0
546,1,0.66,367.59,319.5,708.3800000000001,1,1,1.0
547,1,0.66,368.44,319.11999999999995,707.6199999999999,1,1,1.0
548,1,0.84,365.72,318.75,709.5,1,1,1.0
549,1,0.75,346.78,320.63,726.75,1,1,1.0
550,1,0.84,340.31,323.07000000000005,732.0,1,1,1.0
551,1,0.84,342.56,324.38000000000005,729.75,1,1,1.0
552,1,0.84,342.38,326.63000000000005,730.5000000000001,1,1,1.0
553,1,0.84,341.81,328.32000000000005,730.5,1,1,1.0
554,1,0.84,344.62,329.63000000000005,727.4999999999999,1,1,1.0
555,1,0.75,342.94,328.69,729.0,1,1,1.0
556,1,0.84,343.69,329.07000000000005,729.0,1,1,1.0
557,1,0.84,344.16,328.69,727.8699999999999,1,1,1.0
558,1,0.75,342.09,328.31,729.75,1,1,1.0
559,1,0.84,342.28,328.69,730.5,1,1,1.0
560,1,0.75,340.59,332.06,731.6300000000001,1,1,1.0
561,1,0.84,339.19,331.69,732.75,1,1,1.0
562,1,0.84,339.75,331.69,732.0,1,1,1.0
563,1,0.94,337.88,334.87,734.62,1,1,1.0
564,1,1.03,338.53,335.25,733.5,1,1,1.0
565,1,0.94,336.84,335.25,735.3800000000001,1,1,1.0
566,1,0.94,339.75,334.87,732.0,1,1,1.0
567,1,0.84,340.12,334.88000000000005,731.9999999999999,1,1,1.0
568,1,0.84,337.31,334.32000000000005,734.6300000000001,1,1,1.0
569,1,0.84,339.66,333.38000000000005,732.75,1,1,1.0
570,1,0.84,337.12,332.82000000000005,734.63,1,1,1.0
571,1,0.75,337.78,332.06,734.6300000000001,1,1,1.0
572,1,0.56,341.81,330.0,729.75,1,1,1.0
573,1,0.84,344.16,330.94,727.5,1,1,1.0
574,1,0.84,344.81,330.57000000000005,726.75,1,1,1.0
575,1,0.84,346.5,333.94,724.8800000000001,1,1,1.0
576,1,0.75,345.28,334.31,726.75,1,1,1.0
577,1,0.94,345.56,333.94,726.75,1,1,1.0
578,1,0.84,343.97,334.88000000000005,727.8699999999999,1,1,1.0
579,1,0.75,345.28,331.5,726.75,1,1,1.0
580,1,0.75,344.06,332.44,727.8800000000001,1,1,1.0
581,1,0.66,342.38,329.61999999999995,729.7399999999999,1,1,1.0
582,1,0.84,339.19,326.25,732.75,1,1,1.0
583,1,0.94,339.56,326.62,731.6300000000001,1,1,1.0
584,1,1.03,339.56,328.69000000000005,732.0,1,1,1.0
585,1,1.31,341.44,326.81,730.5,1,1,1.0
586,1,1.22,343.12,325.86999999999995,728.9999999999999,1,1,1.0
587,1,1.12,342.66,326.63,729.0,1,1,1.0
588,1,1.31,345.47,326.63,725.6199999999999,1,1,1.0
589,1,1.12,346.59,327.76,724.1300000000001,1,1,1.0
590,1,1.03,351.47,327.75,719.6199999999999,1,1,1.0
591,1,0.94,352.03,325.87,719.6300000000001,1,1,1.0
592,1,0.75,352.78,325.31,718.8800000000001,1,1,1.0
593,1,0.75,354.0,325.87,717.75,1,1,1.0
594,1,0.66,355.22,326.61999999999995,715.8699999999999,1,1,1.0
595,1,0.75,355.88,326.63,715.5000000000001,1,1,1.0
596,1,0.84,356.62,325.88000000000005,714.7600000000001,1,1,1.0
597,1,0.94,355.03,326.25,715.8800000000001,1,1,1.0
598,1,0.94,355.41,324.75,715.8699999999999,1,1,1.0
599,1,1.12,351.66,324.76,720.0,1,1,1.0
600,1,1.12,351.38,324.0,720.7399999999999,1,1,1.0
601,1,0.66,350.62,322.31,720.7600000000001,1,1,1.0
602,1,0.94,352.69,321.56,718.8699999999999,1,1,1.0
603,1,0.75,354.38,321.19,717.0000000000001,1,1,1.0
604,1,1.03,356.25,321.56,715.5,1,1,1.0
605,1,0.84,357.19,322.32000000000005,714.75,1,1,1.0
606,1,0.75,356.91,321.56,714.75,1,1,1.0
607,1,0.66,357.56,321.0,714.75,1,1,1.0
608,1,0.84,356.16,323.07000000000005,715.5,1,1,1.0
609,1,1.22,355.97,321.55999999999995,715.8699999999999,1,1,1.0
610,1,1.31,356.53,321.56,715.8800000000001,1,1,1.0
611,1,1.12,355.59,321.57,717.0,1,1,1.0
612,1,1.03,354.66,321.94000000000005,717.75,1,1,1.0
613,1,1.12,355.69,321.94,717.0,1,1,1.0
614,1,1.12,352.78,321.57,719.6300000000001,1,1,1.0
615,1,1.12,352.88,323.44,719.62,1,1,1.0
616,1,1.03,352.5,323.44000000000005,719.6199999999999,1,1,1.0
617,1,1.12,352.22,324.38,718.8699999999999,1,1,1.0
618,1,0.94,352.22,325.31,720.0,1,1,1.0
619,1,0.84,348.75,323.82000000000005,722.6300000000001,1,1,1.0
620,1,0.75,342.47,323.44,729.0,1,1,1.0
621,1,0.84,335.62,324.75,735.38,1,1,1.0
622,1,0.84,330.66,326.63000000000005,739.8699999999999,1,1,1.0
623,1,1.03,330.28,327.75,739.8800000000001,1,1,1.0
624,1,1.03,333.84,327.38000000000005,736.8800000000001,1,1,1.0
625,1,1.22,376.88,330.19,696.7399999999999,1,1,1.0
626,1,1.5,365.34,330.56,708.3800000000001,1,1,1.0
627,1,1.31,348.47,331.69,724.1199999999999,1,1,1.0
628,1,1.22,356.25,331.69,717.0,1,1,1.0
629,1,1.12,388.41,330.19,687.3699999999999,1,1,1.0
630,1,1.22,397.59,330.55999999999995,677.6300000000001,1,1,1.0
631,1,1.22,407.3,334.86999999999995,669.3700000000001,1,1,1.0
632,1,1.31,408.84,336.19,667.5,1,1,1.0
633,1,1.12,397.03,332.44,678.0,1,1,1.0
634,1,1.12,396.0,339.76,679.8800000000001,1,1,1.0
635,1,1.22,412.97,350.44,664.1199999999999,1,1,1.0
636,1,1.22,407.53,358.11999999999995,669.75,1,1,1.0
637,1,1.03,398.72,307.5,674.6199999999999,1,1,1.0
638,1,1.31,409.45,326.81,666.75,1,1,1.0
639,1,1.22,415.83,363.75,660.75,1,1,1.0
640,1,1.12,411.05,362.26,665.25,1,1,1.0
641,1,1.12,406.97,357.76,669.75,1,1,1.0
642,1,1.12,377.91,350.44,696.3699999999999,1,1,1.0
643,1,1.22,340.78,348.55999999999995,730.5,1,1,1.0
644,1,1.12,341.06,345.94,730.5,1,1,1.0
645,1,1.31,352.22,345.94,720.0,1,1,1.0
646,1,1.5,352.22,347.62,720.75,1,1,1.0
647,1,1.22,356.62,349.5,716.9999999999999,1,1,1.0
648,1,3.28,351.0,349.13000000000005,724.1199999999999,1,1,1.0
649,1,2.53,352.97,353.06,722.6199999999999,1,1,1.0
650,1,0.47,361.59,354.0,712.8800000000001,1,1,1.0
651,1,0.56,371.06,353.63,703.8800000000001,1,1,1.0
652,1,0.84,376.5,354.38000000000005,697.5,1,1,1.0
653,1,0.56,379.88,356.81,693.7399999999999,1,1,1.0
654,1,1.03,383.81,355.88000000000005,689.25,1,1,1.0
655,1,0.94,382.97,356.81,688.1199999999999,1,1,1.0
656,1,0.84,383.62,364.69,687.38,1,1,1.0
657,1,1.12,378.28,385.13,693.75,1,1,1.0
658,1,-1.69,382.64,408.75,690.38,1,1,1.0
659,1,-1.78,382.12,426.36999999999995,690.38,1,1,1.0
660,1,-1.78,382.31,441.0,690.3800000000001,1,1,1.0
661,1,-1.12,380.06,457.12,691.8800000000001,1,1,1.0
662,1,-0.47,380.81,470.25,691.8800000000001,1,1,1.0
663,1,0.47,382.36,484.11999999999995,690.37,1,1,1.0
664,1,0.47,383.44,499.11999999999995,689.6199999999999,1,1,1.0
665,1,0.19,384.89,508.87,687.38,1,1,1.0
666,1,0.56,385.59,513.3800000000001,687.3800000000001,1,1,1.0
667,1,-0.09,386.3,517.5,687.3700000000001,1,1,1.0
668,1,-0.66,387.52,517.5,685.8700000000001,1,1,1.0
669,1,-0.19,390.56,512.6300000000001,682.8800000000001,1,1,1.0
670,1,-0.38,393.38,507.0,679.87,1,1,1.0
671,1,-0.38,397.22,498.0,675.3699999999999,1,1,1.0
672,1,-1.22,402.84,489.0,669.75,1,1,1.0
673,1,-1.12,410.91,472.5,661.1199999999999,1,1,1.0
674,1,-1.03,415.97,454.86999999999995,655.1199999999999,1,1,1.0
675,1,-0.84,415.97,439.86999999999995,655.1199999999999,1,1,1.0
676,1,0.7,395.25,417.0,680.6300000000001,1,1,1.0
677,1,-0.14,390.47,401.25,690.3699999999999,1,1,1.0
678,1,-0.28,389.91,370.86999999999995,687.0,1,1,1.0
755,1,0.61,390.84,273.56,684.0,1,1,1.0
756,1,0.8,395.34,271.68,678.0,1,1,1.0
757,1,0.75,389.34,288.37,684.3800000000001,1,1,1.0
758,1,0.66,380.16,315.17999999999995,693.0,1,1,1.0
759,1,0.66,377.44,341.25,694.5,1,1,1.0
760,1,0.66,370.22,356.61999999999995,699.75,1,1,1.0
761,1,1.41,358.41,381.92999999999995,709.8699999999999,1,1,1.0
762,1,2.34,351.84,391.88000000000005,715.8800000000001,1,1,1.0
763,1,2.53,348.0,399.0,720.75,1,1,1.0
764,1,2.53,345.09,402.0,724.8800000000001,1,1,1.0
765,1,0.84,342.47,404.25,727.5,1,1,1.0
766,1,0.09,339.47,403.13000000000005,730.5,1,1,1.0
767,1,0.0,333.56,399.0,736.8800000000001,1,1,1.0
768,1,-1.5,324.94,402.38,747.0,1,1,1.0
769,1,-0.28,321.84,397.86999999999995,747.3800000000001,1,1,1.0
770,1,-0.56,316.69,401.62,752.6199999999999,1,1,1.0
771,1,-0.56,310.78,406.12,759.3800000000001,1,1,1.0
772,1,-1.69,307.5,417.38,763.8800000000001,1,1,1.0
773,1,-1.69,304.12,423.0,767.63,1,1,1.0
774,1,-1.88,302.62,427.5,768.7600000000001,1,1,1.0
775,1,-1.88,300.38,432.76,771.0000000000001,1,1,1.0
776,1,-2.16,296.62,442.13000000000005,776.9999999999999,1,1,1.0
777,1,-2.34,293.06,448.86999999999995,780.75,1,1,1.0
778,1,-2.72,289.31,455.63000000000005,783.75,1,1,1.0
779,1,-2.91,285.0,461.63000000000005,789.0,1,1,1.0
780,1,0.14,282.42,460.88,788.25,1,1,1.0
781,1,2.44,282.09,460.12,788.25,1,1,1.0
782,1,4.97,280.5,458.61999999999995,789.75,1,1,1.0
783,1,9.47,278.58,455.25,791.25,1,1,1.0
784,1,13.83,278.2,449.25,792.0,1,1,1.0
785,1,16.31,273.05,441.75,797.25,1,1,1.0
786,1,18.89,267.28,433.13,804.0,1,1,1.0
787,1,24.7,261.94,421.5,809.25,1,1,1.0
788,1,31.5,254.16,411.75,819.0000000000001,1,1,1.0
789,1,37.5,248.2,403.88,825.75,1,1,1.0
790,1,45.0,244.55,391.12,828.0,1,1,1.0
791,1,50.72,239.16,384.37,834.0000000000001,1,1,1.0
792,1,57.84,235.12,369.18999999999994,839.2600000000001,1,1,1.0
793,1,66.19,234.09,356.25,839.9999999999999,1,1,1.0
794,1,72.09,234.19,359.25,840.0,1,1,1.0
795,1,76.12,232.59,365.63,841.4999999999999,1,1,1.0
796,1,77.06,233.48,372.19,840.75,1,1,1.0
797,1,76.5,233.11,378.75,841.4999999999999,1,1,1.0
798,1,72.19,234.23,388.12,840.0,1,1,1.0
799,1,63.56,236.81,405.75,837.75,1,1,1.0
800,1,56.81,237.61,411.75,836.9999999999999,1,1,1.0
801,1,49.5,239.86,420.0,834.7499999999999,1,1,1.0
802,1,38.62,242.44,429.0,831.75,1,1,1.0
803,1,28.5,245.91,436.5,828.0000000000001,1,1,1.0
804,1,18.84,251.02,442.5,823.5,1,1,1.0
805,1,8.2,258.42,445.88,816.0,1,1,1.0
806,1,2.95,266.44,442.5,807.75,1,1,1.0
807,1,1.45,275.72,442.5,798.75,1,1,1.0
808,1,2.53,285.33,446.63000000000005,788.25,1,1,1.0
809,1,-3.28,294.98,462.75,777.75,1,1,1.0
810,1,-2.53,301.41,468.75,773.25,1,1,1.0
811,1,-2.53,313.27,476.61999999999995,760.8700000000001,1,1,1.0
812,1,-1.5,320.91,474.75,754.8699999999999,1,1,1.0
813,1,1.41,327.0,467.25,748.1199999999999,1,1,1.0
814,1,-1.59,325.12,461.25,750.38,1,1,1.0
815,1,-0.09,328.97,444.36999999999995,744.75,1,1,1.0
816,1,-0.66,327.38,424.13000000000005,748.5000000000001,1,1,1.0
817,1,-0.42,326.62,405.75,749.63,1,1,1.0
818,1,-0.66,320.25,391.88000000000005,755.25,1,1,1.0
819,1,-0.94,317.62,386.25,757.13,1,1,1.0
820,1,-0.87,333.09,375.38,744.75,1,1,1.0
821,1,0.75,334.88,367.31,744.7399999999999,1,1,1.0
822,1,-1.41,268.5,367.32000000000005,807.75,1,1,1.0
823,1,-0.75,366.19,359.63,711.75,1,1,1.0
824,1,-0.94,318.0,355.13,760.8800000000001,1,1,1.0
832,1,-0.94,318.0,355.13,760.8800000000001,1,1,1.0
833,1,-0.19,267.19,295.5,804.0,1,1,1.0
834,1,0.28,164.53,288.38000000000005,908.25,1,1,1.0
835,1,0.0,160.5,285.0,912.0,1,1,1.0
836,1,0.42,121.22,284.25,949.5,1,1,1.0
837,1,-0.33,343.41,287.06,732.75,1,1,1.0
838,1,-0.42,338.62,283.69,738.38,1,1,1.0
839,1,0.05,361.03,275.25,717.0,1,1,1.0
840,1,0.14,365.34,271.69,712.8800000000001,1,1,1.0
841,1,0.09,354.84,269.07000000000005,723.3800000000001,1,1,1.0
842,1,0.52,348.28,264.18,732.0,1,1,1.0
843,1,0.61,329.25,259.69,751.5,1,1,1.0
844,1,0.8,322.78,255.37,757.5,1,1,1.0
845,1,0.94,276.7,251.25,800.25,1,1,1.0
846,1,1.22,138.19,244.87,933.0,1,1,1.0
847,1,1.64,109.03,241.88000000000002,963.75,1,1,1.0
848,1,1.03,77.02,239.25,995.25,1,1,1.0
848,2,1413.77,688.78,404.25,382.1300000000001,1,1,1.0
849,1,0.56,65.77,234.38,1004.25,1,1,1.0
849,2,1386.75,654.75,480.3699999999999,415.8699999999999,1,1,1.0
850,1,0.42,67.27,225.56,1001.25,1,1,1.0
850,2,1366.22,628.17,549.3799999999999,441.0000000000001,1,1,1.0
851,1,0.19,77.67,218.25,991.5000000000001,1,1,1.0
851,2,1348.31,606.09,565.1300000000001,460.88,1,1,1.0
852,1,0.19,66.19,209.44,1004.25,1,1,1.0
852,2,1332.94,585.14,563.6199999999999,484.88,1,1,1.0
853,1,-0.05,56.44,200.44,1015.5,1,1,1.0
853,2,1316.62,569.72,555.0,499.5,1,1,1.0
854,1,0.61,87.09,181.97,986.2499999999999,1,1,1.0
854,2,1257.7,555.28,594.3799999999999,515.25,1,1,1.0
855,1,0.33,71.48,162.83999999999997,1002.75,1,1,1.0
855,2,1229.62,545.62,600.75,524.63,1,1,1.0
856,1,0.23,72.14,146.16,1002.7500000000001,1,1,1.0
856,2,1205.34,536.34,602.25,532.13,1,1,1.0
857,1,0.28,61.55,136.88,1014.0,1,1,1.0
857,2,1188.94,529.59,607.1199999999999,537.38,1,1,1.0
858,2,1168.64,521.62,622.8799999999999,545.9999999999999,1,1,1.0
859,2,1160.95,510.47,628.8699999999999,557.25,1,1,1.0
860,2,1137.19,497.06,656.6299999999999,572.6300000000001,1,1,1.0
861,2,1116.75,477.38,618.3699999999999,591.0000000000001,1,1,1.0
862,2,1103.91,458.44,613.1299999999999,611.25,1,1,1.0
863,2,1088.91,441.28,623.6299999999999,629.25,1,1,1.0
864,2,1072.31,421.88,625.1300000000001,648.0000000000001,1,1,1.0
865,2,1066.69,402.28,625.1299999999999,667.5,1,1,1.0
866,2,1057.31,379.31,596.6300000000001,694.1300000000001,1,1,1.0
867,2,1046.81,360.94,577.5,712.8699999999999,1,1,1.0
868,2,1041.94,346.88,552.3799999999999,726.37,1,1,1.0
869,2,1037.25,335.25,533.6300000000001,738.0,1,1,1.0
870,2,1030.88,327.38,519.0,744.7399999999999,1,1,1.0
871,2,1025.25,320.25,507.0,752.6300000000001,1,1,1.0
872,2,1020.0,317.44,495.0,756.0,1,1,1.0
873,2,1012.88,315.75,484.12,757.1300000000001,1,1,1.0
874,2,1004.91,314.81,472.5000000000001,758.6300000000001,1,1,1.0
875,2,997.31,315.0,461.6300000000001,757.1199999999999,1,1,1.0
876,2,990.75,311.81,444.3699999999999,760.8800000000001,1,1,1.0
877,2,983.34,309.75,434.2499999999999,763.8699999999999,1,1,1.0
878,2,975.19,303.94,422.6199999999999,769.5,1,1,1.0
879,2,969.75,297.56,412.5,773.25,1,1,1.0
880,2,964.31,288.0,401.25,783.75,1,1,1.0
881,2,957.56,277.5,393.3800000000001,795.75,1,1,1.0
882,2,950.11,270.94,388.4999999999999,802.5,1,1,1.0
883,2,944.86,261.38,382.87,813.7399999999999,1,1,1.0
884,2,942.38,255.89,372.17999999999995,816.7500000000001,1,1,1.0
885,2,937.03,248.34,366.94000000000005,825.7499999999999,1,1,1.0
886,2,932.25,241.36,364.8699999999999,833.2499999999999,1,1,1.0
887,2,927.94,237.75,367.30999999999995,837.0,1,1,1.0
888,2,925.03,233.58,370.30999999999995,841.4999999999999,1,1,1.0
889,2,923.62,230.72,372.57000000000005,843.75,1,1,1.0
890,1,0.66,514.59,255.36999999999998,561.7499999999999,1,1,1.0
890,2,921.38,230.91,376.12,843.7500000000001,1,1,1.0
891,1,0.7,525.56,262.13,552.0,1,1,1.0
891,2,920.16,228.0,379.67999999999995,847.5,1,1,1.0
892,1,0.7,517.12,267.57,559.4999999999999,1,1,1.0
892,2,919.41,226.69,381.37,848.25,1,1,1.0
893,1,0.52,536.34,271.68,544.13,1,1,1.0
893,2,916.69,223.69,382.30999999999995,851.25,1,1,1.0
894,1,1.31,551.34,273.56,529.88,1,1,1.0
894,2,916.03,220.22,381.19000000000005,853.5,1,1,1.0
895,1,0.14,475.5,275.06,599.25,1,1,1.0
895,2,914.62,218.06,379.68999999999994,856.5,1,1,1.0
896,1,0.28,483.47,275.25,593.6199999999999,1,1,1.0
896,2,912.56,215.16,376.1300000000001,859.5000000000001,1,1,1.0
897,1,0.52,417.0,273.0,651.3800000000001,1,1,1.0
897,2,911.81,212.06,371.05999999999995,861.75,1,1,1.0
898,1,0.19,421.12,273.56,647.2600000000001,1,1,1.0
898,2,911.44,207.56,365.6199999999999,866.25,1,1,1.0
899,1,0.8,383.91,275.62,688.1199999999999,1,1,1.0
899,2,911.53,201.28,361.8800000000001,870.75,1,1,1.0
900,1,1.03,383.44,295.13000000000005,690.0,1,1,1.0
900,2,911.91,195.47,352.12,876.0,1,1,1.0
901,1,1.22,375.47,336.55999999999995,695.25,1,1,1.0
901,2,913.5,188.44,344.05999999999995,878.25,1,1,1.0
902,1,0.75,387.09,360.37,682.8800000000001,1,1,1.0
902,2,915.8,180.84,337.1200000000001,884.9999999999999,1,1,1.0
903,1,1.31,378.19,362.63,693.75,1,1,1.0
903,2,917.2,175.22,331.69000000000005,864.75,1,1,1.0
904,1,1.12,372.98,342.0,695.6299999999999,1,1,1.0
904,2,921.05,167.91,324.0,838.5,1,1,1.0
905,1,-1.15,373.41,322.88,698.6199999999999,1,1,1.0
905,2,923.62,164.77,318.7600000000001,841.5,1,1,1.0
906,1,-2.34,364.03,272.61999999999995,708.75,1,1,1.0
906,2,925.41,160.36,313.67999999999995,847.5,1,1,1.0
907,1,-0.52,365.44,265.88,708.3699999999999,1,1,1.0
907,2,926.58,158.06,310.12,855.0,1,1,1.0
908,1,1.69,373.97,279.37,704.6199999999999,1,1,1.0
908,2,929.67,156.38,303.93999999999994,856.5,1,1,1.0
909,1,2.44,375.94,299.44,702.75,1,1,1.0
909,2,933.66,155.34,297.56000000000006,858.75,1,1,1.0
910,1,2.25,375.38,321.0,702.7399999999999,1,1,1.0
910,2,937.27,154.03,291.3700000000001,861.0,1,1,1.0
911,1,0.38,374.44,350.43,700.5,1,1,1.0
911,2,939.28,152.62,287.25,861.76,1,1,1.0
912,1,0.19,371.72,367.87,702.3699999999999,1,1,1.0
912,2,941.16,151.69,283.67999999999995,864.0,1,1,1.0
913,1,-1.31,364.5,391.87,708.3800000000001,1,1,1.0
913,2,943.92,151.22,278.63,865.5,1,1,1.0
914,1,-1.22,363.94,404.63000000000005,709.5,1,1,1.0
914,2,946.92,152.67,273.93999999999994,863.25,1,1,1.0
915,1,-0.05,364.41,410.25,711.75,1,1,1.0
915,2,948.09,150.94,270.7499999999999,860.25,1,1,1.0
916,1,1.22,363.66,420.75,710.6199999999999,1,1,1.0
916,2,949.73,150.66,269.06999999999994,856.5,1,1,1.0
917,1,-1.88,362.81,439.5,709.5,1,1,1.0
917,2,950.53,150.0,268.1300000000001,855.0,1,1,1.0
918,1,-2.53,360.38,448.86999999999995,711.7399999999999,1,1,1.0
918,2,950.44,145.08,269.6199999999999,854.25,1,1,1.0
919,1,-2.34,359.34,460.5,711.75,1,1,1.0
919,2,950.53,140.95,270.3800000000001,840.0,1,1,1.0
920,1,-2.06,355.27,472.5,715.1200000000001,1,1,1.0
920,2,950.72,136.03,272.6199999999999,827.25,1,1,1.0
921,1,-2.16,350.72,486.38000000000005,719.6199999999999,1,1,1.0
921,2,950.67,131.53,276.0000000000001,825.75,1,1,1.0
922,1,-1.78,347.44,502.86999999999995,721.8699999999999,1,1,1.0
922,2,951.09,129.52,279.38,816.0,1,1,1.0
923,1,-2.25,344.25,517.5,724.1300000000001,1,1,1.0
923,2,951.28,125.44,282.55999999999995,798.75,1,1,1.0
924,1,-2.62,342.47,532.5,726.3699999999999,1,1,1.0
924,2,952.27,121.88,282.18000000000006,783.74,1,1,1.0
925,1,-4.03,339.56,545.25,732.0,1,1,1.0
925,2,953.67,120.75,280.5000000000001,765.75,1,1,1.0
926,1,-3.84,335.81,553.87,736.5,1,1,1.0
926,2,955.64,118.88,277.68999999999994,750.37,1,1,1.0
927,1,-4.78,332.06,564.75,740.25,1,1,1.0
927,2,958.45,117.28,273.0,752.25,1,1,1.0
928,1,-4.69,327.75,571.1300000000001,744.75,1,1,1.0
928,2,961.69,118.59,267.0,749.63,1,1,1.0
929,1,-3.94,325.31,576.75,748.1300000000001,1,1,1.0
929,2,965.48,116.34,259.8799999999999,749.63,1,1,1.0
930,1,-2.25,323.25,584.25,749.25,1,1,1.0
930,2,970.12,116.77,252.93999999999994,748.12,1,1,1.0
931,1,7.88,321.56,582.0,750.3800000000001,1,1,1.0
931,2,975.23,116.2,249.56999999999994,750.38,1,1,1.0
932,1,26.53,322.78,564.38,744.0,1,1,1.0
932,2,979.22,117.05,256.30999999999995,748.12,1,1,1.0
933,1,42.98,318.38,552.0,748.12,1,1,1.0
933,2,985.59,118.17,258.93999999999994,743.25,1,1,1.0
934,1,59.62,312.75,539.63,753.3699999999999,1,1,1.0
934,2,991.97,120.84,253.8699999999999,740.63,1,1,1.0
935,1,75.14,305.81,531.0,763.8800000000001,1,1,1.0
935,2,999.0,119.2,249.3800000000001,742.5,1,1,1.0
936,1,91.17,301.88,523.13,768.7399999999999,1,1,1.0
936,2,1005.19,118.17,241.8699999999999,742.5,1,1,1.0
937,1,105.23,299.44,520.5,771.75,1,1,1.0
937,2,1014.0,117.52,237.55999999999995,740.62,1,1,1.0
938,1,111.94,295.31,523.1199999999999,775.5,1,1,1.0
938,2,1021.5,114.89,228.94000000000005,741.75,1,1,1.0
939,1,116.48,294.75,530.25,775.5,1,1,1.0
939,2,1027.03,111.75,222.19000000000005,740.63,1,1,1.0
940,1,117.09,297.38,540.0,771.7399999999999,1,1,1.0
940,2,1033.88,111.75,217.5,730.5,1,1,1.0
941,1,117.84,300.75,545.63,768.75,1,1,1.0
941,2,1039.59,110.77,220.31000000000017,726.75,1,1,1.0
942,1,116.16,303.0,549.37,766.5,1,1,1.0
942,2,1043.16,110.58,224.05999999999995,723.37,1,1,1.0
943,1,116.25,302.06,545.63,767.6300000000001,1,1,1.0
943,2,1047.23,111.23,227.05999999999995,703.88,1,1,1.0
944,1,115.31,297.94,547.5,771.75,1,1,1.0
944,2,1053.98,110.39,225.55999999999995,678.0,1,1,1.0
945,1,115.31,290.44,552.3800000000001,780.75,1,1,1.0
945,2,1059.38,109.22,228.0,673.87,1,1,1.0
946,1,115.78,282.75,552.38,787.5,1,1,1.0
946,2,1063.78,107.91,227.05999999999995,677.62,1,1,1.0
947,1,118.5,273.38,549.75,795.7399999999999,1,1,1.0
947,2,1069.73,106.03,225.3699999999999,679.13,1,1,1.0
948,1,120.75,270.75,546.75,798.0,1,1,1.0
948,2,1075.55,102.3,220.87000000000012,682.88,1,1,1.0
949,1,124.5,268.12,542.62,801.7600000000001,1,1,1.0
949,2,1079.25,100.31,218.80999999999995,682.8800000000001,1,1,1.0
950,1,128.62,267.94,533.63,801.75,1,1,1.0
950,2,1083.19,100.27,215.05999999999995,684.0,1,1,1.0
951,1,132.38,268.5,523.87,800.25,1,1,1.0
951,2,1085.95,98.27,212.80999999999995,687.38,1,1,1.0
952,1,135.94,265.12,515.6199999999999,803.9999999999999,1,1,1.0
952,2,1088.48,98.95,212.05999999999995,688.13,1,1,1.0
953,1,139.12,261.0,511.88,809.25,1,1,1.0
953,2,1092.0,99.35,210.19000000000005,687.0,1,1,1.0
954,1,142.5,259.69,507.75,810.0,1,1,1.0
954,2,1094.67,98.58,208.68999999999983,688.12,1,1,1.0
955,1,144.75,256.69,502.87,813.75,1,1,1.0
955,2,1097.25,97.29,206.44000000000005,690.0,1,1,1.0
956,1,147.38,253.31,499.87,818.25,1,1,1.0
956,2,1099.78,97.66,205.5,689.25,1,1,1.0
957,1,150.0,251.25,495.75,820.5,1,1,1.0
957,2,1102.97,96.66,203.05999999999995,690.37,1,1,1.0
958,1,154.12,248.81,490.5,823.5,1,1,1.0
958,2,1105.97,97.83,200.80999999999995,687.37,1,1,1.0
959,1,158.62,247.69,482.63,825.75,1,1,1.0
959,2,1108.41,95.34,199.30999999999995,690.38,1,1,1.0
960,1,163.88,248.06,474.74,825.75,1,1,1.0
960,2,1110.19,94.08,198.19000000000005,691.5,1,1,1.0
961,1,168.75,244.69,468.0,829.5,1,1,1.0
961,2,1112.91,94.12,200.80999999999995,692.26,1,1,1.0
962,1,173.44,239.81,461.61999999999995,834.75,1,1,1.0
962,2,1114.97,93.19,198.75,693.0,1,1,1.0
963,1,172.12,233.25,461.26,841.5,1,1,1.0
963,2,1117.22,93.0,196.30999999999995,693.75,1,1,1.0
964,1,168.0,228.19,463.5,846.75,1,1,1.0
964,2,1119.28,93.75,194.62000000000012,693.0,1,1,1.0
965,1,162.56,224.06,467.24999999999994,849.75,1,1,1.0
965,2,1120.31,91.69,192.75,694.5,1,1,1.0
966,1,157.12,220.69,470.26,853.5,1,1,1.0
966,2,1122.61,91.03,190.41000000000008,694.5,1,1,1.0
967,1,153.19,218.62,471.75000000000006,854.9999999999999,1,1,1.0
967,2,1124.16,89.09,185.80999999999995,693.75,1,1,1.0
968,1,151.88,216.38,468.0,857.2399999999999,1,1,1.0
968,2,1127.16,88.5,183.0,693.75,1,1,1.0
969,1,152.62,216.75,462.76,857.25,1,1,1.0
969,2,1129.59,87.33,180.37000000000012,695.25,1,1,1.0
970,1,149.2,217.69,459.00000000000006,853.5,1,1,1.0
970,2,1130.81,86.93,177.94000000000005,693.0,1,1,1.0
971,1,146.81,219.19,453.38000000000005,852.0,1,1,1.0
971,2,1129.78,87.14,177.3800000000001,686.25,1,1,1.0
972,1,145.55,223.12,446.61999999999995,848.9999999999999,1,1,1.0
972,2,1128.75,88.45,177.3699999999999,678.0,1,1,1.0
973,1,145.78,226.31,441.0,846.75,1,1,1.0
973,2,1127.34,87.84,179.81000000000017,672.75,1,1,1.0
974,1,152.39,229.12,429.75,842.9999999999999,1,1,1.0
974,2,1128.23,86.34,178.22000000000003,670.5,1,1,1.0
975,1,165.23,233.44,414.38,837.75,1,1,1.0
975,2,1128.05,85.88,177.66000000000008,669.74,1,1,1.0
976,1,174.0,239.44,403.88,834.75,1,1,1.0
976,2,1127.67,86.62,177.08999999999992,668.26,1,1,1.0
977,1,163.08,246.56,414.37,824.25,1,1,1.0
977,2,1126.92,86.53,176.33999999999992,668.25,1,1,1.0
978,1,150.0,251.81,427.5,818.25,1,1,1.0
978,2,1127.34,92.09,171.0,664.12,1,1,1.0
979,1,141.23,254.62,437.25,815.9999999999999,1,1,1.0
979,2,1125.66,92.81,171.55999999999995,664.1300000000001,1,1,1.0
980,1,132.75,258.19,446.25,812.25,1,1,1.0
980,2,1123.78,92.65,171.0,664.5,1,1,1.0
981,1,125.06,261.75,453.38000000000005,809.25,1,1,1.0
981,2,1122.66,92.77,170.80999999999995,664.5,1,1,1.0
982,1,116.77,265.12,461.25,806.2600000000001,1,1,1.0
982,2,1121.25,89.06,174.55999999999995,667.5,1,1,1.0
983,1,108.33,268.88,467.25000000000006,802.5000000000001,1,1,1.0
983,2,1121.44,87.56,173.44000000000005,669.3800000000001,1,1,1.0
984,1,101.77,273.38,471.75,798.0000000000001,1,1,1.0
984,2,1122.47,88.92,169.69000000000005,668.25,1,1,1.0
985,1,98.62,282.05,467.26,791.25,1,1,1.0
985,2,1122.98,87.96,169.22000000000003,668.25,1,1,1.0
986,1,94.27,287.11,467.25,785.2499999999999,1,1,1.0
986,2,1123.03,88.83,169.5,668.25,1,1,1.0
987,1,91.03,292.88,467.25,780.7399999999999,1,1,1.0
987,2,1123.36,86.81,170.5300000000002,669.75,1,1,1.0
988,1,85.64,297.09,471.0,778.5,1,1,1.0
988,2,1123.97,86.2,171.55999999999995,670.5,1,1,1.0
989,1,80.62,303.56,473.26,771.75,1,1,1.0
989,2,1124.44,87.07,172.87999999999988,669.75,1,1,1.0
990,1,74.48,311.34,487.13,763.1300000000001,1,1,1.0
990,2,1124.86,87.4,175.0300000000002,669.37,1,1,1.0
991,1,67.22,317.44,505.5,757.1199999999999,1,1,1.0
991,2,1125.89,88.08,175.02999999999997,667.5,1,1,1.0
992,1,58.92,323.06,516.0,751.5,1,1,1.0
992,2,1127.95,86.53,173.15999999999985,669.75,1,1,1.0
993,1,51.75,328.22,514.5,744.75,1,1,1.0
993,2,1129.78,83.65,172.69000000000005,672.75,1,1,1.0
994,1,42.84,334.78,502.5,737.6300000000001,1,1,1.0
994,2,1130.11,82.69,175.0300000000002,674.6199999999999,1,1,1.0
995,1,35.02,341.62,486.37,731.63,1,1,1.0
995,2,1132.55,82.12,173.91000000000008,675.0,1,1,1.0
996,1,31.59,344.81,469.5,732.0,1,1,1.0
996,2,1133.95,81.28,173.90999999999985,675.75,1,1,1.0
997,1,27.47,352.5,465.37,722.6199999999999,1,1,1.0
997,2,1134.61,81.66,175.0300000000002,675.0,1,1,1.0
998,1,24.38,355.5,463.5,721.8800000000001,1,1,1.0
998,2,1135.36,81.94,175.7800000000002,674.6199999999999,1,1,1.0
999,1,22.12,359.25,450.0,718.5,1,1,1.0
999,2,1136.11,84.47,176.34000000000015,672.75,1,1,1.0
1000,1,19.59,360.89,444.38000000000005,715.13,1,1,1.0
1000,2,1137.89,83.34,177.08999999999992,673.88,1,1,1.0
1001,1,16.97,361.36,443.25,713.9999999999999,1,1,1.0
1001,2,1139.3,82.31,177.09000000000015,674.6300000000001,1,1,1.0
1002,1,13.59,360.14,444.38000000000005,715.13,1,1,1.0
1002,2,1140.23,81.38,177.66000000000008,675.74,1,1,1.0
1003,1,9.56,358.45,446.25,717.3799999999999,1,1,1.0
1003,2,1140.56,81.09,179.05999999999995,677.63,1,1,1.0
1004,1,7.59,357.75,447.75,717.3699999999999,1,1,1.0
1004,2,1139.3,82.22,182.52999999999997,675.0,1,1,1.0
1005,1,4.88,357.94,447.74,715.1199999999999,1,1,1.0
1005,2,1137.56,83.72,184.12000000000012,672.75,1,1,1.0
1006,1,1.59,359.86,448.88000000000005,712.87,1,1,1.0
1006,2,1137.05,83.16,185.16000000000008,672.75,1,1,1.0
1007,1,2.39,363.28,445.13,708.3800000000001,1,1,1.0
1007,2,1136.44,81.75,187.1199999999999,673.87,1,1,1.0
1008,1,-1.22,360.94,447.75,711.75,1,1,1.0
1008,2,1136.72,80.81,187.69000000000005,676.8800000000001,1,1,1.0
1009,1,-0.84,363.19,444.36999999999995,709.5,1,1,1.0
1009,2,1137.66,82.12,188.25,675.76,1,1,1.0
1010,1,-1.69,365.48,443.25,706.1299999999999,1,1,1.0
1010,2,1138.12,81.09,188.44000000000005,679.88,1,1,1.0
1011,1,-2.44,367.88,441.0,702.7399999999999,1,1,1.0
1011,2,1138.78,80.81,188.44000000000005,682.1300000000001,1,1,1.0
1012,1,-2.34,370.5,435.0,701.6199999999999,1,1,1.0
1012,2,1138.45,81.28,189.27999999999997,682.88,1,1,1.0
1013,1,-2.44,371.48,435.0,701.6299999999999,1,1,1.0
1013,2,1137.94,81.09,190.1199999999999,681.38,1,1,1.0
1014,1,-1.88,373.08,431.26,699.3700000000001,1,1,1.0
1014,2,1137.0,80.81,192.0,682.8800000000001,1,1,1.0
1015,1,-0.84,375.0,430.5,699.3800000000001,1,1,1.0
1015,2,1134.66,79.97,194.80999999999995,685.12,1,1,1.0
1016,1,-1.5,376.55,439.88,696.0,1,1,1.0
1016,2,1133.81,80.34,196.30999999999995,684.38,1,1,1.0
1017,1,-1.5,377.44,460.5,694.8699999999999,1,1,1.0
1017,2,1131.94,79.22,198.0,686.25,1,1,1.0
1018,1,-0.47,377.25,482.63000000000005,694.8699999999999,1,1,1.0
1018,2,1131.19,78.66,199.8699999999999,687.37,1,1,1.0
1019,1,0.75,373.97,492.0,698.25,1,1,1.0
1019,2,1130.34,78.94,201.3800000000001,688.1199999999999,1,1,1.0
1020,1,0.19,372.05,497.62,699.3700000000001,1,1,1.0
1020,2,1129.88,78.94,201.93999999999983,688.1199999999999,1,1,1.0
1021,1,0.0,371.48,500.62,699.3799999999999,1,1,1.0
1021,2,1130.06,80.06,202.69000000000005,690.3800000000001,1,1,1.0
1022,1,-0.47,369.47,502.88000000000005,700.5,1,1,1.0
1022,2,1130.06,79.78,202.69000000000005,689.25,1,1,1.0
1023,1,-0.38,370.45,502.88,699.3799999999999,1,1,1.0
1023,2,1130.53,81.09,203.05999999999995,689.25,1,1,1.0
1024,1,-0.94,378.33,502.5,691.8700000000001,1,1,1.0
1024,2,1131.75,81.47,202.1300000000001,689.25,1,1,1.0
1025,1,-0.75,378.8,498.0,691.8700000000001,1,1,1.0
1025,2,1132.31,80.62,202.5,689.26,1,1,1.0
1026,1,-0.84,407.16,484.11999999999995,663.3699999999999,1,1,1.0
1026,2,1131.56,81.56,203.62000000000012,687.0,1,1,1.0
1027,1,-0.84,415.88,469.5,655.87,1,1,1.0
1027,2,1130.44,81.84,205.1199999999999,687.0,1,1,1.0
1028,1,-1.03,412.41,452.25,658.1199999999999,1,1,1.0
1028,2,1128.84,82.41,206.81000000000017,688.12,1,1,1.0
1029,1,-0.94,413.06,434.25,658.1300000000001,1,1,1.0
1029,2,1128.0,80.44,207.55999999999995,690.3699999999999,1,1,1.0
1030,1,-0.84,423.38,409.86999999999995,648.0000000000001,1,1,1.0
1030,2,1127.06,80.25,209.05999999999995,690.37,1,1,1.0
1031,1,-1.22,421.41,392.63000000000005,648.0,1,1,1.0
1031,2,1126.22,78.94,210.0,692.25,1,1,1.0
1032,1,-0.94,427.69,379.31,642.0,1,1,1.0
1032,2,1124.91,79.31,211.68999999999983,691.5,1,1,1.0
1033,1,1.12,440.91,354.94,632.25,1,1,1.0
1033,2,1124.34,79.69,212.25,690.3699999999999,1,1,1.0
1034,1,1.31,438.75,342.19,634.1300000000001,1,1,1.0
1034,2,1124.06,80.72,212.05999999999995,690.37,1,1,1.0
1035,1,0.38,388.5,335.24,684.3800000000001,1,1,1.0
1035,2,1123.69,80.34,213.0,691.5,1,1,1.0
1036,1,1.31,418.64,326.81,655.5000000000001,1,1,1.0
1036,2,1122.66,80.16,214.1199999999999,691.5,1,1,1.0
1037,1,0.38,383.62,326.62,689.9999999999999,1,1,1.0
1037,2,1123.22,77.44,213.0,693.75,1,1,1.0
1038,1,0.19,366.84,327.37,708.3800000000001,1,1,1.0
1038,2,1121.91,79.03,214.12999999999988,691.5,1,1,1.0
1039,1,0.75,376.31,329.06,699.3800000000001,1,1,1.0
1039,2,1119.47,79.97,216.3699999999999,690.37,1,1,1.0
1040,1,0.84,380.25,335.25,694.5,1,1,1.0
1040,2,1118.91,80.53,216.93999999999983,690.0,1,1,1.0
1041,1,0.94,385.22,340.87,688.1199999999999,1,1,1.0
1041,2,1116.75,80.65,218.44000000000005,688.12,1,1,1.0
1042,1,1.31,382.97,348.0,690.3699999999999,1,1,1.0
1042,2,1115.72,80.88,219.0,688.13,1,1,1.0
1043,1,1.78,372.75,353.63000000000005,699.75,1,1,1.0
1043,2,1113.19,82.9,220.8699999999999,686.25,1,1,1.0
1044,1,1.78,363.75,361.13000000000005,709.8699999999999,1,1,1.0
1044,2,1111.41,84.87,221.62999999999988,684.37,1,1,1.0
1045,1,1.41,360.56,366.0,712.8800000000001,1,1,1.0
1045,2,1109.53,79.92,222.37000000000012,687.38,1,1,1.0
1046,1,0.63,359.16,376.13,714.75,1,1,1.0
1046,2,1109.53,81.84,222.19000000000005,685.13,1,1,1.0
1047,1,1.12,350.53,381.19,723.3800000000001,1,1,1.0
1047,2,1107.47,80.88,223.5,686.25,1,1,1.0
1048,1,1.08,344.72,385.5,727.8699999999999,1,1,1.0
1048,2,1106.81,81.07,223.5,686.25,1,1,1.0
1049,1,-2.44,337.69,399.38,734.25,1,1,1.0
1049,2,1106.06,80.04,223.69000000000005,687.0,1,1,1.0
1050,1,-2.81,334.5,405.75,736.5,1,1,1.0
1050,2,1104.38,80.53,225.37999999999988,686.25,1,1,1.0
1051,1,-2.62,329.44,410.24,742.5,1,1,1.0
1051,2,1102.69,81.63,226.8699999999999,685.13,1,1,1.0
1052,1,-3.56,323.62,418.87,749.2600000000001,1,1,1.0
1052,2,1101.94,81.82,227.44000000000005,687.3800000000001,1,1,1.0
1053,1,-3.19,320.62,424.13,752.63,1,1,1.0
1053,2,1100.62,82.59,228.94000000000005,691.5,1,1,1.0
1054,1,-0.52,317.06,429.0,754.5,1,1,1.0
1054,2,1099.97,82.8,230.05999999999995,696.38,1,1,1.0
1055,1,-0.52,317.16,436.5,754.5,1,1,1.0
1055,2,1098.94,84.94,231.19000000000005,701.6199999999999,1,1,1.0
1056,1,-2.06,313.97,453.37,760.8699999999999,1,1,1.0
1056,2,1098.09,85.78,232.5,712.5,1,1,1.0
1057,1,-0.94,311.44,471.0,763.8699999999999,1,1,1.0
1057,2,1097.81,84.66,233.6300000000001,723.37,1,1,1.0
1058,1,-0.09,306.09,483.36999999999995,767.6300000000001,1,1,1.0
1058,2,1097.06,85.73,234.75,727.88,1,1,1.0
1059,1,3.47,296.62,494.25,780.7600000000001,1,1,1.0
1059,2,1096.5,86.11,236.05999999999995,725.62,1,1,1.0
1060,1,25.12,290.62,485.26,786.7600000000001,1,1,1.0
1060,2,1095.66,85.78,237.18999999999983,727.5,1,1,1.0
1061,1,51.56,286.31,468.74999999999994,789.75,1,1,1.0
1061,2,1095.47,85.59,237.19000000000005,730.5,1,1,1.0
1062,1,77.81,282.38,453.38000000000005,793.5000000000001,1,1,1.0
1062,2,1095.84,85.5,236.62000000000012,730.5,1,1,1.0
1063,1,95.06,277.12,443.24999999999994,799.4999999999999,1,1,1.0
1063,2,1096.97,83.86,234.75,727.5,1,1,1.0
1064,1,101.81,273.38,440.99999999999994,804.0000000000001,1,1,1.0
1064,2,1097.16,83.62,234.93999999999983,729.76,1,1,1.0
1065,1,106.27,270.0,439.87,805.5,1,1,1.0
1065,2,1097.91,83.44,235.68999999999983,729.75,1,1,1.0
1066,1,108.38,264.94,435.74,812.25,1,1,1.0
1066,2,1098.38,82.69,235.5,730.5,1,1,1.0
1067,1,109.12,260.25,430.5,816.75,1,1,1.0
1067,2,1098.28,83.25,236.05999999999995,731.63,1,1,1.0
1068,1,112.5,253.69,429.0,823.5,1,1,1.0
1068,2,1098.84,86.81,236.06000000000017,726.75,1,1,1.0
1069,1,117.0,249.38,427.12,827.2399999999999,1,1,1.0
1069,2,1098.47,89.48,237.19000000000005,724.13,1,1,1.0
1070,1,125.53,248.72,429.75,824.25,1,1,1.0
1070,2,1098.66,87.19,237.55999999999995,726.75,1,1,1.0
1071,1,136.97,247.78,373.12,824.25,1,1,1.0
1071,2,1098.38,89.62,238.5,724.13,1,1,1.0
1072,1,145.97,249.52,420.75,822.0,1,1,1.0
1072,2,1098.38,90.94,238.5,722.6199999999999,1,1,1.0
1073,1,159.66,244.88,422.62,829.5000000000001,1,1,1.0
1073,2,1098.0,90.75,238.69000000000005,722.63,1,1,1.0
1074,1,178.5,243.56,411.75,830.25,1,1,1.0
1074,2,1097.81,91.97,239.05999999999995,720.0,1,1,1.0
1075,1,197.62,241.31,404.63,831.75,1,1,1.0
1075,2,1097.72,91.64,239.80999999999995,720.0,1,1,1.0
1076,1,210.94,237.19,406.86999999999995,834.75,1,1,1.0
1076,2,1098.0,92.62,240.3800000000001,718.88,1,1,1.0
1077,1,217.88,232.31,423.0,841.5,1,1,1.0
1077,2,1098.28,92.25,240.3800000000001,720.0,1,1,1.0
1078,1,211.31,226.12,448.88000000000005,848.9999999999999,1,1,1.0
1078,2,1098.56,91.12,240.3800000000001,720.76,1,1,1.0
1079,1,195.94,219.75,474.36999999999995,855.75,1,1,1.0
1079,2,1101.47,89.62,236.62999999999988,721.88,1,1,1.0
1080,1,185.25,212.44,492.75,863.25,1,1,1.0
1080,2,1103.53,91.12,234.37000000000012,720.76,1,1,1.0
1081,1,176.62,204.56,507.76,870.75,1,1,1.0
1081,2,1105.12,92.34,232.31000000000017,721.88,1,1,1.0
1082,1,173.16,195.75,517.5,877.5,1,1,1.0
1082,2,1105.88,92.44,230.05999999999995,721.8699999999999,1,1,1.0
1083,1,172.97,190.88,526.12,881.2399999999999,1,1,1.0
1083,2,1105.59,92.67,229.5,723.38,1,1,1.0
1084,1,175.59,187.78,529.88,882.75,1,1,1.0
1084,2,1104.94,93.56,227.6199999999999,722.6300000000001,1,1,1.0
1085,1,182.44,184.59,529.8699999999999,886.4999999999999,1,1,1.0
1085,2,1103.91,96.56,225.0,720.0,1,1,1.0
1086,1,192.75,182.06,524.25,888.75,1,1,1.0
1086,2,1101.66,95.34,224.05999999999995,721.88,1,1,1.0
1087,1,203.91,180.09,517.5,890.9999999999999,1,1,1.0
1087,2,1098.94,98.06,222.37999999999988,718.8800000000001,1,1,1.0
1088,1,220.59,175.03,504.38,898.5,1,1,1.0
1088,2,1096.69,99.84,220.8699999999999,717.0,1,1,1.0
1089,1,233.62,174.38,494.26,899.2399999999999,1,1,1.0
1089,2,1093.78,100.5,219.75,717.0,1,1,1.0
1090,1,251.81,172.41,479.63000000000005,902.2500000000001,1,1,1.0
1090,2,1089.94,104.72,219.37999999999988,712.5,1,1,1.0
1091,1,271.64,174.56,458.63,897.75,1,1,1.0
1091,2,1087.88,106.12,216.37999999999988,712.88,1,1,1.0
1092,1,293.3,170.81,437.99999999999994,902.25,1,1,1.0
1092,2,1083.23,104.81,216.94000000000005,714.75,1,1,1.0
1093,1,322.12,165.19,411.0,906.75,1,1,1.0
1093,2,1079.95,105.84,214.8699999999999,712.88,1,1,1.0
1094,1,355.22,162.09,380.80999999999995,908.2499999999999,1,1,1.0
1094,2,1076.02,106.41,214.30999999999995,712.5,1,1,1.0
1095,1,379.22,156.75,360.75,912.0,1,1,1.0
1095,2,1071.66,107.16,214.87999999999988,710.62,1,1,1.0
1096,1,394.22,153.75,350.80999999999995,913.5,1,1,1.0
1096,2,1070.3,107.48,213.0,709.5,1,1,1.0
1097,1,404.16,146.25,349.86999999999995,909.75,1,1,1.0
1097,2,1066.88,109.69,214.30999999999995,705.75,1,1,1.0
1098,1,414.84,144.66,345.00000000000006,888.0000000000001,1,1,1.0
1098,2,1063.78,108.94,221.05999999999995,707.6199999999999,1,1,1.0
1099,1,425.25,143.44,340.30999999999995,891.0,1,1,1.0
1099,2,1061.86,109.03,230.06000000000017,707.63,1,1,1.0
1100,1,434.53,139.5,335.63,899.25,1,1,1.0
1100,2,1060.97,110.48,237.94000000000005,706.88,1,1,1.0
1101,1,445.55,137.67,332.99999999999994,897.7500000000001,1,1,1.0
1101,2,1060.17,109.45,239.80999999999995,706.88,1,1,1.0
1102,1,456.56,136.73,349.13000000000005,899.25,1,1,1.0
1102,2,1060.27,108.66,241.1300000000001,707.62,1,1,1.0
1103,1,469.69,137.44,351.75000000000006,898.5,1,1,1.0
1103,2,1061.34,105.98,239.81000000000017,709.5,1,1,1.0
1104,1,480.84,136.5,345.00000000000006,900.0,1,1,1.0
1104,2,1062.52,105.38,234.94000000000005,709.87,1,1,1.0
1105,1,494.62,132.75,343.13,904.5,1,1,1.0
1105,2,1063.88,104.16,230.05999999999995,712.5,1,1,1.0
1106,1,509.06,132.42,327.74999999999994,906.7500000000001,1,1,1.0
1106,2,1065.19,103.92,220.5,712.88,1,1,1.0
1107,1,522.56,131.3,307.5,908.25,1,1,1.0
1107,2,1066.97,103.45,214.12999999999988,712.88,1,1,1.0
1108,1,537.28,129.94,293.44000000000005,906.75,1,1,1.0
1108,2,1069.08,102.89,207.56000000000017,712.5,1,1,1.0
1109,1,548.44,127.5,281.43999999999994,903.0,1,1,1.0
1109,2,1071.05,101.72,203.05999999999995,712.87,1,1,1.0
1110,1,562.92,121.45,265.31000000000006,894.0,1,1,1.0
1110,2,1072.45,102.09,194.80999999999995,712.88,1,1,1.0
1111,1,572.62,117.56,258.0,867.0,1,1,1.0
1111,2,1073.44,102.94,190.69000000000005,711.75,1,1,1.0
1112,1,583.27,115.36,255.37,828.0,1,1,1.0
1112,2,1075.92,102.05,186.27999999999997,712.5,1,1,1.0
1113,1,591.42,110.44,252.19000000000005,804.0,1,1,1.0
1113,2,1078.55,101.86,182.52999999999997,712.87,1,1,1.0
1114,1,599.81,106.12,252.3800000000001,772.5,1,1,1.0
1114,2,1080.84,101.2,180.37000000000012,714.0,1,1,1.0
1115,1,608.62,101.02,251.82000000000005,769.5,1,1,1.0
1115,2,1083.61,99.75,177.66000000000008,715.5,1,1,1.0
1116,1,615.94,94.83,252.3699999999999,774.0,1,1,1.0
1116,2,1084.36,98.06,186.2800000000002,718.8800000000001,1,1,1.0
1117,1,622.97,91.31,253.5,777.0,1,1,1.0
1117,2,1086.61,97.78,183.0,718.88,1,1,1.0
1118,1,625.36,84.94,259.68999999999994,786.75,1,1,1.0
1118,2,1088.53,96.75,182.52999999999997,719.63,1,1,1.0
1119,1,617.16,85.88,273.93000000000006,786.74,1,1,1.0
1119,2,1090.03,94.88,181.22000000000003,722.62,1,1,1.0
1120,1,613.12,85.45,284.63,789.0,1,1,1.0
1120,2,1092.33,93.66,177.66000000000008,723.37,1,1,1.0
1121,1,611.91,85.5,292.5,788.25,1,1,1.0
1121,2,1093.5,90.94,174.55999999999995,726.75,1,1,1.0
1122,1,614.16,85.55,297.0,786.0,1,1,1.0
1122,2,1096.55,88.88,171.84000000000015,727.87,1,1,1.0
1123,1,618.38,84.8,298.31000000000006,786.0,1,1,1.0
1123,2,1098.84,89.16,168.94000000000005,727.5,1,1,1.0
1124,1,625.31,81.75,297.94000000000005,788.25,1,1,1.0
1124,2,1100.48,85.88,166.41000000000008,731.62,1,1,1.0
1125,1,636.47,80.2,294.0,788.25,1,1,1.0
1125,2,1101.94,86.62,164.52999999999997,730.5,1,1,1.0
1126,1,646.5,76.08,291.75,792.75,1,1,1.0
1126,2,1102.97,85.69,163.58999999999992,731.6199999999999,1,1,1.0
1127,1,664.17,73.41,279.38,786.75,1,1,1.0
1127,2,1103.62,84.47,163.87000000000012,730.5,1,1,1.0
1128,1,682.08,71.72,266.62,756.0,1,1,1.0
1128,2,1102.97,87.19,162.27999999999997,724.8699999999999,1,1,1.0
1129,1,697.41,70.88,257.43000000000006,749.62,1,1,1.0
1129,2,1103.91,85.59,162.27999999999997,722.63,1,1,1.0
1130,1,710.27,73.22,249.75,698.25,1,1,1.0
1130,2,1104.38,85.5,162.83999999999992,717.0,1,1,1.0
1131,1,724.57,65.53,245.25,696.38,1,1,1.0
1131,2,1105.88,82.95,157.02999999999997,714.0,1,1,1.0
1132,1,732.52,62.34,243.37,704.63,1,1,1.0
1132,2,1106.48,80.6,157.5,709.88,1,1,1.0
1133,1,739.52,58.97,239.25,705.75,1,1,1.0
1133,2,1105.97,79.24,158.44000000000005,706.88,1,1,1.0
1134,1,746.48,55.78,236.81999999999994,706.88,1,1,1.0
1134,2,1105.88,78.49,159.27999999999997,705.75,1,1,1.0
1135,1,755.81,53.81,233.6300000000001,707.6300000000001,1,1,1.0
1135,2,1104.52,79.08,160.30999999999995,702.75,1,1,1.0
1136,1,760.69,53.44,254.05999999999995,707.6199999999999,1,1,1.0
1136,2,1103.34,79.59,161.25,701.63,1,1,1.0
1137,1,770.2,54.0,262.1299999999999,704.62,1,1,1.0
1137,2,1102.17,80.13,163.58999999999992,699.38,1,1,1.0
1138,1,776.39,54.38,264.7500000000001,702.74,1,1,1.0
1138,2,1100.25,80.84,167.16000000000008,697.5,1,1,1.0
1139,1,784.69,55.03,258.94000000000005,702.75,1,1,1.0
1139,2,1100.34,81.05,169.5,698.25,1,1,1.0
1140,1,795.84,55.69,244.68999999999994,702.3699999999999,1,1,1.0
1140,2,1099.12,80.88,172.69000000000005,699.38,1,1,1.0
1141,1,805.88,55.69,231.92999999999995,702.75,1,1,1.0
1141,2,1098.94,82.59,175.77999999999997,697.5,1,1,1.0
1142,1,811.97,54.94,224.80999999999995,702.3699999999999,1,1,1.0
1142,2,1098.94,82.9,178.69000000000005,698.25,1,1,1.0
1143,1,819.66,52.59,219.37,704.63,1,1,1.0
1143,2,1098.89,82.57,181.2199999999998,698.25,1,1,1.0
1144,1,826.78,49.97,215.80999999999995,704.62,1,1,1.0
1144,2,1098.33,81.52,184.1300000000001,699.75,1,1,1.0
1145,1,832.97,46.59,214.69000000000005,693.75,1,1,1.0
1145,2,1097.3,80.46,188.25,702.38,1,1,1.0
1146,1,840.0,44.48,210.75,673.88,1,1,1.0
1146,2,1097.48,81.35,189.27999999999997,702.75,1,1,1.0
1147,1,846.09,45.42,207.38,649.13,1,1,1.0
1147,2,1097.67,81.98,189.55999999999995,704.63,1,1,1.0
1148,1,852.47,44.95,204.19000000000005,637.5,1,1,1.0
1148,2,1097.2,81.8,191.25,705.37,1,1,1.0
1149,1,857.16,43.17,204.17999999999995,634.13,1,1,1.0
1149,2,1097.25,81.3,192.3699999999999,706.88,1,1,1.0
1150,1,862.03,42.47,203.25,633.0,1,1,1.0
1150,2,1096.22,81.21,193.87999999999988,707.63,1,1,1.0
1151,1,863.72,39.75,205.30999999999995,634.5,1,1,1.0
1151,2,1093.55,82.24,197.6300000000001,705.38,1,1,1.0
1152,1,861.42,38.34,209.43999999999994,634.13,1,1,1.0
1152,2,1091.62,82.15,199.69000000000005,705.75,1,1,1.0
1153,1,858.14,37.22,214.88,635.25,1,1,1.0
1153,2,1088.86,83.6,204.0,705.75,1,1,1.0
1154,1,855.98,35.67,217.87999999999988,637.5,1,1,1.0
1154,2,1086.14,84.26,207.93999999999983,704.62,1,1,1.0
1155,1,853.59,34.5,220.88,639.75,1,1,1.0
1155,2,1084.45,84.66,210.0,703.87,1,1,1.0
1156,1,852.38,33.47,222.17999999999995,639.75,1,1,1.0
1156,2,1082.95,84.38,213.0,704.62,1,1,1.0
1157,1,853.03,32.86,220.8800000000001,640.5,1,1,1.0
1157,2,1081.03,83.32,216.19000000000005,705.3800000000001,1,1,1.0
1158,1,853.83,32.67,219.7499999999999,640.5,1,1,1.0
1158,2,1079.3,81.09,218.44000000000005,707.63,1,1,1.0
1159,1,855.28,31.97,216.94000000000005,639.75,1,1,1.0
1159,2,1076.95,80.3,221.62999999999988,709.5,1,1,1.0
1160,1,857.53,30.28,213.0,639.75,1,1,1.0
1160,2,1076.11,80.51,222.37000000000012,709.5,1,1,1.0
1161,1,861.4,27.84,208.87,636.75,1,1,1.0
1161,2,1075.12,80.32,224.06000000000017,710.6300000000001,1,1,1.0
1162,1,865.62,27.47,202.67999999999995,624.0,1,1,1.0
1162,2,1073.91,79.83,225.55999999999995,709.5,1,1,1.0
1163,1,868.62,28.03,199.87,607.88,1,1,1.0
1163,2,1072.88,79.76,226.87999999999988,708.37,1,1,1.0
1164,1,871.71,27.94,196.30999999999995,593.6199999999999,1,1,1.0
1164,2,1072.31,79.36,226.5,709.5,1,1,1.0
1165,1,874.08,27.23,195.18999999999994,578.25,1,1,1.0
1165,2,1071.7,79.41,226.1199999999999,710.62,1,1,1.0
1166,1,875.65,25.76,193.31000000000006,573.0,1,1,1.0
1166,2,1072.17,78.73,225.3699999999999,710.62,1,1,1.0
1167,1,876.8,23.93,192.19000000000005,569.25,1,1,1.0
1167,2,1072.64,78.07,224.43999999999983,709.8800000000001,1,1,1.0
1168,1,877.27,22.5,190.87000000000012,571.5,1,1,1.0
1168,2,1072.31,76.9,223.69000000000005,709.87,1,1,1.0
1169,1,874.48,19.1,194.80999999999995,575.63,1,1,1.0
1169,2,1071.7,75.54,222.94000000000005,710.62,1,1,1.0
1170,1,871.5,16.22,197.6199999999999,577.5,1,1,1.0
1170,2,1071.75,75.02,222.55999999999995,712.5,1,1,1.0
1171,1,867.66,14.72,203.2500000000001,579.75,1,1,1.0
1171,2,1070.81,74.84,223.1300000000001,710.62,1,1,1.0
1172,1,864.56,16.22,203.05999999999995,579.75,1,1,1.0
1172,2,1068.98,74.53,224.80999999999995,708.38,1,1,1.0
1173,1,860.39,16.41,207.56000000000006,580.12,1,1,1.0
1173,2,1068.09,74.55,224.44000000000005,706.88,1,1,1.0
1174,1,856.27,17.25,209.05999999999995,580.13,1,1,1.0
1174,2,1066.31,73.52,224.80999999999995,705.75,1,1,1.0
1175,1,851.84,17.72,212.2499999999999,579.0,1,1,1.0
1175,2,1065.52,73.01,224.05999999999995,703.87,1,1,1.0
1176,1,848.88,17.91,209.07000000000005,579.0,1,1,1.0
1176,2,1064.16,72.73,224.05999999999995,701.62,1,1,1.0
1177,1,846.96,18.66,210.75,579.0,1,1,1.0
1177,2,1060.66,72.75,225.37999999999988,695.63,1,1,1.0
1178,1,845.6,17.16,201.56000000000006,579.75,1,1,1.0
1178,2,1058.67,72.47,225.3699999999999,692.25,1,1,1.0
1179,1,845.2,16.88,190.69000000000005,575.24,1,1,1.0
1179,2,1058.55,73.64,223.1300000000001,686.25,1,1,1.0
1180,1,843.42,13.59,184.40999999999997,570.0,1,1,1.0
1180,2,1057.97,70.41,221.44000000000005,687.0,1,1,1.0
1181,1,841.55,12.56,178.4000000000001,559.8800000000001,1,1,1.0
1181,2,1057.03,71.16,220.87000000000012,675.75,1,1,1.0
1182,1,840.94,11.2,170.80999999999995,549.75,1,1,1.0
1182,2,1056.47,71.34,220.30999999999995,672.75,1,1,1.0
1183,1,839.06,10.27,166.1300000000001,541.5,1,1,1.0
1183,2,1056.09,71.53,220.5,669.75,1,1,1.0
1184,1,835.57,6.8,164.80999999999995,535.5,1,1,1.0
1184,2,1056.19,71.34,220.5,669.75,1,1,1.0
1185,1,832.64,7.59,158.44000000000005,527.63,1,1,1.0
1185,2,1056.61,70.97,220.31000000000017,669.37,1,1,1.0
1186,1,831.14,6.0,152.44000000000005,527.62,1,1,1.0
1186,2,1057.31,70.22,219.75,667.5,1,1,1.0
1187,1,829.27,2.16,149.81000000000006,531.0,1,1,1.0
1187,2,1058.53,68.91,218.80999999999995,669.37,1,1,1.0
1188,1,827.06,2.62,151.0300000000001,527.26,1,1,1.0
1188,2,1059.7,69.84,216.94000000000005,667.5,1,1,1.0
1189,1,821.77,3.84,156.64999999999998,524.63,1,1,1.0
1189,2,1061.77,68.72,215.05999999999995,668.25,1,1,1.0
1190,1,807.19,5.09,173.05999999999995,522.75,1,1,1.0
1190,2,1063.73,68.34,214.12999999999988,666.75,1,1,1.0
1191,1,798.28,7.43,182.63,519.75,1,1,1.0
1191,2,1067.2,67.22,211.69000000000005,668.25,1,1,1.0
1192,1,794.81,8.27,186.3800000000001,520.88,1,1,1.0
1192,2,1069.64,67.5,210.93999999999983,669.38,1,1,1.0
1193,1,793.17,9.23,188.06000000000006,518.63,1,1,1.0
1193,2,1071.89,68.16,211.5,669.37,1,1,1.0
1194,1,789.26,9.38,191.06000000000006,517.87,1,1,1.0
1194,2,1074.89,68.34,210.93999999999983,668.25,1,1,1.0
1195,1,787.83,9.35,190.87,516.38,1,1,1.0
1195,2,1078.27,67.69,210.19000000000005,669.75,1,1,1.0
1196,1,781.38,7.97,194.06000000000006,509.25,1,1,1.0
1196,2,1081.36,67.22,209.62000000000012,669.37,1,1,1.0
1197,1,783.56,9.8,183.3800000000001,501.37,1,1,1.0
1197,2,1083.84,66.84,210.19000000000005,669.38,1,1,1.0
1198,1,784.59,10.43,172.9699999999999,496.87,1,1,1.0
1198,2,1086.7,66.38,210.75,668.24,1,1,1.0
1199,1,783.38,10.03,161.14999999999998,493.5,1,1,1.0
1199,2,1088.91,64.59,212.80999999999995,668.25,1,1,1.0
1200,1,784.69,10.88,144.3699999999999,491.62,1,1,1.0
1200,2,1090.64,65.06,214.68999999999983,666.75,1,1,1.0
1201,1,783.7,11.18,128.3499999999999,490.5,1,1,1.0
1201,2,1093.59,63.09,216.75,670.5,1,1,1.0
1202,1,784.73,15.14,107.81999999999994,484.5,1,1,1.0
1202,2,1095.19,63.47,218.25,669.75,1,1,1.0
1203,1,727.92,7.41,145.41000000000008,498.36999999999995,1,1,1.0
1203,2,1097.25,64.03,218.80999999999995,668.25,1,1,1.0
1204,1,718.83,8.72,147.37,498.75,1,1,1.0
1204,2,1099.5,64.03,219.3800000000001,666.75,1,1,1.0
1205,1,708.61,19.83,159.27999999999997,484.87,1,1,1.0
1205,2,1101.0,62.44,220.8800000000001,666.75,1,1,1.0
1206,1,703.9,18.96,163.97000000000003,484.5,1,1,1.0
1206,2,1103.06,63.05,222.19000000000005,664.5,1,1,1.0
1207,1,689.81,13.24,177.75,501.75,1,1,1.0
1207,2,1104.09,62.67,224.44000000000005,664.13,1,1,1.0
1208,1,682.57,23.25,185.05999999999995,484.5,1,1,1.0
1208,2,1105.22,62.81,225.94000000000005,661.5,1,1,1.0
1209,1,676.29,35.2,192.37,468.0,1,1,1.0
1209,2,1106.16,62.72,226.5,660.0,1,1,1.0
1210,1,677.56,25.92,192.0,475.88,1,1,1.0
1210,2,1106.34,62.39,227.44000000000005,660.0,1,1,1.0
1211,1,673.03,22.45,196.31000000000006,484.5,1,1,1.0
1211,2,1106.62,62.67,227.06000000000017,656.63,1,1,1.0
1212,1,672.38,31.97,194.81000000000006,471.75,1,1,1.0
1212,2,1107.0,62.48,227.6199999999999,655.5,1,1,1.0
1213,1,667.41,17.11,193.12,478.12,1,1,1.0
1213,2,1107.28,61.59,229.8800000000001,655.5,1,1,1.0
1214,1,668.6,39.75,181.68999999999994,449.63,1,1,1.0
1214,2,1107.66,59.95,231.37999999999988,656.63,1,1,1.0
1215,2,1107.09,58.78,232.31000000000017,657.75,1,1,1.0
1216,2,1106.91,57.52,232.8699999999999,657.0,1,1,1.0
1217,2,1105.78,56.11,233.25,657.75,1,1,1.0
1218,2,1105.03,55.78,232.5,657.0,1,1,1.0
1219,2,1103.91,56.06,230.62999999999988,657.75,1,1,1.0
1220,2,1101.47,55.92,229.8699999999999,657.75,1,1,1.0
1221,2,1099.22,56.2,228.19000000000005,657.75,1,1,1.0
1222,2,1096.31,55.83,227.6300000000001,657.75,1,1,1.0
1223,2,1094.53,57.28,225.0,655.5,1,1,1.0
1224,2,1092.75,56.91,222.3699999999999,654.0,1,1,1.0
1225,2,1090.59,56.95,220.5,654.75,1,1,1.0
1226,2,1087.97,56.48,217.8699999999999,655.5,1,1,1.0
1227,2,1086.14,56.34,214.30999999999995,655.5,1,1,1.0
1228,2,1084.64,57.75,209.62999999999988,653.63,1,1,1.0
1229,2,1083.28,58.64,206.25,651.38,1,1,1.0
1230,2,1082.06,59.67,203.62000000000012,649.5,1,1,1.0
1231,2,1080.84,60.47,204.0,649.12,1,1,1.0
1232,2,1080.14,60.84,205.87999999999988,647.25,1,1,1.0
1233,2,1079.48,60.75,210.19000000000005,648.0,1,1,1.0
1234,2,1079.2,60.61,211.5,648.0,1,1,1.0
1235,2,1079.77,60.09,207.37000000000012,649.13,1,1,1.0
1236,2,1080.0,62.25,201.75,648.75,1,1,1.0
1237,2,1079.58,60.66,199.5,654.0,1,1,1.0
1238,2,1079.77,59.53,197.05999999999995,661.13,1,1,1.0
1239,2,1079.81,58.92,192.0,667.5,1,1,1.0
1240,2,1079.77,59.44,187.97000000000003,672.75,1,1,1.0
1241,2,1079.77,59.72,184.41000000000008,677.62,1,1,1.0
1242,2,1080.56,60.47,178.69000000000005,681.37,1,1,1.0
1243,2,1080.94,61.88,174.75,684.37,1,1,1.0
1244,2,1082.3,61.59,169.22000000000003,688.13,1,1,1.0
1245,2,1084.03,61.78,163.30999999999995,691.5,1,1,1.0
1246,2,1086.33,63.0,157.02999999999997,692.25,1,1,1.0
1247,2,1087.27,62.91,151.97000000000003,694.5,1,1,1.0
1248,2,1089.94,63.75,147.37999999999988,696.37,1,1,1.0
1249,2,1091.48,64.78,144.47000000000003,695.25,1,1,1.0
1250,2,1092.28,66.28,141.55999999999995,695.25,1,1,1.0
1251,2,1092.23,67.12,141.27999999999997,693.0,1,1,1.0
1252,2,1092.23,67.97,141.27999999999997,692.25,1,1,1.0
1253,2,1093.31,68.62,140.6300000000001,691.5,1,1,1.0
1254,2,1093.36,69.28,141.09000000000015,691.5,1,1,1.0
1255,2,1093.73,70.78,140.33999999999992,690.0,1,1,1.0
1256,2,1094.72,71.34,138.75,690.0,1,1,1.0
1257,2,1094.91,72.19,138.18999999999983,689.25,1,1,1.0
1258,2,1095.14,73.59,137.33999999999992,688.13,1,1,1.0
1259,2,1094.25,74.16,138.19000000000005,688.12,1,1,1.0
1260,2,1093.08,75.09,137.52999999999997,687.0,1,1,1.0
1261,2,1092.0,75.94,138.19000000000005,686.25,1,1,1.0
1262,2,1090.78,77.06,138.75,684.3800000000001,1,1,1.0
1263,2,1088.58,76.78,141.27999999999997,684.0,1,1,1.0
1264,2,1087.03,77.34,143.25,682.88,1,1,1.0
1265,2,1085.58,77.62,144.47000000000003,682.13,1,1,1.0
1266,2,1084.55,78.0,146.16000000000008,681.38,1,1,1.0
1267,2,1083.89,78.19,148.58999999999992,680.6199999999999,1,1,1.0
1268,2,1082.2,77.91,152.72000000000003,681.37,1,1,1.0
1269,2,1081.36,77.81,156.66000000000008,681.3800000000001,1,1,1.0
1270,2,1079.95,77.91,158.72000000000003,682.12,1,1,1.0
1271,2,1079.39,78.0,160.77999999999997,682.88,1,1,1.0
1272,2,1078.31,78.19,168.0,682.8699999999999,1,1,1.0
1273,2,1077.61,77.81,175.7800000000002,682.8800000000001,1,1,1.0
1274,2,1077.0,77.72,183.0,682.87,1,1,1.0
1275,2,1077.33,77.25,184.41000000000008,684.0,1,1,1.0
1276,2,1077.38,77.53,181.68999999999983,684.0,1,1,1.0
1277,2,1077.94,77.06,178.69000000000005,684.3800000000001,1,1,1.0
1278,2,1078.73,76.69,178.22000000000003,684.0,1,1,1.0
1279,2,1078.69,76.31,179.80999999999995,684.3800000000001,1,1,1.0
1280,2,1079.34,75.84,179.81000000000017,684.38,1,1,1.0
1281,2,1080.33,74.91,179.52999999999997,686.25,1,1,1.0
1282,2,1082.58,74.81,178.41000000000008,686.25,1,1,1.0
1283,2,1084.31,74.06,177.94000000000005,687.0,1,1,1.0
1284,2,1086.0,73.22,177.94000000000005,686.25,1,1,1.0
1285,2,1086.94,73.88,177.08999999999992,686.24,1,1,1.0
1286,2,1088.11,73.41,175.7800000000002,686.25,1,1,1.0
1287,2,1089.33,74.16,174.75,685.12,1,1,1.0
1288,2,1091.2,73.31,173.15999999999985,686.25,1,1,1.0
1289,2,1093.36,73.22,170.81000000000017,686.25,1,1,1.0
1290,2,1094.3,72.75,169.5,687.0,1,1,1.0
1291,2,1095.8,71.72,168.0,688.12,1,1,1.0
1292,2,1097.06,71.53,166.41000000000008,688.13,1,1,1.0
1293,2,1099.31,71.25,164.05999999999995,689.25,1,1,1.0
1294,2,1101.56,70.97,161.80999999999995,689.25,1,1,1.0
1295,2,1103.62,70.69,159.47000000000003,689.25,1,1,1.0
1296,2,1105.22,71.62,157.69000000000005,688.13,1,1,1.0
1297,2,1107.19,71.62,155.72000000000003,689.26,1,1,1.0
1298,2,1108.45,71.81,155.25,690.0,1,1,1.0
1299,2,1109.77,71.16,154.41000000000008,691.5,1,1,1.0
1300,2,1111.17,70.22,154.02999999999997,696.37,1,1,1.0
1301,2,1112.95,70.59,153.0,696.38,1,1,1.0
1302,2,1113.75,71.06,153.47000000000003,696.75,1,1,1.0
1303,2,1114.88,71.06,153.4699999999998,696.75,1,1,1.0
1304,2,1115.58,70.22,154.02999999999997,696.37,1,1,1.0
1305,2,1115.95,71.06,154.97000000000003,695.25,1,1,1.0
1306,2,1116.28,72.28,154.69000000000005,693.75,1,1,1.0
1307,2,1116.61,72.09,154.97000000000003,696.38,1,1,1.0
1308,2,1116.8,71.25,154.02999999999997,696.37,1,1,1.0
1309,2,1116.23,70.03,154.97000000000003,696.75,1,1,1.0
1310,2,1115.11,69.84,157.0300000000002,696.75,1,1,1.0
1311,2,1116.38,69.47,156.4699999999998,699.37,1,1,1.0
1312,2,1117.12,70.22,155.44000000000005,696.75,1,1,1.0
1313,2,1117.59,69.75,155.25,697.5,1,1,1.0
1314,2,1118.02,70.03,154.41000000000008,697.5,1,1,1.0
1315,2,1118.11,69.84,154.0300000000002,698.25,1,1,1.0
1316,2,1118.3,69.56,154.41000000000008,698.25,1,1,1.0
1317,2,1117.27,70.5,155.25,698.25,1,1,1.0
1318,2,1116.75,72.28,156.0,695.25,1,1,1.0
1319,2,1116.09,73.31,156.19000000000005,693.75,1,1,1.0
1320,2,1114.78,72.94,158.72000000000003,696.3699999999999,1,1,1.0
1321,2,1113.7,73.22,160.77999999999997,696.37,1,1,1.0
1322,2,1111.36,74.6,161.5300000000002,698.25,1,1,1.0
1323,2,1110.0,75.73,163.30999999999995,697.5,1,1,1.0
1324,2,1109.02,76.52,165.55999999999995,696.75,1,1,1.0
1325,2,1107.14,75.33,166.9699999999998,697.5,1,1,1.0
1326,2,1105.69,75.91,167.44000000000005,697.5,1,1,1.0
1327,2,1104.8,76.01,167.44000000000005,697.5,1,1,1.0
1328,2,1103.11,75.7,168.47000000000003,698.25,1,1,1.0
1329,2,1101.89,75.09,168.0,699.38,1,1,1.0
1330,2,1100.58,74.02,168.66000000000008,699.75,1,1,1.0
1331,2,1098.89,74.04,169.5,699.75,1,1,1.0
1332,2,1098.19,74.09,171.55999999999995,699.37,1,1,1.0
1333,2,1097.95,74.32,175.02999999999997,699.3800000000001,1,1,1.0
1334,2,1097.72,74.48,180.37999999999988,699.75,1,1,1.0
1335,2,1097.58,74.51,185.81000000000017,699.37,1,1,1.0
1336,2,1096.22,75.68,191.80999999999995,697.5,1,1,1.0
1337,2,1094.44,75.16,197.44000000000005,696.75,1,1,1.0
1338,2,1093.64,77.2,202.5,693.75,1,1,1.0
1339,2,1093.36,77.62,207.56000000000017,693.0,1,1,1.0
1340,2,1093.83,77.65,210.94000000000005,693.75,1,1,1.0
1341,2,1094.91,77.41,213.55999999999995,693.0,1,1,1.0
1342,2,1096.22,77.11,213.75,693.0,1,1,1.0
1343,2,1096.5,76.5,214.69000000000005,693.75,1,1,1.0
1344,2,1098.09,75.82,214.31000000000017,693.0,1,1,1.0
1345,2,1100.06,75.0,213.0,693.75,1,1,1.0
1346,2,1100.72,73.8,214.1199999999999,693.0,1,1,1.0
1347,2,1102.03,71.98,214.87000000000012,693.75,1,1,1.0
1348,2,1102.59,68.53,217.5,692.25,1,1,1.0
1349,2,1103.16,66.38,219.75,687.37,1,1,1.0
1350,2,1103.16,66.0,222.18999999999983,681.38,1,1,1.0
1351,2,1104.47,64.12,223.12999999999988,671.63,1,1,1.0
1352,2,1105.97,63.7,222.94000000000005,664.5,1,1,1.0
1353,2,1106.91,62.44,224.43999999999983,655.5,1,1,1.0
1354,2,1108.97,61.92,223.12999999999988,649.5,1,1,1.0
1355,2,1110.75,60.56,223.1300000000001,653.6300000000001,1,1,1.0
1356,2,1113.47,60.28,221.62999999999988,655.5,1,1,1.0
1357,2,1115.53,59.77,220.87000000000012,656.62,1,1,1.0
1358,2,1118.62,59.53,217.8800000000001,656.63,1,1,1.0
1359,2,1121.06,60.89,215.62000000000012,654.0,1,1,1.0
1360,2,1123.12,60.38,211.69000000000005,654.0,1,1,1.0
1361,2,1125.66,61.64,208.68999999999983,652.5,1,1,1.0
1362,2,1127.91,63.38,205.5,649.5,1,1,1.0
1363,2,1129.59,64.03,203.25,649.13,1,1,1.0
1364,2,1131.84,63.47,201.0,646.5,1,1,1.0
1365,2,1134.28,62.53,199.12000000000012,647.25,1,1,1.0
1366,2,1137.28,61.5,199.30999999999995,648.0,1,1,1.0
1367,2,1139.34,60.47,199.12000000000012,646.12,1,1,1.0
1368,2,1141.31,58.45,199.87000000000012,642.75,1,1,1.0
1369,2,1143.47,55.73,201.3699999999999,634.13,1,1,1.0
1370,2,1145.16,50.81,204.18999999999983,638.6300000000001,1,1,1.0
1371,2,1145.72,46.12,207.0,634.5,1,1,1.0
1372,2,1145.88,38.18,207.37999999999988,624.0,1,1,1.0
1373,2,1145.74,32.3,208.1199999999999,610.12,1,1,1.0
1374,2,1146.73,25.88,206.44000000000005,610.87,1,1,1.0
1375,2,1147.5,21.61,204.75,613.5,1,1,1.0
1376,2,1148.16,22.59,202.87999999999988,607.88,1,1,1.0
1377,2,1148.86,19.97,197.44000000000005,611.25,1,1,1.0
1378,2,1148.88,20.72,192.93999999999983,609.75,1,1,1.0
1379,2,1149.07,22.59,188.81000000000017,607.5,1,1,1.0
1380,2,1150.31,27.7,181.1300000000001,598.5,1,1,1.0
1381,2,1148.67,32.02,178.02999999999997,593.25,1,1,1.0
1382,2,1142.58,35.2,179.16000000000008,591.75,1,1,1.0
1383,2,1136.25,37.22,181.30999999999995,591.0,1,1,1.0
1384,2,1132.12,38.95,181.97000000000003,586.88,1,1,1.0
1385,2,1129.17,41.39,180.08999999999992,583.5,1,1,1.0
1386,2,1129.12,43.36,179.25,579.75,1,1,1.0
1387,2,1130.95,41.06,177.65999999999985,576.3800000000001,1,1,1.0
1388,2,1128.09,39.66,180.37000000000012,571.5,1,1,1.0
1389,2,1123.73,38.62,180.83999999999992,562.88,1,1,1.0
1390,2,1117.22,37.97,182.25,547.5,1,1,1.0
1391,2,1112.11,35.25,182.5300000000002,533.63,1,1,1.0
1392,2,1105.78,33.52,181.22000000000003,527.25,1,1,1.0
1393,2,1099.78,31.97,175.5,522.0,1,1,1.0
1394,2,1091.58,29.11,172.41000000000008,525.0,1,1,1.0
1395,2,1083.54,28.78,170.72000000000003,525.0,1,1,1.0
1396,2,1074.68,28.22,176.90999999999985,527.25,1,1,1.0
1397,2,1064.53,25.78,184.69000000000005,532.13,1,1,1.0
1398,2,1058.3,28.27,186.84000000000015,531.37,1,1,1.0
1399,2,1048.57,28.69,193.5,528.75,1,1,1.0
1400,2,1042.8,29.39,197.62000000000012,532.13,1,1,1.0
1401,2,1035.77,31.12,202.1300000000001,532.13,1,1,1.0
1402,2,1027.5,35.02,205.5,525.0,1,1,1.0
1403,2,1021.31,36.23,206.25,519.75,1,1,1.0
1404,2,1015.59,35.77,204.7499999999999,517.12,1,1,1.0
1405,2,1010.62,31.78,203.62,516.0,1,1,1.0
1406,2,1005.75,30.28,198.55999999999995,515.25,1,1,1.0
1407,2,1001.67,29.02,192.7500000000001,512.62,1,1,1.0
1408,2,999.19,27.94,181.8699999999999,511.11999999999995,1,1,1.0
1409,2,997.08,21.66,171.37,513.75,1,1,1.0
1410,2,993.07,19.52,159.93999999999994,501.38,1,1,1.0
1411,2,989.32,17.93,144.56000000000006,493.5,1,1,1.0
1412,2,980.2,15.42,134.90999999999985,495.75,1,1,1.0
1413,2,970.17,15.33,130.60000000000002,494.62,1,1,1.0
1414,2,960.8,12.0,137.52999999999997,491.62,1,1,1.0
1415,2,950.91,13.41,146.81000000000006,489.0,1,1,1.0
1416,2,932.3,15.0,163.59000000000015,484.88,1,1,1.0
1417,2,899.62,19.27,194.82000000000005,477.37,1,1,1.0
1418,2,874.55,20.72,218.44000000000005,478.5,1,1,1.0
1419,2,859.55,23.72,230.44000000000005,474.75,1,1,1.0
1420,2,851.88,24.19,236.82000000000005,470.62,1,1,1.0
1421,2,848.77,27.0,235.87000000000012,468.75,1,1,1.0
1422,2,846.61,26.53,236.06000000000006,469.13,1,1,1.0
1423,2,846.8,25.97,229.5,468.0,1,1,1.0
1424,2,847.55,24.54,221.25,466.12,1,1,1.0
1425,2,848.44,23.18,208.5,468.75,1,1,1.0
1426,2,844.69,22.73,196.30999999999995,466.88,1,1,1.0
1427,2,836.25,19.97,185.80999999999995,469.12,1,1,1.0
1428,2,827.72,20.72,172.68999999999994,466.12,1,1,1.0
1429,2,818.34,19.59,157.68999999999994,468.0,1,1,1.0
1430,2,813.68,18.66,127.5,468.75,1,1,1.0
1431,2,803.62,20.53,125.43999999999994,466.13,1,1,1.0
1432,2,795.52,19.59,133.39999999999998,469.5,1,1,1.0
1433,2,787.97,20.86,142.5,465.0,1,1,1.0
1434,2,772.17,21.89,159.2800000000001,463.5,1,1,1.0
1435,2,767.39,23.25,162.27999999999997,462.37,1,1,1.0
1436,2,764.62,23.16,163.32000000000005,466.86999999999995,1,1,1.0
1437,2,721.22,26.81,203.05999999999995,465.0,1,1,1.0
1438,2,715.69,33.47,205.1199999999999,462.0,1,1,1.0
1439,2,720.0,54.52,201.55999999999995,436.5,1,1,1.0
1440,2,707.81,58.31,206.44000000000005,429.75,1,1,1.0
1441,2,708.61,53.81,194.80999999999995,436.5,1,1,1.0
1442,2,707.81,49.08,181.41000000000008,440.25,1,1,1.0
1443,2,691.22,30.09,184.39999999999998,464.63000000000005,1,1,1.0
1444,2,682.55,25.2,161.5300000000001,450.0,1,1,1.0
1445,2,677.74,46.88,130.02999999999997,422.62,1,1,1.0
1646,2,679.97,52.31,168.0,457.5,1,1,1.0
1647,2,678.61,44.11,170.52999999999997,465.0,1,1,1.0
1648,2,680.58,34.5,172.39999999999998,481.88,1,1,1.0
1649,2,687.98,34.22,165.10000000000002,474.75,1,1,1.0
1650,2,701.34,30.35,156.38,476.63,1,1,1.0
1651,2,709.78,20.55,156.10000000000002,489.38,1,1,1.0
1652,2,719.02,25.17,161.25,484.5,1,1,1.0
1653,2,725.72,23.77,180.37,483.75,1,1,1.0
1654,2,737.44,23.77,199.68999999999994,483.37,1,1,1.0
1655,2,775.64,25.27,181.22000000000003,481.87,1,1,1.0
1656,2,778.59,27.7,199.13,479.63,1,1,1.0
1657,2,779.77,28.69,207.93000000000006,481.87,1,1,1.0
1658,2,779.81,28.92,212.06000000000006,481.88,1,1,1.0
1659,2,786.38,30.38,207.37,482.24,1,1,1.0
1660,2,789.14,30.56,206.44000000000005,485.99999999999994,1,1,1.0
1661,2,794.48,31.5,203.06999999999994,486.38,1,1,1.0
1662,2,800.16,30.23,195.75,488.25,1,1,1.0
1663,2,806.02,29.81,189.27999999999997,488.99999999999994,1,1,1.0
1664,2,818.91,27.98,176.89999999999998,489.38,1,1,1.0
1665,2,828.14,26.67,167.63,490.12999999999994,1,1,1.0
1666,2,834.28,26.86,162.0,490.12,1,1,1.0
1667,2,836.48,24.63,162.28999999999996,489.38,1,1,1.0
1668,2,838.17,22.9,167.44000000000005,496.12,1,1,1.0
1669,2,839.53,22.9,174.94000000000005,505.87,1,1,1.0
1670,2,840.7,22.45,181.40999999999997,516.75,1,1,1.0
1671,2,842.44,24.52,187.1199999999999,523.5,1,1,1.0
1672,2,845.32,27.05,194.06000000000006,534.0,1,1,1.0
1673,2,850.73,29.95,194.06999999999994,539.63,1,1,1.0
1674,2,853.8,32.72,196.5,541.12,1,1,1.0
1675,2,857.93,36.19,198.56000000000006,541.1199999999999,1,1,1.0
1676,2,863.25,39.0,199.69000000000005,542.25,1,1,1.0
1677,2,867.84,41.16,200.2499999999999,542.25,1,1,1.0
1678,2,875.77,44.11,197.62000000000012,540.0,1,1,1.0
1679,2,881.53,43.22,198.19000000000005,541.5,1,1,1.0
1680,2,886.45,43.03,197.62999999999988,541.5,1,1,1.0
1681,2,894.38,42.47,193.12,542.25,1,1,1.0
1682,2,900.52,41.81,190.4000000000001,542.6300000000001,1,1,1.0
1683,2,906.47,39.47,187.97000000000003,546.0,1,1,1.0
1684,2,911.81,37.78,186.0,548.63,1,1,1.0
1685,2,914.48,36.94,187.41000000000008,549.0,1,1,1.0
1686,2,920.34,36.66,185.82000000000005,548.62,1,1,1.0
1687,2,925.73,37.88,184.97000000000003,547.5,1,1,1.0
1688,2,929.67,40.01,186.38,546.75,1,1,1.0
1689,2,932.77,40.03,190.4000000000001,555.0,1,1,1.0
1690,2,936.05,44.02,196.87000000000012,561.37,1,1,1.0
1691,2,938.95,46.55,199.5,567.0,1,1,1.0
1692,2,944.34,48.61,197.07000000000005,571.12,1,1,1.0
1693,2,948.42,53.34,195.0000000000001,571.5,1,1,1.0
1694,2,950.25,57.0,194.05999999999995,572.62,1,1,1.0
1695,2,955.5,60.19,194.80999999999995,586.1199999999999,1,1,1.0
1696,2,960.59,61.03,195.37,593.25,1,1,1.0
1697,2,965.7,61.55,197.25,595.12,1,1,1.0
1698,2,968.93,60.7,200.2500000000001,597.38,1,1,1.0
1699,2,972.19,61.83,201.55999999999995,599.62,1,1,1.0
1700,2,974.34,62.72,205.4999999999999,600.37,1,1,1.0
1701,2,977.02,62.11,206.80999999999995,601.87,1,1,1.0
1702,2,977.58,61.97,210.18999999999994,602.62,1,1,1.0
1703,2,978.89,62.48,211.68999999999994,601.13,1,1,1.0
1704,2,979.92,61.59,213.0000000000001,601.88,1,1,1.0
1705,2,979.73,61.03,215.62999999999988,604.88,1,1,1.0
1706,2,980.06,62.48,216.94000000000005,617.63,1,1,1.0
1707,2,980.44,63.56,218.80999999999995,627.3800000000001,1,1,1.0
1708,2,980.34,64.64,219.57000000000005,640.5,1,1,1.0
1709,2,980.34,66.42,219.57000000000005,653.63,1,1,1.0
1710,2,980.06,68.44,220.30999999999995,654.0,1,1,1.0
1711,2,979.78,70.03,220.30999999999995,651.75,1,1,1.0
1712,2,978.52,70.5,221.62000000000012,653.62,1,1,1.0
1713,2,978.0,72.56,222.19000000000005,654.0,1,1,1.0
1714,2,977.39,72.94,222.18999999999994,652.5,1,1,1.0
1715,2,977.48,73.88,219.37999999999988,652.5,1,1,1.0
1716,2,976.5,73.59,219.75,654.0,1,1,1.0
1717,2,976.22,73.41,219.3699999999999,655.5,1,1,1.0
1718,2,976.03,73.59,218.80999999999995,654.0,1,1,1.0
1719,2,974.72,73.31,219.55999999999995,654.0,1,1,1.0
1720,2,974.44,73.22,219.55999999999995,654.75,1,1,1.0
1721,2,974.72,72.09,218.80999999999995,657.0,1,1,1.0
1722,2,976.5,71.25,217.1199999999999,659.25,1,1,1.0
1723,2,977.16,72.09,216.92999999999995,657.75,1,1,1.0
1724,2,977.86,72.47,217.4999999999999,668.25,1,1,1.0
1725,2,979.55,73.41,217.5,682.87,1,1,1.0
1726,2,982.64,76.5,216.7500000000001,696.38,1,1,1.0
1727,2,984.89,82.22,217.5000000000001,712.5,1,1,1.0
1728,2,987.33,85.59,219.56000000000006,727.88,1,1,1.0
1729,2,989.44,84.0,221.6199999999999,720.75,1,1,1.0
1730,2,992.16,88.5,222.92999999999995,733.5,1,1,1.0
1731,2,996.56,89.48,222.19000000000005,744.75,1,1,1.0
1732,2,999.28,98.39,224.80999999999995,734.63,1,1,1.0
1733,2,1002.0,99.84,227.05999999999995,732.0,1,1,1.0
1734,2,1003.97,101.53,228.94000000000005,732.75,1,1,1.0
1735,2,1006.12,100.92,229.4999999999999,735.38,1,1,1.0
1736,2,1006.69,101.11,231.94000000000005,736.87,1,1,1.0
1737,2,1003.69,100.17,240.0,738.38,1,1,1.0
1738,2,1000.31,98.48,248.44000000000005,741.75,1,1,1.0
1739,2,997.41,98.44,255.7500000000001,742.5,1,1,1.0
1740,2,994.31,98.34,262.69000000000005,741.75,1,1,1.0
1741,2,991.88,99.56,269.06000000000006,738.3800000000001,1,1,1.0
1742,2,990.94,101.53,273.55999999999995,736.88,1,1,1.0
1743,2,990.66,102.8,276.17999999999995,752.62,1,1,1.0
1744,2,991.12,107.72,278.2600000000001,780.75,1,1,1.0
1745,2,992.44,111.56,278.25,801.0,1,1,1.0
1746,2,994.03,115.5,279.3800000000001,822.75,1,1,1.0
1747,2,997.22,121.59,275.6199999999999,814.5,1,1,1.0
1748,2,999.56,131.51,276.0,815.25,1,1,1.0
1749,2,999.56,134.34,276.94000000000005,824.25,1,1,1.0
1750,2,1000.22,138.56,279.0,840.0,1,1,1.0
1751,2,1000.88,141.05,279.93999999999994,861.0,1,1,1.0
1752,2,1000.97,142.55,281.6299999999999,861.75,1,1,1.0
1753,2,1001.77,143.39,280.8700000000001,861.75,1,1,1.0
1754,2,1001.37,142.41,281.62,865.5,1,1,1.0
1755,2,999.66,142.31,284.2500000000001,865.5,1,1,1.0
1756,2,996.14,142.59,289.31000000000006,865.5,1,1,1.0
1757,2,991.85,142.55,295.13,865.5,1,1,1.0
1758,2,986.34,142.41,301.88,866.25,1,1,1.0
1759,2,982.5,142.5,306.3800000000001,864.75,1,1,1.0
1760,2,978.0,143.16,311.44000000000005,865.5,1,1,1.0
1761,2,974.44,145.12,316.30999999999995,864.0,1,1,1.0
1762,2,969.75,149.16,322.30999999999995,886.5000000000001,1,1,1.0
1763,2,965.72,154.22,328.30999999999995,909.75,1,1,1.0
1764,2,962.72,159.0,333.3699999999999,912.0,1,1,1.0
1765,2,960.38,163.78,337.12,904.5,1,1,1.0
1766,2,958.59,174.0,341.63,891.75,1,1,1.0
1767,2,955.22,183.09,348.55999999999995,888.7499999999999,1,1,1.0
1768,2,954.56,193.69,353.05999999999995,878.25,1,1,1.0
1769,2,952.31,200.16,357.75,870.7500000000001,1,1,1.0
1770,2,949.5,203.62,363.3800000000001,869.2600000000001,1,1,1.0
1771,2,946.59,210.23,366.93999999999994,864.75,1,1,1.0
1772,2,941.25,211.88,374.05999999999995,863.2399999999999,1,1,1.0
1773,2,936.0,213.0,380.05999999999995,861.75,1,1,1.0
1774,2,928.88,211.22,385.87,865.5,1,1,1.0
1775,2,921.75,211.78,390.3699999999999,864.75,1,1,1.0
1776,2,915.84,217.22,386.63,856.5,1,1,1.0
1777,2,909.42,218.06,383.43999999999994,856.5,1,1,1.0
1778,2,903.47,220.55,379.69000000000005,857.25,1,1,1.0
1779,2,895.64,230.53,376.13,847.5,1,1,1.0
1780,2,888.38,241.36,366.56000000000006,834.7499999999999,1,1,1.0
1781,2,880.59,248.91,362.2499999999999,826.5000000000001,1,1,1.0
1782,2,874.69,259.03,354.94000000000005,815.25,1,1,1.0
1783,2,866.62,272.34,350.82000000000005,801.75,1,1,1.0
1784,2,858.94,282.09,348.0,791.25,1,1,1.0
1785,2,849.56,293.02,345.0,778.5,1,1,1.0
1786,2,838.88,302.53,342.0000000000001,769.5,1,1,1.0
1787,2,829.22,311.62,337.5,760.13,1,1,1.0
1788,2,815.16,317.62,338.42999999999995,753.38,1,1,1.0
1789,2,800.72,321.75,339.3699999999999,748.5,1,1,1.0
1790,2,780.91,323.16,347.2500000000001,750.3699999999999,1,1,1.0
1791,2,764.34,326.81,359.2499999999999,744.75,1,1,1.0
1792,2,749.62,327.56,371.43999999999994,744.0,1,1,1.0
1793,2,729.19,327.94,392.25,742.5,1,1,1.0
1794,2,710.53,331.22,411.75,739.8699999999999,1,1,1.0
1795,2,689.81,332.34,433.5,738.75,1,1,1.0
1796,2,666.75,336.84,457.1300000000001,734.25,1,1,1.0
1797,2,645.0,351.56,480.75,720.75,1,1,1.0
1798,2,616.88,361.45,511.87,712.8799999999999,1,1,1.0
1799,2,582.47,381.05,548.25,694.1200000000001,1,1,1.0
1800,2,553.41,396.84,578.62,677.6300000000001,1,1,1.0
1801,2,525.38,417.19,603.37,655.8699999999999,1,1,1.0
1802,2,497.34,437.72,625.1300000000001,635.6199999999999,1,1,1.0
1803,2,474.42,462.52,639.75,610.5,1,1,1.0
1804,2,457.69,483.38,642.0,590.2399999999999,1,1,1.0
1805,2,440.81,501.66,638.6300000000001,570.75,1,1,1.0
1806,2,432.0,510.19,622.8800000000001,560.6199999999999,1,1,1.0
1807,2,418.12,521.62,613.88,548.63,1,1,1.0
1808,2,404.81,529.59,600.75,539.9999999999999,1,1,1.0
1809,2,393.0,543.19,585.38,526.5,1,1,1.0
1810,2,381.47,552.38,571.12,517.87,1,1,1.0
1811,2,354.75,562.88,565.87,509.62,1,1,1.0
1812,2,309.89,579.87,590.25,493.12,1,1,1.0
1813,2,283.64,595.36,607.13,476.62,1,1,1.0
1814,2,274.5,617.2,576.0,451.5,1,1,1.0
1815,2,243.47,644.25,573.75,426.0,1,1,1.0
1816,2,204.8,674.25,583.5,398.25,1,1,1.0
1817,2,151.31,704.34,568.1300000000001,368.82000000000005,1,1,1.0
1818,2,92.67,739.5,415.5,337.5,1,1,1.0
1819,2,28.69,773.81,432.37,304.5,1,1,1.0
1820,2,-0.14,814.31,408.0,263.44000000000005,1,1,1.0
1821,2,2.86,857.39,344.62,216.93999999999994,1,1,1.0
1959,1,685.97,75.84,201.0,404.63,1,1,1.0
1960,1,692.11,64.64,195.18999999999994,418.88,1,1,1.0
1961,1,708.84,67.03,175.5,415.88,1,1,1.0
1962,1,724.69,46.88,156.0,440.24,1,1,1.0
1963,1,738.23,21.0,137.53999999999996,468.38,1,1,1.0
1964,1,785.93,15.47,97.41000000000008,466.86999999999995,1,1,1.0
1965,1,783.77,10.36,107.81000000000006,471.75,1,1,1.0
1966,1,792.42,7.59,110.44000000000005,475.88000000000005,1,1,1.0
1967,1,792.94,5.44,125.52999999999997,478.12,1,1,1.0
1968,1,792.61,4.5,151.87,478.88,1,1,1.0
1969,1,796.31,2.41,168.94000000000005,486.0,1,1,1.0
1970,1,797.53,2.95,181.22000000000003,491.63,1,1,1.0
1971,1,798.19,4.17,190.39999999999998,496.13,1,1,1.0
1972,1,802.78,4.73,188.44000000000005,499.5,1,1,1.0
1973,1,804.33,6.47,185.14999999999998,504.0,1,1,1.0
1974,1,806.39,9.0,183.0,504.75,1,1,1.0
1975,1,810.19,9.28,178.68999999999994,504.75,1,1,1.0
1976,1,814.59,7.59,175.02999999999997,506.63000000000005,1,1,1.0
1977,1,821.62,5.53,169.5,510.0,1,1,1.0
1978,1,827.34,3.47,164.53999999999996,512.62,1,1,1.0
1979,1,833.02,2.53,167.14999999999998,513.38,1,1,1.0
1980,1,837.56,3.28,172.69000000000005,513.38,1,1,1.0
1981,1,837.23,2.53,184.40999999999997,517.13,1,1,1.0
1982,1,829.59,5.39,202.68999999999994,521.25,1,1,1.0
1983,1,820.88,5.2,219.37,529.13,1,1,1.0
1984,1,814.12,5.02,230.63,548.62,1,1,1.0
1985,1,812.3,7.69,241.12000000000012,556.8699999999999,1,1,1.0
1986,1,812.09,8.39,246.56000000000006,567.0,1,1,1.0
1987,1,812.44,9.94,251.05999999999995,570.0,1,1,1.0
1988,1,814.97,10.69,252.94000000000005,574.1199999999999,1,1,1.0
1989,1,820.24,13.03,251.05999999999995,574.13,1,1,1.0
1990,1,826.01,14.34,246.94000000000005,573.38,1,1,1.0
1991,1,832.06,15.0,243.55999999999995,571.88,1,1,1.0
1992,1,839.88,16.97,237.18999999999994,570.0,1,1,1.0
1993,1,847.88,18.47,229.5000000000001,569.25,1,1,1.0
1994,1,855.38,18.75,220.87,568.5,1,1,1.0
1995,1,861.47,19.03,212.80999999999995,567.75,1,1,1.0
1996,1,865.64,18.0,206.2500000000001,570.0,1,1,1.0
1997,1,865.97,17.25,202.69000000000005,568.5,1,1,1.0
1998,1,868.59,16.5,196.32000000000005,573.38,1,1,1.0
1999,1,869.39,16.41,192.7500000000001,587.62,1,1,1.0
2000,1,870.96,18.09,188.25,601.88,1,1,1.0
2001,1,872.13,20.3,187.60000000000002,612.75,1,1,1.0
2002,1,874.55,23.44,185.80999999999995,626.6199999999999,1,1,1.0
2003,1,877.73,25.17,183.37999999999988,631.88,1,1,1.0
2004,1,878.11,26.3,185.5300000000001,643.87,1,1,1.0
2005,1,879.19,29.91,189.08999999999992,642.0,1,1,1.0
2006,1,880.41,30.42,191.5300000000001,643.88,1,1,1.0
2007,1,882.56,31.41,194.6300000000001,642.75,1,1,1.0
2008,1,886.31,32.11,198.55999999999995,642.0,1,1,1.0
2009,1,887.53,32.81,206.44000000000005,641.6300000000001,1,1,1.0
2010,1,891.0,33.94,208.69000000000005,640.5,1,1,1.0
2011,1,891.28,33.28,214.8800000000001,641.63,1,1,1.0
2012,1,889.41,33.47,221.42999999999995,642.0,1,1,1.0
2013,1,880.73,33.56,234.75,641.6300000000001,1,1,1.0
2014,1,874.88,35.16,244.67999999999995,651.75,1,1,1.0
2015,1,866.39,37.59,255.18999999999994,670.5,1,1,1.0
2016,1,860.3,38.95,264.19000000000005,694.5,1,1,1.0
2017,1,856.55,43.22,270.3700000000001,706.87,1,1,1.0
2018,1,854.62,48.09,272.9999999999999,719.63,1,1,1.0
2019,1,850.78,51.19,276.55999999999995,731.6199999999999,1,1,1.0
2020,1,846.66,55.31,279.92999999999995,731.6300000000001,1,1,1.0
2021,1,841.03,58.69,284.05999999999995,731.6199999999999,1,1,1.0
2022,1,839.11,62.25,284.2499999999999,729.0,1,1,1.0
2023,1,840.94,63.47,279.55999999999995,727.5,1,1,1.0
2024,1,844.78,64.03,272.25,727.5,1,1,1.0
2025,1,848.67,64.03,265.88,727.5,1,1,1.0
2026,1,853.12,63.19,256.88,727.8699999999999,1,1,1.0
2027,1,854.06,62.91,251.05999999999995,727.5,1,1,1.0
2028,1,854.39,63.84,248.06000000000006,727.5,1,1,1.0
2029,1,855.94,65.72,243.55999999999995,725.62,1,1,1.0
2030,1,857.11,67.22,239.81000000000006,729.75,1,1,1.0
2031,1,859.36,67.5,236.06000000000006,758.25,1,1,1.0
2032,1,861.38,70.27,232.5000000000001,783.0,1,1,1.0
2033,1,861.7,72.75,230.62999999999988,801.75,1,1,1.0
2034,1,860.39,78.42,230.63,819.75,1,1,1.0
2035,1,859.59,83.91,231.38,835.5,1,1,1.0
2036,1,862.03,85.31,233.25,842.25,1,1,1.0
2037,1,863.48,88.31,234.75,842.25,1,1,1.0
2038,1,864.28,91.12,237.19000000000005,838.5,1,1,1.0
2039,1,865.55,92.81,240.37000000000012,835.5,1,1,1.0
2040,1,864.33,93.28,245.81000000000006,834.75,1,1,1.0
2041,1,863.02,91.69,252.37000000000012,838.5,1,1,1.0
2042,1,862.45,91.97,258.0,838.5,1,1,1.0
2043,1,859.41,92.25,264.7500000000001,838.5,1,1,1.0
2044,1,857.11,93.56,270.37,840.0,1,1,1.0
2045,1,842.34,95.16,288.93999999999994,838.5,1,1,1.0
2046,1,819.23,99.19,315.75,846.0,1,1,1.0
2047,1,804.09,104.34,332.82000000000005,884.25,1,1,1.0
2048,1,792.94,110.16,348.19000000000005,912.0,1,1,1.0
2049,1,783.23,115.69,360.3799999999999,929.25,1,1,1.0
2050,1,776.02,119.16,367.68000000000006,946.5000000000001,1,1,1.0
2051,1,769.1,122.34,373.88,944.2499999999999,1,1,1.0
2052,1,760.48,131.44,381.18000000000006,936.75,1,1,1.0
2053,1,754.88,135.94,384.0000000000001,931.5,1,1,1.0
2054,1,749.81,139.69,384.0,927.75,1,1,1.0
2055,1,750.0,142.12,380.44000000000005,923.9999999999999,1,1,1.0
2056,1,752.53,143.06,374.05999999999995,924.0,1,1,1.0
2057,1,754.97,144.09,366.94000000000005,922.4999999999999,1,1,1.0
2058,1,757.31,144.56,359.44000000000005,922.5,1,1,1.0
2059,1,759.84,145.31,349.88,922.5,1,1,1.0
2060,1,762.56,146.44,338.44000000000005,922.5,1,1,1.0
2061,1,762.19,146.25,336.75,924.0,1,1,1.0
2062,1,759.66,148.31,339.37,924.0,1,1,1.0
2063,1,755.81,152.25,343.5,921.0,1,1,1.0
2064,1,750.56,157.41,346.8800000000001,917.2500000000001,1,1,1.0
2065,1,744.84,165.09,350.43999999999994,908.2499999999999,1,1,1.0
2066,1,737.25,171.56,356.6300000000001,901.5,1,1,1.0
2067,1,733.41,179.16,359.42999999999995,893.2500000000001,1,1,1.0
2068,1,728.81,186.75,364.1300000000001,885.0,1,1,1.0
2069,1,724.22,192.0,369.94000000000005,879.75,1,1,1.0
2070,1,720.75,195.94,374.80999999999995,876.0,1,1,1.0
2071,1,717.14,198.19,380.43999999999994,874.5,1,1,1.0
2072,1,713.48,198.26,385.5,874.5,1,1,1.0
2073,1,712.55,200.53,387.75,872.25,1,1,1.0
2074,1,713.48,203.81,387.75,870.0,1,1,1.0
2075,1,714.0,204.0,388.8800000000001,873.75,1,1,1.0
2076,1,710.62,206.62,391.88,870.7600000000001,1,1,1.0
2077,1,704.48,208.73,393.75,867.0,1,1,1.0
2078,1,688.12,212.06,408.38,864.75,1,1,1.0
2079,1,669.38,216.0,427.12,862.5,1,1,1.0
2080,1,658.12,225.19,435.7600000000001,852.0,1,1,1.0
2081,1,647.44,235.12,442.1199999999999,841.4999999999999,1,1,1.0
2082,1,635.34,243.75,451.13,831.75,1,1,1.0
2083,1,627.66,255.56,453.0000000000001,816.75,1,1,1.0
2084,1,619.88,264.94,451.12,806.25,1,1,1.0
2085,1,608.34,278.62,455.63,793.4999999999999,1,1,1.0
2086,1,594.38,289.31,461.62,783.75,1,1,1.0
2087,1,576.56,297.56,468.75,777.0,1,1,1.0
2088,1,558.94,306.38,475.5,768.7399999999999,1,1,1.0
2089,1,540.56,313.31,480.3800000000001,760.8800000000001,1,1,1.0
2090,1,514.55,324.75,493.5,749.25,1,1,1.0
2091,1,494.06,338.16,497.99999999999994,732.75,1,1,1.0
2092,1,464.62,345.7,508.88,727.5,1,1,1.0
2093,1,435.19,355.73,521.6199999999999,717.3799999999999,1,1,1.0
2094,1,405.0,365.77,544.12,707.25,1,1,1.0
2095,1,370.22,375.38,571.5,697.12,1,1,1.0
2096,1,330.09,386.95,608.6300000000001,684.3799999999999,1,1,1.0
2097,1,282.52,404.72,650.25,666.3699999999999,1,1,1.0
2098,1,261.8,420.98,667.8699999999999,652.5,1,1,1.0
2099,1,224.44,436.31,692.25,635.6300000000001,1,1,1.0
2100,1,187.31,462.84,710.25,606.3800000000001,1,1,1.0
2101,1,151.88,489.28,722.24,582.3800000000001,1,1,1.0
2102,1,109.03,520.97,730.13,548.6199999999999,1,1,1.0
2103,1,67.12,549.47,712.13,521.6199999999999,1,1,1.0
2104,1,27.19,578.91,714.0,491.2500000000001,1,1,1.0
2105,1,0.84,606.28,683.25,465.0,1,1,1.0
2106,1,-3.28,638.3,649.5,434.6200000000001,1,1,1.0
2107,1,-1.78,658.22,627.0,414.0,1,1,1.0
2108,1,3.56,689.62,507.0,377.82000000000005,1,1,1.0
