949,1,1003.64,3.38,142.12,477.0,1,1,1.0
950,1,1002.45,5.06,139.69000000000005,477.0,1,1,1.0
951,1,1004.95,4.38,140.15999999999985,478.13,1,1,1.0
952,1,991.66,6.05,148.68999999999994,474.0,1,1,1.0
953,1,965.81,8.3,161.44000000000005,472.87,1,1,1.0
954,1,941.44,3.16,184.69000000000005,480.75,1,1,1.0
955,1,919.88,2.72,203.06000000000006,486.0,1,1,1.0
956,1,899.3,0.28,212.05999999999995,509.25,1,1,1.0
957,1,882.89,-0.19,217.88,514.1300000000001,1,1,1.0
958,1,870.19,0.56,227.05999999999995,519.75,1,1,1.0
959,1,860.86,2.39,233.2499999999999,521.25,1,1,1.0
960,1,851.53,1.88,240.0,527.62,1,1,1.0
961,1,845.27,2.95,244.69000000000005,531.38,1,1,1.0
962,1,841.71,2.72,248.62999999999988,533.62,1,1,1.0
963,1,840.52,2.39,246.37000000000012,534.38,1,1,1.0
964,1,840.84,0.19,239.82000000000005,536.6199999999999,1,1,1.0
965,1,844.15,0.23,225.56000000000006,536.63,1,1,1.0
966,1,846.12,0.28,213.56000000000006,536.25,1,1,1.0
967,1,851.16,1.31,199.67999999999995,534.75,1,1,1.0
968,1,853.22,1.64,191.80999999999995,535.13,1,1,1.0
969,1,856.31,1.83,184.69000000000005,536.62,1,1,1.0
970,1,859.73,0.8,175.78999999999996,537.37,1,1,1.0
971,1,859.92,0.61,170.5300000000001,536.25,1,1,1.0
972,1,854.58,0.94,172.02999999999986,537.3699999999999,1,1,1.0
973,1,840.66,1.03,181.68000000000006,546.38,1,1,1.0
974,1,828.14,-0.09,191.25,561.37,1,1,1.0
975,1,820.5,-0.09,193.88,574.12,1,1,1.0
976,1,815.25,-0.28,194.05999999999995,586.87,1,1,1.0
977,1,815.3,1.64,188.44000000000005,587.63,1,1,1.0
978,1,819.98,3.66,177.93999999999994,600.37,1,1,1.0
979,1,814.55,6.09,177.6500000000001,608.63,1,1,1.0
980,1,812.58,7.41,174.55999999999995,609.0,1,1,1.0
981,1,805.88,6.84,177.37,609.75,1,1,1.0
982,1,796.69,7.08,184.8699999999999,610.12,1,1,1.0
983,1,782.81,5.62,196.31000000000006,610.5,1,1,1.0
984,1,771.38,4.22,205.5,612.75,1,1,1.0
985,1,760.97,3.38,214.12,614.24,1,1,1.0
986,1,747.75,4.31,224.44000000000005,613.5,1,1,1.0
987,1,737.81,4.88,231.3800000000001,611.24,1,1,1.0
988,1,730.22,6.94,236.25,609.0,1,1,1.0
989,1,721.08,7.9,243.18999999999994,617.25,1,1,1.0
990,1,715.24,9.09,246.75,632.25,1,1,1.0
991,1,711.66,11.86,246.56000000000006,645.0,1,1,1.0
992,1,710.16,13.59,245.43000000000006,661.5,1,1,1.0
993,1,709.41,16.17,245.25,668.25,1,1,1.0
994,1,709.5,19.27,245.25,674.62,1,1,1.0
995,1,710.16,21.75,246.0,686.25,1,1,1.0
996,1,713.16,24.52,244.68000000000006,687.37,1,1,1.0
997,1,715.69,25.36,244.68999999999994,687.37,1,1,1.0
998,1,718.12,24.19,246.0,690.0,1,1,1.0
999,1,721.03,22.45,247.5,693.75,1,1,1.0
1000,1,724.78,21.56,247.69000000000005,695.25,1,1,1.0
1001,1,727.41,19.31,250.12,697.5,1,1,1.0
1002,1,731.84,19.59,248.42999999999995,696.38,1,1,1.0
1003,1,735.09,19.83,249.93999999999994,696.37,1,1,1.0
1004,1,737.81,21.14,250.1300000000001,694.5,1,1,1.0
1005,1,739.88,22.55,250.12,693.0,1,1,1.0
1006,1,743.81,22.5,247.69000000000005,693.0,1,1,1.0
1007,1,747.52,25.59,245.25,703.88,1,1,1.0
1008,1,750.23,28.08,244.13,722.62,1,1,1.0
1009,1,752.06,32.72,243.3800000000001,733.5,1,1,1.0
1010,1,752.77,36.47,243.37,754.5,1,1,1.0
1011,1,751.59,40.88,245.25,759.37,1,1,1.0
1012,1,750.05,44.34,246.56000000000006,768.75,1,1,1.0
1013,1,748.17,45.56,247.69000000000005,783.0,1,1,1.0
1014,1,745.5,48.66,248.05999999999995,783.75,1,1,1.0
1015,1,737.72,49.97,250.12,781.5,1,1,1.0
1016,1,733.97,52.85,244.12,779.25,1,1,1.0
1017,1,727.5,51.61,246.0,780.75,1,1,1.0
1018,1,720.66,52.59,246.93000000000006,779.25,1,1,1.0
1019,1,714.28,53.18,250.13,779.25,1,1,1.0
1020,1,707.81,53.39,255.75,778.5,1,1,1.0
1021,1,698.44,54.16,264.3699999999999,775.5,1,1,1.0
1022,1,690.09,54.61,276.0,774.75,1,1,1.0
1023,1,685.03,55.5,283.69000000000005,773.25,1,1,1.0
1024,1,680.06,57.47,291.3800000000001,771.0,1,1,1.0
1025,1,676.78,60.38,294.0,775.5,1,1,1.0
1026,1,674.53,61.03,296.63,803.25,1,1,1.0
1027,1,672.09,62.44,290.81999999999994,828.0,1,1,1.0
1028,1,669.84,66.14,288.75,849.0,1,1,1.0
1029,1,667.88,69.56,288.92999999999995,863.25,1,1,1.0
1030,1,666.52,73.88,288.37,872.24,1,1,1.0
1031,1,665.62,76.22,288.38,887.25,1,1,1.0
1032,1,664.88,79.59,290.06000000000006,887.25,1,1,1.0
1033,1,665.16,82.12,292.12,887.26,1,1,1.0
1034,1,666.0,83.72,293.05999999999995,885.0,1,1,1.0
1035,1,668.77,82.31,291.75,886.5,1,1,1.0
1036,1,675.66,81.38,287.81000000000006,886.5,1,1,1.0
1037,1,680.06,82.12,286.1300000000001,885.0,1,1,1.0
1038,1,683.44,83.16,285.0,884.25,1,1,1.0
1039,1,685.97,84.28,282.93999999999994,883.5,1,1,1.0
1040,1,688.12,84.19,279.57000000000005,884.25,1,1,1.0
1041,1,689.34,84.56,276.56999999999994,884.25,1,1,1.0
1042,1,690.19,89.06,271.68999999999994,879.0,1,1,1.0
1043,1,689.62,89.86,267.57000000000005,877.5,1,1,1.0
1044,1,688.59,91.31,263.43999999999994,876.0,1,1,1.0
1045,1,686.44,92.86,260.25,874.5,1,1,1.0
1046,1,681.52,93.7,255.93000000000006,874.5,1,1,1.0
1047,1,672.0,94.5,258.0,873.75,1,1,1.0
1048,1,659.53,96.84,262.13,870.0,1,1,1.0
1049,1,654.42,97.95,264.19000000000005,870.0,1,1,1.0
1050,1,650.95,99.26,265.88,869.25,1,1,1.0
1051,1,645.61,99.94,269.62,868.5,1,1,1.0
1052,1,636.05,98.62,278.25,869.26,1,1,1.0
1053,1,629.3,98.81,286.31000000000006,869.25,1,1,1.0
1054,1,618.0,99.38,297.0,866.24,1,1,1.0
1055,1,570.28,101.34,345.94000000000005,864.75,1,1,1.0
1056,1,569.44,100.88,346.8699999999999,864.74,1,1,1.0
1057,1,554.62,99.28,360.38,867.0,1,1,1.0
1058,1,554.44,99.38,357.75,867.0,1,1,1.0
1059,1,551.62,99.38,356.63,868.5,1,1,1.0
1060,1,553.31,100.88,350.81000000000006,865.5,1,1,1.0
1061,1,556.03,102.19,341.63,865.5,1,1,1.0
1062,1,556.12,101.53,336.57000000000005,876.75,1,1,1.0
1063,1,548.62,99.09,334.68999999999994,888.0,1,1,1.0
1064,1,546.89,99.47,325.31000000000006,900.0,1,1,1.0
1065,1,547.59,99.8,307.68999999999994,915.0,1,1,1.0
1066,1,547.08,99.19,284.62,924.0,1,1,1.0
1067,1,547.03,98.72,259.13,931.5,1,1,1.0
1068,1,546.66,98.58,252.37,936.7499999999999,1,1,1.0
1069,1,545.3,99.38,249.94000000000005,934.5000000000001,1,1,1.0
1070,1,544.57,99.38,249.55999999999995,934.5000000000001,1,1,1.0
1071,1,542.32,98.58,249.38,936.7499999999999,1,1,1.0
1072,1,540.16,98.25,249.38,936.75,1,1,1.0
1073,1,536.53,98.2,250.13,936.75,1,1,1.0
1074,1,533.93,98.11,250.69000000000005,936.7499999999999,1,1,1.0
1075,1,532.15,99.56,251.06000000000006,934.5,1,1,1.0
1076,1,530.18,99.42,252.19000000000005,934.5000000000001,1,1,1.0
1077,1,528.23,99.7,253.88,934.5,1,1,1.0
1078,1,525.66,99.23,254.43000000000006,936.75,1,1,1.0
1079,1,523.59,98.86,255.93999999999994,936.7499999999999,1,1,1.0
1080,1,521.53,98.81,258.94000000000005,936.75,1,1,1.0
1081,1,519.47,99.89,260.43999999999994,934.5000000000001,1,1,1.0
1082,1,517.41,99.89,262.12,934.5000000000001,1,1,1.0
1083,1,516.66,100.36,262.68000000000006,934.4999999999999,1,1,1.0
1084,1,515.62,100.97,263.82000000000005,933.0,1,1,1.0
1085,1,514.59,101.53,264.38,933.0,1,1,1.0
1086,1,513.09,102.47,266.43999999999994,931.5,1,1,1.0
1087,1,512.81,103.97,267.3800000000001,929.25,1,1,1.0
1088,1,512.16,103.59,267.56000000000006,931.4999999999999,1,1,1.0
1089,1,511.03,104.67,268.31000000000006,929.2500000000001,1,1,1.0
1090,1,510.75,104.48,267.37,931.5,1,1,1.0
1091,1,510.0,105.14,267.55999999999995,931.5000000000001,1,1,1.0
1092,1,508.97,105.19,269.05999999999995,931.5,1,1,1.0
1093,1,508.03,106.03,269.06000000000006,931.5,1,1,1.0
1094,1,506.34,106.31,270.38000000000005,931.5,1,1,1.0
1095,1,505.5,107.34,270.38,929.2499999999999,1,1,1.0
1096,1,503.81,107.72,272.24999999999994,929.25,1,1,1.0
1097,1,502.31,108.05,273.94,927.75,1,1,1.0
1098,1,500.81,109.22,275.99999999999994,926.25,1,1,1.0
1099,1,500.53,109.22,276.19000000000005,926.25,1,1,1.0
1100,1,501.19,109.27,276.56,926.25,1,1,1.0
1101,1,501.94,109.08,276.56,926.2499999999999,1,1,1.0
1102,1,502.88,108.94,276.0,926.25,1,1,1.0
1103,1,504.94,110.39,273.94,924.0000000000001,1,1,1.0
1104,1,507.28,110.53,270.94000000000005,924.0,1,1,1.0
1105,1,508.31,110.95,270.74999999999994,924.0,1,1,1.0
1106,1,509.91,111.8,268.68,922.5,1,1,1.0
1107,1,510.56,111.52,269.06,922.5,1,1,1.0
1108,1,512.34,111.14,267.0,924.0000000000001,1,1,1.0
1109,1,513.19,112.17,266.43999999999994,922.5000000000001,1,1,1.0
1110,1,514.22,111.33,266.05999999999995,923.9999999999999,1,1,1.0
1111,1,514.59,112.08,265.88,922.4999999999999,1,1,1.0
1112,1,516.66,112.55,263.81000000000006,921.0,1,1,1.0
1113,1,517.88,112.03,263.06000000000006,922.5,1,1,1.0
1114,1,519.84,111.38,260.25,922.5000000000001,1,1,1.0
1115,1,521.44,111.47,258.0,921.0,1,1,1.0
1116,1,523.31,111.14,255.3800000000001,921.0000000000001,1,1,1.0
1117,1,524.06,110.25,254.06000000000006,921.0,1,1,1.0
1118,1,524.72,111.42,252.93999999999994,918.7500000000001,1,1,1.0
1119,1,525.0,110.67,252.19000000000005,921.0000000000001,1,1,1.0
1120,1,525.84,111.56,251.63,918.75,1,1,1.0
1121,1,525.94,112.08,251.6199999999999,918.7499999999999,1,1,1.0
1122,1,522.84,111.38,254.63,921.0000000000001,1,1,1.0
1123,1,521.16,111.52,256.31000000000006,921.0,1,1,1.0
1124,1,517.5,111.33,259.69000000000005,920.9999999999999,1,1,1.0
1125,1,515.44,111.0,261.55999999999995,922.5,1,1,1.0
1126,1,516.66,111.14,259.87,922.5000000000001,1,1,1.0
1127,1,514.03,111.23,262.13,922.5,1,1,1.0
1128,1,509.53,111.75,266.06000000000006,921.0,1,1,1.0
1129,1,508.31,111.38,266.44,921.0000000000001,1,1,1.0
1130,1,508.59,111.42,266.63000000000005,921.0000000000001,1,1,1.0
1131,1,510.66,111.14,265.11999999999995,921.0000000000001,1,1,1.0
1132,1,512.34,110.3,263.06999999999994,922.5,1,1,1.0
1133,1,513.38,109.12,262.12,923.9999999999999,1,1,1.0
1134,1,510.19,107.44,265.86999999999995,926.25,1,1,1.0
1135,1,509.34,107.58,266.07,926.2499999999999,1,1,1.0
1136,1,511.69,107.53,263.81,926.25,1,1,1.0
1137,1,512.25,107.53,263.05999999999995,926.25,1,1,1.0
1138,1,513.09,106.78,262.68999999999994,927.75,1,1,1.0
1139,1,516.09,107.53,259.13,926.25,1,1,1.0
1140,1,517.41,107.48,258.18000000000006,926.25,1,1,1.0
1141,1,518.06,107.25,258.19000000000005,926.25,1,1,1.0
1142,1,517.22,107.81,258.55999999999995,926.25,1,1,1.0
1143,1,518.16,108.09,258.0,926.2499999999999,1,1,1.0
1144,1,518.25,107.58,258.19000000000005,926.2499999999999,1,1,1.0
1145,1,518.16,107.62,258.56000000000006,926.2600000000001,1,1,1.0
1146,1,515.53,106.92,261.19000000000005,927.7500000000001,1,1,1.0
1147,1,510.94,106.92,265.86999999999995,927.7500000000001,1,1,1.0
1148,1,515.62,107.48,261.18999999999994,926.25,1,1,1.0
1149,1,491.06,106.41,285.74999999999994,927.7500000000001,1,1,1.0
1150,1,487.69,105.8,288.94,927.75,1,1,1.0
1151,1,498.28,106.69,278.63,926.25,1,1,1.0
1152,1,504.0,107.06,272.25,926.25,1,1,1.0
1153,1,508.88,108.14,267.37,924.0000000000001,1,1,1.0
1154,1,511.22,108.61,264.37,923.9999999999999,1,1,1.0
1155,1,512.06,108.8,263.81000000000006,924.0,1,1,1.0
1156,1,511.69,109.08,264.19,923.9999999999999,1,1,1.0
1157,1,509.44,109.03,266.06,924.0,1,1,1.0
1158,1,506.06,109.92,269.63000000000005,922.5000000000001,1,1,1.0
1159,1,495.66,108.8,280.31,924.0,1,1,1.0
1160,1,485.06,107.34,291.74999999999994,926.2499999999999,1,1,1.0
1161,1,478.59,107.3,297.57,926.25,1,1,1.0
1162,1,480.0,108.52,296.62,924.0,1,1,1.0
1163,1,485.44,108.61,290.81,923.9999999999999,1,1,1.0
1164,1,489.19,109.92,286.69,922.5000000000001,1,1,1.0
1165,1,500.81,110.72,275.06,922.5,1,1,1.0
1166,1,508.69,111.28,267.00000000000006,921.0,1,1,1.0
1167,1,511.41,111.61,263.81,920.9999999999999,1,1,1.0
1168,1,512.44,111.66,263.05999999999995,921.0000000000001,1,1,1.0
1169,1,511.97,111.98,263.43999999999994,921.0,1,1,1.0
1170,1,510.94,113.77,264.19,918.75,1,1,1.0
1171,1,511.41,113.11,263.81,918.7499999999999,1,1,1.0
1172,1,511.12,112.22,263.07000000000005,921.0,1,1,1.0
1173,1,510.28,112.22,263.81000000000006,921.0,1,1,1.0
1174,1,508.31,112.27,265.88000000000005,921.0,1,1,1.0
1175,1,505.97,111.7,268.12,921.0,1,1,1.0
1176,1,504.47,112.17,269.62,921.0000000000001,1,1,1.0
1177,1,503.44,111.42,269.61999999999995,921.0000000000001,1,1,1.0
1178,1,504.75,112.78,269.05999999999995,918.75,1,1,1.0
1179,1,505.5,111.84,267.55999999999995,920.9999999999999,1,1,1.0
1180,1,505.5,112.03,267.55999999999995,921.0,1,1,1.0
1181,1,506.44,112.03,266.44,921.0,1,1,1.0
1182,1,506.34,111.75,267.38000000000005,921.0,1,1,1.0
1183,1,507.56,111.7,266.06,921.0,1,1,1.0
1184,1,508.5,111.89,265.12,921.0000000000001,1,1,1.0
1185,1,509.72,111.84,264.37,920.9999999999999,1,1,1.0
1186,1,510.56,111.42,263.06,921.0000000000001,1,1,1.0
1187,1,510.56,111.7,263.44,921.0,1,1,1.0
1188,1,511.59,111.89,262.69,921.0000000000001,1,1,1.0
1189,1,511.5,112.88,263.05999999999995,918.7399999999999,1,1,1.0
1190,1,510.75,112.83,263.80999999999995,918.7499999999999,1,1,1.0
1191,1,511.03,111.98,263.44000000000005,921.0,1,1,1.0
1192,1,510.09,111.94,264.19,921.0,1,1,1.0
1193,1,509.81,112.03,264.38000000000005,921.0,1,1,1.0
1194,1,500.53,111.8,273.94000000000005,921.0,1,1,1.0
1195,1,481.69,110.39,292.50000000000006,922.5000000000001,1,1,1.0
1196,1,486.19,111.09,288.36999999999995,920.9999999999999,1,1,1.0
1197,1,490.88,111.14,283.67999999999995,921.0000000000001,1,1,1.0
1198,1,494.34,111.33,280.32,920.9999999999999,1,1,1.0
1199,1,496.22,111.47,278.62,921.0,1,1,1.0
1200,1,500.62,112.41,274.13,918.7500000000001,1,1,1.0
1201,1,503.53,111.38,271.88,921.0000000000001,1,1,1.0
1202,1,505.59,111.56,269.63000000000005,921.0,1,1,1.0
1203,1,507.47,111.7,267.37,921.0,1,1,1.0
1204,1,508.12,110.81,267.38,922.5,1,1,1.0
1205,1,509.06,110.86,266.63000000000005,922.4999999999999,1,1,1.0
1206,1,509.53,110.58,266.63,922.4999999999999,1,1,1.0
1207,1,510.47,110.77,266.05999999999995,922.5,1,1,1.0
1208,1,510.84,110.62,265.13000000000005,922.4999999999999,1,1,1.0
1209,1,511.59,111.75,264.75000000000006,921.0,1,1,1.0
1210,1,510.56,111.14,266.44,922.5000000000001,1,1,1.0
1211,1,507.94,110.81,269.06,922.5,1,1,1.0
1212,1,507.19,109.64,269.61999999999995,924.0000000000001,1,1,1.0
1213,1,504.75,109.31,271.87,924.0,1,1,1.0
1214,1,488.81,107.53,288.74999999999994,926.25,1,1,1.0
1215,1,482.62,106.92,294.57000000000005,926.2500000000001,1,1,1.0
1216,1,482.25,106.08,295.5,927.7499999999999,1,1,1.0
1217,1,490.88,106.22,287.24,927.75,1,1,1.0
1218,1,497.72,105.7,280.30999999999995,927.75,1,1,1.0
1219,1,504.94,105.66,273.36999999999995,927.7500000000001,1,1,1.0
1220,1,510.19,105.94,268.11999999999995,927.75,1,1,1.0
1221,1,513.28,105.98,264.38,927.75,1,1,1.0
1222,1,515.53,107.02,261.94000000000005,926.25,1,1,1.0
1223,1,516.28,107.48,261.56000000000006,926.25,1,1,1.0
1224,1,517.41,107.77,260.25,926.25,1,1,1.0
1225,1,517.59,107.44,259.68999999999994,926.25,1,1,1.0
1226,1,517.31,107.48,260.25,926.25,1,1,1.0
1227,1,516.38,106.73,261.92999999999995,927.75,1,1,1.0
1228,1,515.62,107.81,262.68999999999994,926.25,1,1,1.0
1229,1,514.97,108.09,262.68999999999994,926.2499999999999,1,1,1.0
1230,1,514.69,108.23,263.05999999999995,926.25,1,1,1.0
1231,1,514.41,108.38,263.06000000000006,926.2399999999999,1,1,1.0
1232,1,513.66,108.38,264.18000000000006,926.2399999999999,1,1,1.0
1233,1,513.84,108.14,264.75,926.2500000000001,1,1,1.0
1234,1,513.47,108.05,264.37,926.25,1,1,1.0
1235,1,513.09,108.14,265.13,926.2500000000001,1,1,1.0
1236,1,512.62,108.19,265.32000000000005,926.25,1,1,1.0
1237,1,512.34,108.05,264.75,926.25,1,1,1.0
1238,1,512.53,107.02,264.38,927.75,1,1,1.0
1239,1,512.44,107.3,264.18999999999994,927.75,1,1,1.0
1240,1,512.53,107.11,264.19000000000005,927.7499999999999,1,1,1.0
1241,1,512.25,107.25,264.37,927.75,1,1,1.0
1242,1,513.28,107.44,263.44000000000005,927.75,1,1,1.0
1243,1,513.75,107.25,263.05999999999995,927.75,1,1,1.0
1244,1,514.59,107.2,262.68999999999994,927.75,1,1,1.0
1245,1,514.69,107.06,262.68999999999994,927.75,1,1,1.0
1246,1,516.09,106.83,261.18999999999994,927.7499999999999,1,1,1.0
1247,1,516.94,106.83,260.43999999999994,927.7499999999999,1,1,1.0
1248,1,517.22,106.88,260.80999999999995,927.7399999999999,1,1,1.0
1249,1,516.47,107.3,261.93999999999994,926.25,1,1,1.0
1250,1,516.28,106.73,261.56000000000006,927.75,1,1,1.0
1251,1,517.03,106.64,260.44000000000005,927.7500000000001,1,1,1.0
1252,1,516.84,107.2,260.43999999999994,927.75,1,1,1.0
1253,1,516.19,107.3,261.18999999999994,927.75,1,1,1.0
1254,1,515.62,107.34,261.93999999999994,927.7499999999999,1,1,1.0
1255,1,514.5,107.06,263.44000000000005,927.75,1,1,1.0
1256,1,512.81,106.22,264.3800000000001,929.25,1,1,1.0
1257,1,510.94,106.17,266.06,929.2500000000001,1,1,1.0
1258,1,508.88,105.84,268.12,929.2499999999999,1,1,1.0
1259,1,508.03,106.03,269.25,929.25,1,1,1.0
1260,1,507.66,105.61,269.61999999999995,929.2499999999999,1,1,1.0
1261,1,506.62,105.38,271.68999999999994,929.2399999999999,1,1,1.0
1262,1,505.22,104.11,273.55999999999995,931.4999999999999,1,1,1.0
1263,1,503.53,103.83,275.06000000000006,931.4999999999999,1,1,1.0
1264,1,503.53,103.97,275.06000000000006,931.5,1,1,1.0
1265,1,504.09,103.64,273.94,931.5000000000001,1,1,1.0
1266,1,504.09,103.55,274.69,931.5,1,1,1.0
1267,1,505.31,103.59,273.56,931.4999999999999,1,1,1.0
1268,1,505.31,103.03,273.38000000000005,933.0,1,1,1.0
1269,1,505.31,102.66,272.99999999999994,933.0000000000001,1,1,1.0
1270,1,505.22,102.8,272.62,933.0,1,1,1.0
1271,1,505.5,102.66,271.88,933.0000000000001,1,1,1.0
1272,1,506.06,102.98,271.88000000000005,933.0,1,1,1.0
1273,1,505.31,102.89,272.24999999999994,931.5000000000001,1,1,1.0
1274,1,505.69,103.22,271.69,931.5,1,1,1.0
1275,1,505.31,102.19,272.24999999999994,933.0,1,1,1.0
1276,1,505.78,102.42,271.88,933.0000000000001,1,1,1.0
1277,1,504.75,102.19,273.37,933.0,1,1,1.0
1278,1,506.06,102.14,271.31,933.0000000000001,1,1,1.0
1279,1,506.72,102.23,270.75,933.0,1,1,1.0
1280,1,509.06,103.31,268.69,931.5,1,1,1.0
1281,1,508.5,103.45,269.62,931.5,1,1,1.0
1282,1,506.91,103.03,271.31,933.0,1,1,1.0
1283,1,506.06,103.5,271.69,931.5,1,1,1.0
1284,1,506.16,103.59,271.68,931.4999999999999,1,1,1.0
1285,1,505.88,103.08,271.87,932.9999999999999,1,1,1.0
1286,1,505.69,103.17,271.86999999999995,933.0000000000001,1,1,1.0
1287,1,506.62,102.84,270.93999999999994,932.9999999999999,1,1,1.0
1288,1,507.66,102.66,269.61999999999995,933.0000000000001,1,1,1.0
1289,1,507.09,102.8,270.38000000000005,933.0,1,1,1.0
1290,1,507.09,102.7,270.75000000000006,933.0,1,1,1.0
1291,1,505.5,102.23,271.88,934.5,1,1,1.0
1292,1,502.69,103.08,273.94,932.9999999999999,1,1,1.0
1293,1,501.84,103.31,275.07,933.0,1,1,1.0
1294,1,500.72,103.45,276.55999999999995,933.0,1,1,1.0
1295,1,501.56,103.55,275.24999999999994,933.0,1,1,1.0
1296,1,502.22,103.03,274.68999999999994,933.0,1,1,1.0
1297,1,502.41,102.52,275.06,934.5,1,1,1.0
1298,1,504.28,102.47,272.63,934.5,1,1,1.0
1299,1,503.72,102.19,273.0,934.5,1,1,1.0
1300,1,506.72,102.7,270.37,934.5,1,1,1.0
1301,1,508.5,102.61,268.30999999999995,934.4999999999999,1,1,1.0
1302,1,510.75,102.28,266.05999999999995,934.5,1,1,1.0
1303,1,512.25,102.56,264.75,934.5,1,1,1.0
1304,1,513.75,102.61,263.05999999999995,934.4999999999999,1,1,1.0
1305,1,514.22,102.66,261.93999999999994,934.5000000000001,1,1,1.0
1306,1,514.5,102.47,262.12,934.5,1,1,1.0
1307,1,514.78,102.47,261.56000000000006,934.5,1,1,1.0
1308,1,515.16,102.56,261.18000000000006,934.5,1,1,1.0
1309,1,514.88,102.09,261.56000000000006,934.4999999999999,1,1,1.0
1310,1,514.88,101.81,261.56000000000006,934.5,1,1,1.0
1311,1,514.88,102.05,261.17999999999995,934.5,1,1,1.0
1312,1,514.31,101.95,261.94000000000005,934.5,1,1,1.0
1313,1,513.84,101.95,262.13,934.5,1,1,1.0
1314,2,1009.57,2.51,132.27999999999986,418.12,1,1,1.0
1314,1,514.41,101.91,261.18000000000006,934.5000000000001,1,1,1.0
1315,2,1010.79,0.77,120.55999999999995,420.38,1,1,1.0
1315,1,514.78,102.38,260.81000000000006,934.5000000000001,1,1,1.0
1316,2,1012.76,-0.38,115.69000000000005,422.63,1,1,1.0
1316,1,514.59,102.14,261.18999999999994,934.5000000000001,1,1,1.0
1317,2,1013.91,-1.99,114.28000000000009,425.25,1,1,1.0
1317,1,514.12,102.05,262.13,934.5,1,1,1.0
1318,2,1011.07,-0.84,106.21999999999991,428.25,1,1,1.0
1318,1,513.75,102.0,262.13,934.5,1,1,1.0
1319,2,1008.45,-1.88,107.80999999999995,432.0,1,1,1.0
1319,1,513.75,101.95,261.94000000000005,934.5,1,1,1.0
1320,2,1001.48,-2.95,113.25,438.0,1,1,1.0
1320,1,514.12,101.91,261.57000000000005,934.5000000000001,1,1,1.0
1321,2,991.31,-1.08,126.27999999999997,439.88,1,1,1.0
1321,1,514.59,101.67,261.18999999999994,934.5000000000001,1,1,1.0
1322,2,985.31,-0.38,128.05999999999995,443.26,1,1,1.0
1322,1,515.34,101.62,260.81999999999994,934.4999999999999,1,1,1.0
1323,2,975.0,1.66,135.75,439.5,1,1,1.0
1323,1,516.28,101.81,259.88,934.5,1,1,1.0
1324,2,966.05,2.74,141.37000000000012,435.75,1,1,1.0
1324,1,516.47,101.95,259.87,934.5,1,1,1.0
1325,2,961.64,2.95,141.38,437.25,1,1,1.0
1325,1,516.66,101.86,259.68000000000006,934.4999999999999,1,1,1.0
1326,2,956.53,2.79,141.94000000000005,439.87,1,1,1.0
1326,1,516.75,101.81,259.13,934.5,1,1,1.0
1327,2,952.29,1.36,143.1500000000001,446.62,1,1,1.0
1327,1,516.09,101.58,259.68999999999994,934.4999999999999,1,1,1.0
1328,2,948.63,1.01,144.57000000000005,452.62,1,1,1.0
1328,1,515.91,101.44,260.25,934.5,1,1,1.0
1329,2,943.92,1.12,147.7500000000001,457.5,1,1,1.0
1329,1,515.81,101.39,260.44000000000005,934.5000000000001,1,1,1.0
1330,2,941.34,1.17,149.82000000000005,459.75,1,1,1.0
1330,1,516.28,101.81,259.88,934.5,1,1,1.0
1331,2,939.23,2.2,150.19000000000005,460.13,1,1,1.0
1331,1,517.31,101.86,259.1300000000001,934.4999999999999,1,1,1.0
1332,2,937.08,2.58,150.56000000000006,460.12,1,1,1.0
1332,1,517.22,102.66,259.12,933.0000000000001,1,1,1.0
1333,2,931.99,3.33,153.27999999999997,459.75,1,1,1.0
1333,1,516.94,102.14,259.8699999999999,934.5000000000001,1,1,1.0
1334,2,928.83,2.53,153.27999999999986,459.75,1,1,1.0
1334,1,516.94,102.23,259.68999999999994,934.5,1,1,1.0
1335,2,925.08,2.81,153.7499999999999,460.88,1,1,1.0
1335,1,517.12,102.05,259.68999999999994,934.5,1,1,1.0
1336,2,919.97,2.09,154.02999999999997,461.62,1,1,1.0
1336,1,517.22,102.0,259.12,934.5,1,1,1.0
1337,2,917.06,2.44,153.0,460.87,1,1,1.0
1337,1,517.03,102.7,258.94000000000005,933.0,1,1,1.0
1338,2,911.2,2.67,153.8499999999999,460.88,1,1,1.0
1338,1,516.56,101.77,259.8800000000001,934.5,1,1,1.0
1339,2,908.11,3.56,153.7499999999999,461.25,1,1,1.0
1339,1,516.38,102.23,260.24,934.5,1,1,1.0
1340,2,904.55,4.83,153.0,458.62,1,1,1.0
1340,1,515.53,101.91,261.56000000000006,934.5000000000001,1,1,1.0
1341,2,899.53,3.38,154.5,459.0,1,1,1.0
1341,1,515.81,101.72,261.19000000000005,934.5,1,1,1.0
1342,2,893.41,2.86,156.57000000000005,459.0,1,1,1.0
1342,1,515.53,101.67,262.13,934.5000000000001,1,1,1.0
1343,2,877.08,4.17,169.31000000000006,459.75,1,1,1.0
1343,1,515.91,101.62,261.18000000000006,934.4999999999999,1,1,1.0
1344,2,863.34,2.11,179.63,465.75,1,1,1.0
1344,1,514.88,101.58,262.12,934.4999999999999,1,1,1.0
1345,2,851.58,3.09,187.59000000000003,467.25,1,1,1.0
1345,1,515.25,101.81,262.13,934.5,1,1,1.0
1346,2,843.7,2.25,190.87999999999988,472.87,1,1,1.0
1346,1,516.28,100.5,261.56000000000006,936.75,1,1,1.0
1347,2,841.12,3.05,189.29000000000008,476.62,1,1,1.0
1347,1,517.41,100.88,259.68000000000006,936.7399999999999,1,1,1.0
1348,2,840.4,3.05,183.7500000000001,480.75,1,1,1.0
1348,1,517.97,101.91,259.68999999999994,934.5000000000001,1,1,1.0
1349,2,839.18,5.25,180.38,486.0,1,1,1.0
1349,1,517.41,100.64,260.25,936.7500000000001,1,1,1.0
1350,2,839.3,-0.26,175.7800000000001,497.25,1,1,1.0
1350,1,517.78,100.73,259.88,936.75,1,1,1.0
1351,2,839.34,-1.55,172.68999999999994,501.38,1,1,1.0
1351,1,518.16,100.55,258.93000000000006,936.75,1,1,1.0
1352,2,840.38,0.19,168.17999999999995,499.87,1,1,1.0
1352,1,517.97,100.36,259.87,936.7499999999999,1,1,1.0
1353,2,841.03,-1.17,163.31000000000006,501.37,1,1,1.0
1353,1,517.78,100.59,259.69000000000005,936.7499999999999,1,1,1.0
1354,2,840.7,-1.17,160.77999999999997,502.12,1,1,1.0
1354,1,518.91,100.27,258.56000000000006,936.75,1,1,1.0
1355,2,839.06,-0.94,159.75,502.13,1,1,1.0
1355,1,518.44,100.45,258.93999999999994,936.75,1,1,1.0
1356,2,837.19,-1.24,158.25,502.12,1,1,1.0
1356,1,519.0,100.41,258.55999999999995,936.7500000000001,1,1,1.0
1357,2,830.95,-1.5,161.52999999999997,502.5,1,1,1.0
1357,1,519.75,100.03,257.63,936.75,1,1,1.0
1358,2,822.98,-2.16,168.47000000000003,506.63000000000005,1,1,1.0
1358,1,520.31,100.31,256.8800000000001,936.75,1,1,1.0
1359,2,817.59,-0.75,172.02999999999997,503.63,1,1,1.0
1359,1,520.22,100.27,256.87,936.75,1,1,1.0
1360,2,811.03,-0.47,178.69000000000005,502.13000000000005,1,1,1.0
1360,1,520.03,100.5,257.44000000000005,936.75,1,1,1.0
1361,2,802.5,0.28,187.12,503.63000000000005,1,1,1.0
1361,1,519.84,100.17,257.43999999999994,936.7500000000001,1,1,1.0
1362,2,795.7,5.84,191.52999999999997,500.25,1,1,1.0
1362,1,520.88,100.27,256.31000000000006,936.75,1,1,1.0
1363,2,786.82,3.56,199.88,516.3800000000001,1,1,1.0
1363,1,521.53,101.58,255.94000000000005,934.4999999999999,1,1,1.0
1364,2,781.01,6.59,203.62,520.12,1,1,1.0
1364,1,521.25,101.58,255.75,934.4999999999999,1,1,1.0
1365,2,774.98,4.8,208.13,528.0,1,1,1.0
1365,1,522.0,101.39,255.19000000000005,934.5000000000001,1,1,1.0
1366,2,772.31,3.96,210.0,529.13,1,1,1.0
1366,1,521.81,101.53,255.94000000000005,934.5,1,1,1.0
1367,2,770.09,2.62,210.92999999999995,533.63,1,1,1.0
1367,1,521.34,101.16,256.31999999999994,934.5000000000001,1,1,1.0
1368,2,768.59,1.36,211.12,540.0,1,1,1.0
1368,1,521.06,101.34,256.31000000000006,934.4999999999999,1,1,1.0
1369,2,767.34,0.54,211.88,543.75,1,1,1.0
1369,1,520.97,101.67,256.87,934.5000000000001,1,1,1.0
1370,2,767.48,1.5,211.5,550.12,1,1,1.0
1370,1,520.22,101.34,257.43999999999994,934.4999999999999,1,1,1.0
1371,2,768.68,1.69,210.19000000000005,554.25,1,1,1.0
1371,1,520.5,101.39,257.44000000000005,934.5000000000001,1,1,1.0
1372,2,770.37,0.84,208.5,558.0,1,1,1.0
1372,1,520.22,101.44,257.62,934.5,1,1,1.0
1373,2,772.22,1.69,205.68999999999994,559.1199999999999,1,1,1.0
1373,1,519.94,101.16,257.6199999999999,934.5000000000001,1,1,1.0
1374,2,774.75,1.12,202.69000000000005,561.0,1,1,1.0
1374,1,520.22,101.11,257.43999999999994,934.4999999999999,1,1,1.0
1375,2,777.91,1.08,199.13,560.25,1,1,1.0
1375,1,520.31,100.78,257.44000000000005,934.5,1,1,1.0
1376,2,782.23,0.52,194.80999999999995,560.25,1,1,1.0
1376,1,519.94,99.8,257.6199999999999,936.75,1,1,1.0
1377,2,789.73,0.23,188.05999999999995,560.25,1,1,1.0
1377,1,518.72,100.92,259.12,934.5000000000001,1,1,1.0
1378,2,793.97,-0.05,183.55999999999995,561.0,1,1,1.0
1378,1,518.34,100.73,259.68999999999994,934.5,1,1,1.0
1379,2,796.08,-0.38,180.75,562.13,1,1,1.0
1379,1,517.69,101.06,260.25,934.5,1,1,1.0
1380,2,794.32,-0.52,182.25,561.38,1,1,1.0
1380,1,516.47,99.8,261.55999999999995,936.75,1,1,1.0
1381,2,789.94,-0.84,186.75,562.12,1,1,1.0
1381,1,514.88,99.89,262.5,936.7500000000001,1,1,1.0
1382,2,787.06,-0.19,189.37,566.25,1,1,1.0
1382,1,514.12,101.2,263.43999999999994,934.5,1,1,1.0
1383,2,782.93,1.55,192.94000000000005,577.87,1,1,1.0
1383,1,513.66,99.98,263.81000000000006,936.75,1,1,1.0
1384,2,777.75,3.28,197.63,586.88,1,1,1.0
1384,1,512.91,99.8,265.12,936.75,1,1,1.0
1385,2,778.15,5.6,197.62,596.63,1,1,1.0
1385,1,512.06,99.98,266.06000000000006,936.75,1,1,1.0
1386,2,774.91,9.21,201.19000000000005,601.88,1,1,1.0
1386,1,511.88,99.8,266.42999999999995,936.75,1,1,1.0
1386,3,1016.67,10.83,131.15999999999997,455.25,1,1,1.0
1387,2,771.77,11.77,204.0,606.75,1,1,1.0
1387,1,511.88,99.94,265.87,936.75,1,1,1.0
1387,3,1013.3,8.23,133.77999999999997,460.87,1,1,1.0
1388,2,768.8,13.9,208.12,612.75,1,1,1.0
1388,1,511.41,99.89,266.43,936.7500000000001,1,1,1.0
1388,3,1017.16,7.88,110.25000000000011,458.62,1,1,1.0
1389,2,765.02,16.05,213.38,610.88,1,1,1.0
1389,1,511.12,99.28,266.63,938.25,1,1,1.0
1389,3,1014.4,6.8,108.00000000000011,459.75,1,1,1.0
1390,2,761.56,18.47,217.87,619.12,1,1,1.0
1390,1,510.84,99.98,267.57,936.75,1,1,1.0
1390,3,1010.48,5.67,112.30999999999995,460.88,1,1,1.0
1391,2,760.38,19.59,222.0,629.25,1,1,1.0
1391,1,510.47,100.03,268.30999999999995,936.75,1,1,1.0
1391,3,1005.26,3.66,117.27999999999997,460.86999999999995,1,1,1.0
1392,2,759.23,21.52,227.43999999999994,632.25,1,1,1.0
1392,1,510.0,99.8,268.69000000000005,936.75,1,1,1.0
1392,3,994.06,4.59,130.59000000000015,459.0,1,1,1.0
1393,2,758.98,21.28,231.75,633.0,1,1,1.0
1393,1,509.34,100.92,269.82,934.5000000000001,1,1,1.0
1393,3,989.72,5.34,139.22000000000003,460.13000000000005,1,1,1.0
1394,2,758.13,19.64,234.57000000000005,636.0,1,1,1.0
1394,1,509.62,101.02,269.63,934.5,1,1,1.0
1394,3,986.16,2.48,130.59000000000003,463.88,1,1,1.0
1395,2,758.2,18.89,236.25,636.75,1,1,1.0
1395,1,509.72,101.81,269.62,933.0,1,1,1.0
1395,3,980.81,2.91,134.35000000000014,464.61999999999995,1,1,1.0
1396,2,758.56,17.58,237.74,638.62,1,1,1.0
1396,1,510.09,102.23,269.82,933.0,1,1,1.0
1396,3,965.62,3.52,147.93999999999994,464.62,1,1,1.0
1397,2,760.12,16.64,236.82000000000005,638.63,1,1,1.0
1397,1,510.09,102.14,270.38000000000005,933.0000000000001,1,1,1.0
1397,3,964.31,4.17,150.47000000000003,466.88,1,1,1.0
1398,2,763.45,15.56,235.5,640.1300000000001,1,1,1.0
1398,1,511.03,102.8,269.81000000000006,931.5,1,1,1.0
1398,3,962.44,2.72,151.1199999999999,474.0,1,1,1.0
1399,2,766.85,14.3,233.43999999999994,643.12,1,1,1.0
1399,1,511.12,102.94,269.63,931.5,1,1,1.0
1399,3,966.42,3.38,142.7800000000001,475.87,1,1,1.0
1400,2,770.79,15.19,231.19000000000005,637.8699999999999,1,1,1.0
1400,1,511.59,103.03,269.63000000000005,931.5,1,1,1.0
1400,3,966.66,2.58,138.45999999999992,482.62,1,1,1.0
1401,2,776.53,16.03,228.38,637.5,1,1,1.0
1401,1,511.31,103.22,269.63000000000005,931.5,1,1,1.0
1401,3,964.78,1.03,138.66000000000008,482.25,1,1,1.0
1402,2,782.2,19.99,223.5,640.5,1,1,1.0
1402,1,511.03,103.22,269.63,931.5,1,1,1.0
1402,3,961.5,-0.47,139.8800000000001,483.38000000000005,1,1,1.0
1403,2,784.64,19.62,222.38,655.5,1,1,1.0
1403,1,511.12,104.3,269.07000000000005,929.25,1,1,1.0
1403,3,957.12,1.31,140.2499999999999,481.5,1,1,1.0
1404,2,789.7,23.48,219.38,663.0,1,1,1.0
1404,1,511.31,104.91,269.24999999999994,929.2500000000001,1,1,1.0
1404,3,954.21,1.97,140.25,474.0,1,1,1.0
1405,2,793.88,26.2,220.87,666.38,1,1,1.0
1405,1,509.91,104.44,270.36999999999995,929.25,1,1,1.0
1405,3,948.56,-2.06,146.80999999999995,476.25,1,1,1.0
1406,2,796.73,30.09,225.0,666.75,1,1,1.0
1406,1,508.88,104.06,271.87,929.25,1,1,1.0
1406,3,947.25,-2.91,146.6300000000001,474.75,1,1,1.0
1407,2,799.31,33.14,227.6300000000001,672.75,1,1,1.0
1407,1,508.22,104.02,272.25,929.25,1,1,1.0
1407,3,946.92,-3.75,145.60000000000002,477.37,1,1,1.0
1408,2,805.12,36.56,224.43999999999994,671.6300000000001,1,1,1.0
1408,1,506.91,104.34,273.93,929.2499999999999,1,1,1.0
1408,3,956.39,-3.84,135.2800000000001,480.75,1,1,1.0
1409,2,808.97,40.45,222.3699999999999,675.75,1,1,1.0
1409,1,505.5,104.58,274.69000000000005,929.2499999999999,1,1,1.0
1409,3,961.88,-3.56,129.37,480.75,1,1,1.0
1410,2,814.03,43.64,219.55999999999995,687.38,1,1,1.0
1410,1,502.59,104.48,277.32,929.25,1,1,1.0
1410,3,964.88,-3.28,124.67999999999995,483.75,1,1,1.0
1411,2,819.09,44.95,217.4999999999999,696.75,1,1,1.0
1411,1,500.53,104.3,279.0,929.25,1,1,1.0
1411,3,967.55,-1.97,121.40000000000009,496.88000000000005,1,1,1.0
1412,2,823.97,45.84,215.05999999999995,696.75,1,1,1.0
1412,1,499.22,104.48,280.87,929.25,1,1,1.0
1412,3,968.48,-0.94,120.09999999999991,495.75,1,1,1.0
1413,2,828.66,44.2,214.12,700.5,1,1,1.0
1413,1,498.75,104.39,280.87,929.2500000000001,1,1,1.0
1413,3,972.05,0.89,115.22000000000003,400.5,1,1,1.0
1414,2,835.1,42.38,214.88,704.62,1,1,1.0
1414,1,498.19,104.62,282.00000000000006,929.2600000000001,1,1,1.0
1415,2,840.54,43.12,218.25,702.76,1,1,1.0
1415,1,498.66,104.81,280.86999999999995,929.25,1,1,1.0
1416,2,844.34,42.7,220.31000000000006,702.38,1,1,1.0
1416,1,498.66,104.95,281.43,929.25,1,1,1.0
1417,2,848.41,40.36,221.43999999999994,704.62,1,1,1.0
1417,1,498.0,105.28,281.62,929.25,1,1,1.0
1418,2,851.11,40.12,222.37,704.63,1,1,1.0
1418,1,498.66,105.28,280.49999999999994,929.25,1,1,1.0
1419,2,851.44,39.94,228.75,704.6199999999999,1,1,1.0
1419,1,499.31,105.47,280.49999999999994,929.25,1,1,1.0
1420,2,850.97,39.66,234.75,714.0,1,1,1.0
1420,1,499.41,105.8,280.49999999999994,929.25,1,1,1.0
1421,2,849.75,39.66,241.8699999999999,736.87,1,1,1.0
1421,1,499.03,105.84,279.94000000000005,929.2499999999999,1,1,1.0
1422,2,849.56,39.19,247.69000000000005,757.5,1,1,1.0
1422,1,498.84,105.47,280.50000000000006,929.25,1,1,1.0
1423,2,849.14,39.19,251.63,781.5,1,1,1.0
1423,1,499.88,104.48,278.62,931.5,1,1,1.0
1424,2,847.97,40.31,258.55999999999995,792.0,1,1,1.0
1424,1,500.16,104.77,278.61999999999995,931.5,1,1,1.0
1425,2,848.06,44.67,263.05999999999995,796.5,1,1,1.0
1425,1,499.41,104.53,279.93,931.5,1,1,1.0
1426,2,849.19,50.53,267.55999999999995,804.0,1,1,1.0
1426,1,499.22,104.72,279.37,931.5,1,1,1.0
1427,2,850.12,59.16,270.38,815.25,1,1,1.0
1427,1,500.53,104.72,278.25,931.5,1,1,1.0
1428,2,852.47,69.8,271.30999999999995,813.75,1,1,1.0
1428,1,500.16,104.44,278.24999999999994,933.0,1,1,1.0
1428,3,972.05,0.89,115.22000000000003,400.5,1,1,1.0
1429,2,854.77,74.2,273.0,823.5,1,1,1.0
1429,1,499.69,104.77,277.86999999999995,931.5,1,1,1.0
1429,3,884.58,1.38,208.4999999999999,240.75,1,1,1.0
1430,2,857.11,75.8,275.62,824.25,1,1,1.0
1430,1,499.59,104.72,278.63000000000005,931.5,1,1,1.0
1430,3,884.58,1.92,208.87,242.63000000000002,1,1,1.0
1431,2,858.33,73.08,278.2499999999999,827.25,1,1,1.0
1431,1,500.44,104.86,277.31,931.4999999999999,1,1,1.0
1431,3,884.39,1.03,207.7500000000001,245.44,1,1,1.0
1432,2,861.61,71.53,280.87,828.75,1,1,1.0
1432,1,501.28,104.95,276.56000000000006,931.5,1,1,1.0
1432,3,884.44,0.54,206.6199999999999,249.75,1,1,1.0
1433,2,864.84,69.56,280.4999999999999,829.5,1,1,1.0
1433,1,501.75,103.97,276.0,933.0,1,1,1.0
1433,3,882.8,-1.03,206.05999999999995,254.62,1,1,1.0
1434,2,868.41,64.88,279.56000000000006,834.74,1,1,1.0
1434,1,501.47,104.58,276.55999999999995,931.4999999999999,1,1,1.0
1434,3,880.27,-1.88,179.80999999999995,263.44,1,1,1.0
1435,2,873.47,66.47,278.6199999999999,831.75,1,1,1.0
1435,1,500.91,104.34,276.93,932.9999999999999,1,1,1.0
1435,3,878.67,0.47,162.2800000000001,283.30999999999995,1,1,1.0
1436,2,878.25,66.98,277.30999999999995,829.5,1,1,1.0
1436,1,499.59,105.05,277.88000000000005,931.5,1,1,1.0
1436,3,872.02,-1.71,154.30999999999995,304.5,1,1,1.0
1437,2,880.59,66.61,277.68999999999994,830.25,1,1,1.0
1437,1,499.41,104.72,277.68,931.5,1,1,1.0
1437,3,869.39,-2.67,150.0,313.69,1,1,1.0
1438,2,884.06,70.45,278.25,826.5,1,1,1.0
1438,1,499.59,104.11,278.25000000000006,932.9999999999999,1,1,1.0
1438,3,865.22,-1.78,151.58999999999992,322.69,1,1,1.0
1439,2,888.47,74.67,277.8699999999999,822.75,1,1,1.0
1439,1,499.03,104.16,278.63,933.0000000000001,1,1,1.0
1439,3,859.92,-0.75,154.31000000000006,327.75,1,1,1.0
1440,2,893.25,79.41,276.55999999999995,833.25,1,1,1.0
1440,1,499.97,104.16,277.87,933.0000000000001,1,1,1.0
1440,3,854.72,-0.09,157.77999999999997,335.42999999999995,1,1,1.0
1441,2,896.62,84.75,275.63,853.5,1,1,1.0
1441,1,500.44,103.45,277.31,933.0,1,1,1.0
1441,3,848.67,0.94,164.5300000000001,335.81,1,1,1.0
1442,2,900.66,86.16,277.87,876.75,1,1,1.0
1442,1,501.38,102.56,276.56000000000006,933.0,1,1,1.0
1442,3,844.83,1.03,169.9699999999999,342.75,1,1,1.0
1443,2,903.38,90.38,283.12,882.74,1,1,1.0
1443,1,502.03,102.7,275.25,933.0,1,1,1.0
1443,3,840.42,-2.55,174.19000000000005,362.62,1,1,1.0
1444,2,906.47,97.92,293.80999999999995,888.75,1,1,1.0
1444,1,501.94,102.38,275.25000000000006,933.0000000000001,1,1,1.0
1445,2,916.31,103.88,288.3800000000001,894.74,1,1,1.0
1445,1,502.22,102.7,276.0,933.0,1,1,1.0
1446,2,922.97,108.84,283.69000000000005,908.25,1,1,1.0
1446,1,501.94,101.2,275.61999999999995,934.5,1,1,1.0
1446,3,829.69,0.28,199.8699999999999,670.5,1,1,1.0
1447,2,928.88,116.95,277.31000000000006,918.75,1,1,1.0
1447,1,501.84,101.39,276.00000000000006,934.5000000000001,1,1,1.0
1447,3,827.72,1.59,207.3699999999999,685.13,1,1,1.0
1448,2,936.09,123.56,275.9999999999999,934.5,1,1,1.0
1448,1,502.88,101.81,274.12,933.0,1,1,1.0
1448,3,827.06,7.34,215.80999999999995,679.87,1,1,1.0
1449,2,943.41,124.88,275.2500000000001,942.0000000000001,1,1,1.0
1449,1,502.31,101.02,274.69,934.5,1,1,1.0
1449,3,827.34,9.23,223.13,679.13,1,1,1.0
1450,2,948.42,124.78,277.88,942.0,1,1,1.0
1450,1,502.12,101.16,275.26,934.5000000000001,1,1,1.0
1450,3,830.06,12.38,228.75,676.87,1,1,1.0
1451,2,955.83,121.69,277.87,948.0,1,1,1.0
1451,1,501.38,101.25,276.17999999999995,934.5,1,1,1.0
1451,3,831.09,11.86,231.93999999999994,724.12,1,1,1.0
1452,2,959.44,122.72,282.55999999999995,948.0,1,1,1.0
1452,1,501.0,101.2,276.55999999999995,934.5,1,1,1.0
1452,3,831.94,14.11,233.6199999999999,727.87,1,1,1.0
1453,2,958.97,124.97,293.05999999999995,946.5,1,1,1.0
1453,1,501.38,100.27,276.0,936.75,1,1,1.0
1453,3,833.16,18.84,234.7500000000001,679.13,1,1,1.0
1454,2,957.47,124.31,309.94000000000005,948.0,1,1,1.0
1454,1,500.25,101.34,277.69000000000005,934.4999999999999,1,1,1.0
1454,3,834.84,19.64,238.13,682.13,1,1,1.0
1455,2,956.06,124.12,322.30999999999995,947.9999999999999,1,1,1.0
1455,1,502.31,101.34,275.24999999999994,934.4999999999999,1,1,1.0
1455,3,837.0,19.22,240.3800000000001,692.25,1,1,1.0
1456,2,955.12,125.16,333.38,946.5000000000001,1,1,1.0
1456,1,502.59,101.34,274.69,934.4999999999999,1,1,1.0
1456,3,838.31,18.89,240.3800000000001,693.0,1,1,1.0
1457,2,951.47,126.75,349.5,944.25,1,1,1.0
1457,1,503.72,101.72,273.93999999999994,934.5,1,1,1.0
1457,3,838.31,18.8,249.0,680.62,1,1,1.0
1458,2,950.16,130.03,360.7500000000001,942.0,1,1,1.0
1458,1,504.19,102.05,273.56,934.5,1,1,1.0
1458,3,837.38,19.55,254.62,691.5,1,1,1.0
1459,2,950.25,134.25,367.8699999999999,936.75,1,1,1.0
1459,1,505.03,100.73,273.0,936.75,1,1,1.0
1459,3,837.14,20.77,258.56000000000006,698.25,1,1,1.0
1460,2,951.19,136.69,375.75,934.5,1,1,1.0
1460,1,504.38,101.77,274.12,934.5,1,1,1.0
1460,3,838.59,22.12,257.63,731.63,1,1,1.0
1461,2,949.78,144.0,388.1300000000001,927.75,1,1,1.0
1461,1,505.31,101.53,272.99999999999994,934.5,1,1,1.0
1461,3,840.28,25.22,259.1300000000001,748.12,1,1,1.0
1462,2,950.88,150.19,392.2500000000001,921.0,1,1,1.0
1462,1,506.72,102.19,271.68999999999994,934.5,1,1,1.0
1462,3,840.38,29.53,263.06000000000006,758.25,1,1,1.0
1463,2,953.62,157.22,396.7600000000001,913.5,1,1,1.0
1463,1,507.75,102.28,269.80999999999995,934.5,1,1,1.0
1463,3,841.83,30.75,262.12,784.5,1,1,1.0
1464,2,960.56,161.91,400.5,909.7500000000001,1,1,1.0
1464,1,508.12,102.52,269.63,934.5,1,1,1.0
1464,3,843.98,35.25,258.94000000000005,812.25,1,1,1.0
1465,2,966.0,173.53,399.3800000000001,898.5,1,1,1.0
1465,1,510.47,102.14,267.37,934.5000000000001,1,1,1.0
1465,3,846.7,37.17,258.19000000000005,834.0,1,1,1.0
1466,2,966.75,180.94,403.8699999999999,893.25,1,1,1.0
1466,1,511.41,101.77,266.43,934.5,1,1,1.0
1466,3,850.22,40.55,255.3699999999999,849.0,1,1,1.0
1467,2,967.88,187.36,406.5000000000001,887.2499999999999,1,1,1.0
1467,1,511.88,102.52,266.06000000000006,934.5,1,1,1.0
1467,3,851.34,42.52,256.32000000000005,855.75,1,1,1.0
1468,2,965.16,189.91,413.2500000000001,884.2500000000001,1,1,1.0
1468,1,512.44,101.11,265.8699999999999,936.7499999999999,1,1,1.0
1468,3,850.27,45.28,255.18000000000006,856.5,1,1,1.0
1469,2,972.84,191.51,410.2499999999999,882.75,1,1,1.0
1469,1,512.53,102.28,266.63,934.5,1,1,1.0
1469,3,847.92,47.11,255.18999999999994,871.5,1,1,1.0
1470,2,976.88,192.02,409.5000000000001,881.25,1,1,1.0
1470,1,511.69,101.16,267.36999999999995,936.7500000000001,1,1,1.0
1470,3,845.25,48.28,256.30999999999995,869.25,1,1,1.0
1471,2,978.14,191.81,410.63,882.0,1,1,1.0
1471,1,510.19,101.44,267.56,936.75,1,1,1.0
1471,3,842.44,47.53,255.19000000000005,863.25,1,1,1.0
1472,2,978.19,192.05,412.5,882.75,1,1,1.0
1472,1,509.72,100.97,268.68999999999994,936.75,1,1,1.0
1472,3,839.91,46.41,252.17999999999995,878.25,1,1,1.0
1473,2,977.16,191.93,415.5000000000001,882.75,1,1,1.0
1473,1,508.59,100.59,269.07,936.7499999999999,1,1,1.0
1473,3,835.59,46.78,254.43999999999994,882.75,1,1,1.0
1474,2,975.47,191.62,419.6199999999999,883.4999999999999,1,1,1.0
1474,1,507.0,100.88,270.94000000000005,936.7399999999999,1,1,1.0
1474,3,831.47,45.42,257.44000000000005,881.25,1,1,1.0
1475,2,971.02,191.46,427.5,882.75,1,1,1.0
1475,1,506.62,100.97,271.32000000000005,936.75,1,1,1.0
1475,3,828.94,44.25,259.8699999999999,882.75,1,1,1.0
1476,2,965.25,192.54,436.5,882.0,1,1,1.0
1476,1,507.0,102.19,270.94000000000005,934.5,1,1,1.0
1476,3,827.25,43.97,262.1300000000001,887.25,1,1,1.0
1477,2,965.2,197.3,442.5,876.75,1,1,1.0
1477,1,507.56,101.72,269.81,934.5,1,1,1.0
1477,3,824.91,45.84,264.37,904.5,1,1,1.0
1478,2,961.27,200.53,451.5,873.75,1,1,1.0
1478,1,506.34,101.62,270.94,934.4999999999999,1,1,1.0
1478,3,823.5,45.38,266.44000000000005,909.74,1,1,1.0
1479,2,959.58,205.73,455.9999999999999,868.5,1,1,1.0
1479,1,505.59,101.95,271.69,933.0,1,1,1.0
1479,3,821.25,46.73,270.94000000000005,885.0,1,1,1.0
1480,2,957.61,212.67,460.87,861.0000000000001,1,1,1.0
1480,1,506.25,102.8,270.94000000000005,931.5,1,1,1.0
1480,3,819.47,45.75,277.30999999999995,888.0,1,1,1.0
1481,2,953.48,219.09,468.0,854.2499999999999,1,1,1.0
1481,1,506.53,102.56,270.94000000000005,933.0,1,1,1.0
1481,3,821.77,49.59,282.0,797.25,1,1,1.0
1482,2,952.36,226.59,473.2499999999999,846.7499999999999,1,1,1.0
1482,1,507.19,103.17,270.36999999999995,933.0000000000001,1,1,1.0
1482,3,823.92,55.57,284.63,754.5,1,1,1.0
1483,2,949.31,234.28,482.6300000000001,840.0,1,1,1.0
1483,1,507.66,102.84,269.61999999999995,932.9999999999999,1,1,1.0
1483,3,826.41,60.77,287.2500000000001,748.13,1,1,1.0
1484,2,948.14,245.81,486.38,827.25,1,1,1.0
1484,1,507.09,102.8,270.38000000000005,933.0,1,1,1.0
1484,3,829.12,66.63,293.43999999999994,748.5,1,1,1.0
1485,2,949.08,258.61,488.9999999999999,811.4999999999999,1,1,1.0
1485,1,506.72,102.75,270.75,933.0,1,1,1.0
1485,3,832.08,72.0,298.4999999999999,755.25,1,1,1.0
1486,2,948.75,269.86,494.25,798.7499999999999,1,1,1.0
1486,1,506.91,102.61,270.36999999999995,932.9999999999999,1,1,1.0
1486,3,836.72,74.34,303.94000000000005,772.5,1,1,1.0
1487,2,948.47,277.83,503.25,789.75,1,1,1.0
1487,1,505.78,102.98,271.69000000000005,933.0,1,1,1.0
1487,3,843.05,75.33,309.3700000000001,804.75,1,1,1.0
1488,2,948.75,286.59,511.5,780.75,1,1,1.0
1488,1,506.06,102.14,271.88000000000005,934.5000000000001,1,1,1.0
1488,3,847.17,74.16,311.43999999999994,799.5,1,1,1.0
1489,2,948.0,288.75,521.25,778.5,1,1,1.0
1489,1,506.16,102.33,272.24999999999994,934.4999999999999,1,1,1.0
1489,3,850.31,75.0,316.8800000000001,828.75,1,1,1.0
1490,2,947.91,284.72,540.0000000000001,783.0,1,1,1.0
1490,1,506.53,103.31,271.88,933.0,1,1,1.0
1490,3,851.72,75.66,321.55999999999995,844.5,1,1,1.0
1491,2,950.72,287.16,547.5,780.75,1,1,1.0
1491,1,507.28,102.84,270.94000000000005,932.9999999999999,1,1,1.0
1491,3,852.09,76.5,326.2499999999999,873.75,1,1,1.0
1492,2,953.62,284.48,558.38,783.0,1,1,1.0
1492,1,508.97,104.06,269.05999999999995,931.5,1,1,1.0
1492,3,853.97,78.19,329.6199999999999,906.75,1,1,1.0
1493,2,961.03,284.2,564.75,785.25,1,1,1.0
1493,1,509.91,103.69,268.11999999999995,931.5,1,1,1.0
1493,3,852.75,78.94,336.75,946.5,1,1,1.0
1494,2,963.56,290.06,576.0,779.25,1,1,1.0
1494,1,511.78,103.73,266.63,931.5,1,1,1.0
1494,3,854.72,81.7,337.1199999999999,954.75,1,1,1.0
1495,2,968.25,294.19,582.75,777.0,1,1,1.0
1495,1,513.28,104.81,265.31000000000006,929.25,1,1,1.0
1495,3,857.72,83.91,337.8699999999999,942.0000000000001,1,1,1.0
1496,2,968.81,298.59,592.8800000000001,773.25,1,1,1.0
1496,1,514.31,105.09,264.3800000000001,929.2499999999999,1,1,1.0
1496,3,861.09,84.61,337.4999999999999,974.9999999999999,1,1,1.0
1497,2,971.44,305.95,600.0,765.3799999999999,1,1,1.0
1497,1,515.62,104.86,263.07000000000005,929.2499999999999,1,1,1.0
1497,3,864.38,85.97,334.67999999999995,969.0,1,1,1.0
1498,2,974.81,311.95,601.5,759.3799999999999,1,1,1.0
1498,1,516.28,105.52,262.13,929.25,1,1,1.0
1498,3,866.16,91.08,333.0000000000001,967.4999999999999,1,1,1.0
1499,2,977.62,317.91,598.13,752.6199999999999,1,1,1.0
1499,1,516.84,105.42,261.93999999999994,929.2500000000001,1,1,1.0
1499,3,865.41,96.09,329.06000000000006,958.4999999999999,1,1,1.0
1500,2,978.0,326.3,594.75,744.75,1,1,1.0
1500,1,517.31,105.52,261.56000000000006,929.25,1,1,1.0
1500,3,864.0,100.45,328.1199999999999,893.25,1,1,1.0
1501,2,976.69,333.28,591.3699999999999,738.0,1,1,1.0
1501,1,515.53,105.33,263.44000000000005,931.4999999999999,1,1,1.0
1501,3,861.09,105.84,330.18999999999994,870.75,1,1,1.0
1502,2,974.62,341.67,588.7600000000001,729.75,1,1,1.0
1502,1,514.88,105.19,264.17999999999995,931.5,1,1,1.0
1502,3,856.41,110.62,336.17999999999995,864.0,1,1,1.0
1503,2,973.5,350.62,581.25,720.7600000000001,1,1,1.0
1503,1,511.12,104.67,268.13,931.5000000000001,1,1,1.0
1503,3,852.94,114.05,344.6199999999999,888.0,1,1,1.0
1504,2,969.0,365.77,575.25,705.0,1,1,1.0
1504,1,508.31,105.56,270.74999999999994,929.25,1,1,1.0
1504,3,849.75,113.58,358.5,906.75,1,1,1.0
1505,2,963.0,383.16,571.5,685.8699999999999,1,1,1.0
1505,1,506.81,105.66,271.88000000000005,929.2500000000001,1,1,1.0
1505,3,844.88,116.95,371.42999999999995,872.25,1,1,1.0
1506,2,955.12,399.66,561.7600000000001,669.0,1,1,1.0
1506,1,505.03,104.62,273.56000000000006,931.4999999999999,1,1,1.0
1506,3,841.03,119.2,383.05999999999995,855.0,1,1,1.0
1507,2,946.5,409.17,554.25,662.25,1,1,1.0
1507,1,504.56,105.05,273.38000000000005,931.5,1,1,1.0
1507,3,838.12,117.0,400.4999999999999,836.25,1,1,1.0
1508,2,899.81,414.28,596.6300000000001,653.6300000000001,1,1,1.0
1508,1,505.03,105.66,273.94000000000005,929.2500000000001,1,1,1.0
1508,3,834.0,114.56,411.75,883.5,1,1,1.0
1509,2,877.64,417.28,605.63,655.5,1,1,1.0
1509,1,506.34,103.97,271.69,931.5,1,1,1.0
1509,3,831.28,118.88,420.3800000000001,760.87,1,1,1.0
1510,2,843.0,425.48,622.8800000000001,641.6299999999999,1,1,1.0
1510,1,508.03,104.06,271.69000000000005,931.5,1,1,1.0
1510,3,829.03,115.22,432.75,642.0,1,1,1.0
1511,2,826.22,423.14,628.8699999999999,648.0000000000001,1,1,1.0
1511,1,509.16,104.02,270.93,931.5,1,1,1.0
1511,3,831.66,116.44,435.7500000000001,595.8699999999999,1,1,1.0
1512,2,805.31,434.34,623.6300000000001,633.3800000000001,1,1,1.0
1512,1,508.12,104.02,270.38,931.5,1,1,1.0
1512,3,834.75,117.28,437.25,612.75,1,1,1.0
1513,2,775.78,421.31,634.8800000000001,650.25,1,1,1.0
1513,1,507.09,103.83,270.75000000000006,931.4999999999999,1,1,1.0
1513,3,868.12,119.06,403.13,618.75,1,1,1.0
1514,2,756.94,423.8,635.6199999999999,647.25,1,1,1.0
1514,1,509.44,104.58,269.81,931.4999999999999,1,1,1.0
1514,3,890.95,121.55,375.3799999999999,631.87,1,1,1.0
1515,2,738.94,439.22,645.75,629.25,1,1,1.0
1515,1,507.19,104.77,270.94,931.5,1,1,1.0
1515,3,902.44,125.34,361.5,647.25,1,1,1.0
1516,2,723.75,437.16,627.0,631.5,1,1,1.0
1516,1,501.19,104.81,276.56,931.5,1,1,1.0
1516,3,915.66,130.92,344.62,657.0,1,1,1.0
1517,2,703.88,438.19,634.87,633.0,1,1,1.0
1517,1,490.03,104.3,290.81000000000006,931.5,1,1,1.0
1517,3,926.77,133.03,325.8700000000001,677.63,1,1,1.0
1518,2,681.19,440.53,634.8699999999999,630.0,1,1,1.0
1518,1,492.66,104.2,286.11999999999995,931.5,1,1,1.0
1518,3,929.34,136.55,313.32000000000005,697.5,1,1,1.0
1519,2,664.08,445.08,629.9999999999999,626.6200000000001,1,1,1.0
1519,1,492.38,103.31,282.0,931.5,1,1,1.0
1519,3,931.88,139.5,293.06000000000006,717.0,1,1,1.0
1520,2,652.69,455.25,614.6199999999999,615.75,1,1,1.0
1520,1,493.12,104.02,275.26,931.5,1,1,1.0
1520,3,936.84,142.97,279.57000000000005,765.75,1,1,1.0
1521,2,613.5,460.97,613.8800000000001,607.1199999999999,1,1,1.0
1521,1,494.53,110.11,270.94000000000005,922.4999999999999,1,1,1.0
1521,3,938.16,137.16,279.92999999999995,849.0,1,1,1.0
1522,2,591.75,469.31,602.6300000000001,599.25,1,1,1.0
1522,1,458.02,102.75,302.81000000000006,946.5,1,1,1.0
1522,3,941.77,139.12,282.93000000000006,920.9999999999999,1,1,1.0
1523,2,570.19,478.69,591.3699999999999,586.8699999999999,1,1,1.0
1523,1,450.84,104.2,306.00000000000006,946.5,1,1,1.0
1523,3,946.59,139.59,284.63,926.2499999999999,1,1,1.0
1524,2,547.31,492.84,574.1300000000001,575.6300000000001,1,1,1.0
1524,1,453.52,110.11,301.12,938.2499999999999,1,1,1.0
1524,3,950.44,138.66,281.6199999999999,927.7500000000001,1,1,1.0
1525,2,525.38,510.66,580.87,558.3699999999999,1,1,1.0
1525,1,507.94,99.56,243.36999999999995,477.38000000000005,1,1,1.0
1525,3,952.31,137.34,284.05999999999995,929.2499999999999,1,1,1.0
1526,2,498.94,526.22,576.0,543.75,1,1,1.0
1526,1,506.16,100.73,248.99999999999994,472.13,1,1,1.0
1526,3,947.62,135.28,294.57000000000005,933.0,1,1,1.0
1527,2,467.81,538.03,588.0,528.3800000000001,1,1,1.0
1527,1,502.12,101.62,255.18999999999994,468.38,1,1,1.0
1527,3,938.06,132.84,313.30999999999995,936.7499999999999,1,1,1.0
1528,2,434.72,552.47,616.8699999999999,519.75,1,1,1.0
1528,1,503.06,101.23,258.94,472.5,1,1,1.0
1528,3,926.72,131.91,339.3699999999999,936.7500000000001,1,1,1.0
1529,2,412.22,555.38,630.0,517.12,1,1,1.0
1529,1,506.34,99.35,259.13000000000005,489.38,1,1,1.0
1529,3,917.86,130.88,364.12,938.2399999999999,1,1,1.0
1530,2,383.62,556.97,639.76,514.5,1,1,1.0
1530,1,506.06,99.33,262.69,514.5,1,1,1.0
1530,3,914.53,134.06,383.44000000000005,936.0,1,1,1.0
1531,2,369.42,552.47,642.0,518.6199999999999,1,1,1.0
1531,1,506.81,100.22,264.19,538.87,1,1,1.0
1531,3,910.31,132.66,396.0,937.5000000000001,1,1,1.0
1532,2,349.12,550.88,652.13,517.87,1,1,1.0
1532,1,507.75,100.59,262.13,547.5,1,1,1.0
1532,3,910.69,131.62,404.6199999999999,938.9999999999999,1,1,1.0
1533,2,329.91,549.47,663.75,517.1199999999999,1,1,1.0
1533,1,509.16,100.45,262.11999999999995,556.13,1,1,1.0
1533,3,913.69,129.19,406.8699999999999,941.25,1,1,1.0
1534,2,317.06,555.47,660.3800000000001,515.25,1,1,1.0
1534,1,508.36,99.09,264.37,583.88,1,1,1.0
1534,3,916.41,126.38,405.37,942.0000000000001,1,1,1.0
1535,2,309.75,555.56,661.5,517.1300000000001,1,1,1.0
1535,1,453.52,110.11,301.12,938.2499999999999,1,1,1.0
1535,3,922.59,126.0,404.9999999999999,942.0,1,1,1.0
1536,2,289.78,552.28,672.0,519.3800000000001,1,1,1.0
1536,1,510.75,103.22,269.63,849.75,1,1,1.0
1536,3,927.0,124.78,408.75,944.25,1,1,1.0
1537,2,260.62,548.91,692.63,522.0000000000001,1,1,1.0
1537,1,509.91,101.65,269.24999999999994,853.5,1,1,1.0
1537,3,931.85,127.41,411.38,939.7500000000001,1,1,1.0
1538,2,270.52,544.88,676.87,527.2399999999999,1,1,1.0
1538,1,510.84,101.48,267.57,854.25,1,1,1.0
1538,3,935.18,127.12,414.37,939.7600000000001,1,1,1.0
1539,2,283.83,541.88,663.75,531.0000000000001,1,1,1.0
1539,1,510.94,99.66,265.86999999999995,863.25,1,1,1.0
1539,3,938.13,123.94,417.0000000000001,944.25,1,1,1.0
1540,2,295.36,541.22,653.25,532.1199999999999,1,1,1.0
1540,1,509.06,100.22,268.13000000000005,860.25,1,1,1.0
1540,3,941.06,121.22,418.8800000000001,948.0,1,1,1.0
1541,2,302.81,538.41,648.0,534.0000000000001,1,1,1.0
1541,1,509.81,100.78,268.69,856.5,1,1,1.0
1541,3,942.8,118.22,420.75,951.75,1,1,1.0
1542,2,260.53,530.72,683.25,539.6199999999999,1,1,1.0
1542,1,511.31,100.97,269.81,849.0,1,1,1.0
1542,3,943.41,116.62,422.62,953.2600000000001,1,1,1.0
1543,2,328.59,523.78,624.75,547.5,1,1,1.0
1543,1,510.09,101.06,272.63000000000005,843.0,1,1,1.0
1543,3,944.53,115.78,424.1300000000001,954.75,1,1,1.0
1544,2,352.78,517.5,609.0,552.3800000000001,1,1,1.0
1544,1,511.22,101.53,271.87,841.5,1,1,1.0
1544,3,945.33,115.41,424.87,954.7500000000001,1,1,1.0
1545,2,368.72,502.78,600.75,565.8800000000001,1,1,1.0
1545,1,510.84,102.66,279.38000000000005,836.25,1,1,1.0
1545,3,946.59,114.19,424.13,957.0,1,1,1.0
1546,2,379.69,492.75,594.75,573.75,1,1,1.0
1546,1,513.09,101.44,274.13,821.25,1,1,1.0
1546,3,948.42,113.34,421.5000000000001,958.4999999999999,1,1,1.0
1547,2,359.06,480.09,621.75,586.1300000000001,1,1,1.0
1547,3,949.78,111.66,415.8800000000001,960.0000000000001,1,1,1.0
1548,2,326.25,467.81,663.0,600.0,1,1,1.0
1548,3,950.34,109.88,414.7499999999999,962.2399999999999,1,1,1.0
1549,2,278.06,457.78,717.75,612.75,1,1,1.0
1549,1,516.66,101.06,237.56000000000006,414.38000000000005,1,1,1.0
1549,3,949.31,108.84,412.5,962.2499999999999,1,1,1.0
1550,2,262.5,446.62,736.88,622.88,1,1,1.0
1550,1,515.81,100.36,233.81000000000006,397.12,1,1,1.0
1550,3,947.34,107.81,411.38,963.75,1,1,1.0
1551,2,254.25,442.5,747.37,627.0,1,1,1.0
1551,1,515.34,99.84,234.18999999999994,392.25,1,1,1.0
1551,3,944.93,107.25,411.7500000000001,963.75,1,1,1.0
1552,2,242.34,439.03,762.0,631.5,1,1,1.0
1552,1,515.91,99.47,232.87,386.62,1,1,1.0
1552,3,941.06,107.16,410.25,963.7500000000001,1,1,1.0
1553,2,229.97,436.22,771.75,633.3699999999999,1,1,1.0
1553,1,516.38,99.19,230.62,371.62,1,1,1.0
1553,3,937.66,108.19,407.2500000000001,962.25,1,1,1.0
1554,2,242.81,431.25,758.6300000000001,637.8699999999999,1,1,1.0
1554,1,516.47,99.42,230.43999999999994,361.5,1,1,1.0
1554,3,934.34,109.59,407.62,959.9999999999999,1,1,1.0
1555,2,263.62,423.19,735.76,646.5,1,1,1.0
1555,1,516.19,99.19,230.6199999999999,353.81,1,1,1.0
1555,3,931.5,108.66,405.75,962.2500000000001,1,1,1.0
1556,2,286.69,416.72,708.75,652.5,1,1,1.0
1556,1,516.19,98.62,229.30999999999995,346.88,1,1,1.0
1556,3,928.41,107.62,403.5000000000001,963.7600000000001,1,1,1.0
1557,2,291.38,408.0,704.62,660.0,1,1,1.0
1557,1,515.53,98.95,228.19000000000005,340.13,1,1,1.0
1557,3,924.75,107.25,399.0,963.75,1,1,1.0
1558,2,298.69,403.03,694.8699999999999,664.5,1,1,1.0
1558,1,515.34,98.58,227.06999999999994,333.19,1,1,1.0
1558,3,921.94,105.09,395.25,967.4999999999999,1,1,1.0
1559,2,304.22,397.59,685.87,669.75,1,1,1.0
1559,1,515.53,98.2,226.5,329.44,1,1,1.0
1559,3,918.09,103.27,392.2499999999999,969.0,1,1,1.0
1560,2,310.41,394.97,676.5,672.0,1,1,1.0
1560,1,515.53,97.92,225.38,322.13,1,1,1.0
1560,3,913.88,102.52,387.37,969.0,1,1,1.0
1561,2,315.47,391.45,666.75,675.3799999999999,1,1,1.0
1561,1,515.81,97.27,225.0,316.87,1,1,1.0
1561,3,907.03,99.42,380.80999999999995,972.7500000000001,1,1,1.0
1562,2,319.12,387.98,659.26,678.3799999999999,1,1,1.0
1562,1,516.09,97.22,224.43999999999994,313.69000000000005,1,1,1.0
1562,3,901.97,97.08,374.80999999999995,974.9999999999999,1,1,1.0
1563,2,322.03,383.72,652.13,682.8699999999999,1,1,1.0
1563,1,515.72,96.94,224.43999999999994,314.06,1,1,1.0
1563,3,895.31,95.25,372.19000000000005,977.25,1,1,1.0
1564,2,324.38,380.34,647.62,685.8800000000001,1,1,1.0
1564,1,516.0,97.36,224.05999999999995,311.44,1,1,1.0
1564,3,890.16,91.22,366.0000000000001,982.5,1,1,1.0
1565,2,325.5,376.55,645.75,690.3700000000001,1,1,1.0
1565,1,515.62,97.22,224.43999999999994,309.94000000000005,1,1,1.0
1565,3,881.44,88.08,365.6199999999999,986.2499999999999,1,1,1.0
1566,2,326.25,369.14,644.25,698.2500000000001,1,1,1.0
1566,1,514.69,97.22,224.80999999999995,309.94000000000005,1,1,1.0
1566,3,874.36,86.16,365.62,989.2500000000001,1,1,1.0
1567,2,327.56,361.22,642.0,706.1199999999999,1,1,1.0
1567,1,514.97,96.84,224.80999999999995,299.82000000000005,1,1,1.0
1567,3,868.29,84.7,361.1200000000001,989.25,1,1,1.0
1568,2,327.56,350.72,645.75,716.25,1,1,1.0
1568,1,515.06,96.8,224.81000000000006,292.68,1,1,1.0
1568,3,864.02,84.0,358.5,991.5,1,1,1.0
1569,2,331.78,343.12,640.13,729.7600000000001,1,1,1.0
1569,1,515.72,97.22,224.05999999999995,284.25,1,1,1.0
1569,3,860.16,85.27,355.87,987.75,1,1,1.0
1570,2,336.47,337.69,638.62,734.25,1,1,1.0
1570,1,514.97,97.31,228.18999999999994,281.25,1,1,1.0
1570,3,856.31,81.98,354.3800000000001,989.25,1,1,1.0
1571,2,340.5,329.81,637.88,742.5,1,1,1.0
1571,1,515.44,96.8,234.93999999999994,328.31,1,1,1.0
1571,3,853.59,79.03,353.9999999999999,991.5,1,1,1.0
1572,2,344.81,321.56,637.8800000000001,749.25,1,1,1.0
1572,1,515.72,109.31,239.80999999999995,421.88000000000005,1,1,1.0
1572,3,851.16,77.48,349.5000000000001,993.0,1,1,1.0
1573,2,349.03,306.8,637.88,759.3700000000001,1,1,1.0
1573,3,849.09,74.58,346.32000000000005,997.4999999999999,1,1,1.0
1574,2,359.62,302.06,626.26,763.8800000000001,1,1,1.0
1574,3,847.41,72.33,342.7500000000001,998.9999999999999,1,1,1.0
1575,2,371.44,293.81,613.1199999999999,771.75,1,1,1.0
1575,3,846.47,70.12,339.0,1002.7600000000001,1,1,1.0
1576,2,383.81,290.02,596.6300000000001,775.5,1,1,1.0
1576,3,845.06,67.64,336.19000000000005,1006.5000000000001,1,1,1.0
1577,2,398.44,282.33,580.1199999999999,785.25,1,1,1.0
1577,3,844.69,66.42,331.69000000000005,1006.5000000000001,1,1,1.0
1578,2,413.06,275.62,565.8800000000001,791.9999999999999,1,1,1.0
1578,3,844.59,66.84,327.7499999999999,1004.2499999999999,1,1,1.0
1579,2,428.81,270.38,550.8800000000001,799.5000000000001,1,1,1.0
1579,3,845.44,65.62,322.5,1004.2600000000001,1,1,1.0
1580,2,443.06,267.75,541.5,801.75,1,1,1.0
1580,3,846.23,64.5,317.25,1004.25,1,1,1.0
1581,2,458.81,265.69,535.8800000000001,804.0,1,1,1.0
1581,3,847.97,62.25,312.75,1004.25,1,1,1.0
1582,2,476.06,264.56,534.3800000000001,806.25,1,1,1.0
1582,1,515.72,109.31,239.80999999999995,421.88000000000005,1,1,1.0
1582,3,850.31,56.86,308.44000000000005,1006.4999999999999,1,1,1.0
1583,2,493.5,261.56,528.0,809.25,1,1,1.0
1583,1,511.08,97.31,174.56,469.13000000000005,1,1,1.0
1583,3,849.14,52.59,306.0000000000001,958.5,1,1,1.0
1584,2,514.31,261.75,518.25,809.25,1,1,1.0
1584,1,513.75,98.16,175.77999999999997,468.0,1,1,1.0
1584,3,851.91,51.09,300.37,915.0,1,1,1.0
1585,2,529.69,258.0,515.6199999999999,814.5,1,1,1.0
1585,1,513.75,98.81,180.09000000000003,471.74999999999994,1,1,1.0
1585,3,859.36,48.94,290.06000000000006,872.25,1,1,1.0
1586,2,553.83,264.38,499.4999999999999,804.0000000000001,1,1,1.0
1586,1,514.73,99.56,181.68999999999994,475.13000000000005,1,1,1.0
1586,3,866.06,45.38,282.0,834.74,1,1,1.0
1587,2,575.06,265.31,490.8800000000001,801.75,1,1,1.0
1587,1,515.39,100.12,212.06000000000006,483.76,1,1,1.0
1587,3,867.19,46.22,278.6199999999999,792.0,1,1,1.0
1588,2,596.72,258.75,481.8699999999999,807.75,1,1,1.0
1588,1,513.09,101.11,239.25,550.12,1,1,1.0
1588,3,868.92,42.56,273.93999999999994,765.75,1,1,1.0
1589,2,614.81,249.14,473.25,819.7500000000001,1,1,1.0
1589,1,513.47,101.11,238.5,582.0,1,1,1.0
1589,3,868.55,38.91,271.69000000000005,686.25,1,1,1.0
1590,2,637.78,244.08,460.8800000000001,827.9999999999999,1,1,1.0
1590,1,512.34,95.91,239.25,678.0,1,1,1.0
1590,3,870.33,38.81,266.62,596.25,1,1,1.0
1591,2,663.56,233.44,445.1300000000001,839.25,1,1,1.0
1591,1,513.0,102.94,240.94000000000005,903.0,1,1,1.0
1591,3,869.25,38.44,265.30999999999995,537.75,1,1,1.0
1592,2,681.28,223.88,439.8800000000001,846.7399999999999,1,1,1.0
1592,1,515.72,101.2,245.43999999999994,933.0,1,1,1.0
1592,3,867.84,37.92,264.38,518.63,1,1,1.0
1593,2,701.58,221.62,430.4999999999999,848.9999999999999,1,1,1.0
1593,1,516.38,101.77,244.31000000000006,933.0,1,1,1.0
1593,3,869.11,35.91,257.43999999999994,501.0,1,1,1.0
1594,2,710.77,223.88,430.5,843.7399999999999,1,1,1.0
1594,1,517.03,102.28,247.5,933.0,1,1,1.0
1594,3,826.5,38.16,294.55999999999995,479.25,1,1,1.0
1595,2,723.94,219.75,426.3699999999999,847.5,1,1,1.0
1595,1,517.22,102.05,249.93999999999994,931.5,1,1,1.0
1595,3,823.5,38.58,291.0,460.87,1,1,1.0
1596,2,733.36,217.12,422.9999999999999,851.2600000000001,1,1,1.0
1596,1,517.59,102.0,254.06999999999994,931.5,1,1,1.0
1596,3,819.47,39.33,285.75,445.87,1,1,1.0
1597,2,744.38,213.0,422.62,857.25,1,1,1.0
1597,1,518.72,102.14,255.18999999999994,933.0000000000001,1,1,1.0
1597,3,814.78,39.19,280.1300000000001,418.87,1,1,1.0
1598,2,749.44,205.88,425.25,864.7399999999999,1,1,1.0
1598,1,517.97,101.48,258.0,933.0,1,1,1.0
1598,3,808.12,37.88,279.57000000000005,415.5,1,1,1.0
1599,2,757.12,190.03,424.88,879.75,1,1,1.0
1599,1,518.16,101.86,258.93000000000006,932.9999999999999,1,1,1.0
1599,3,801.47,32.72,279.0,419.62,1,1,1.0
1600,2,766.31,183.66,421.1300000000001,885.7500000000001,1,1,1.0
1600,1,517.88,102.0,259.87,931.5,1,1,1.0
1600,3,789.19,25.52,210.75,434.63,1,1,1.0
1601,2,774.84,184.78,417.38,885.75,1,1,1.0
1601,1,517.12,101.39,260.43999999999994,933.0000000000001,1,1,1.0
1601,3,780.38,21.91,236.06000000000006,437.25,1,1,1.0
1602,2,783.19,188.25,411.75,882.0,1,1,1.0
1602,1,517.78,101.72,259.13,933.0,1,1,1.0
1602,3,775.03,18.96,239.25,445.13,1,1,1.0
1603,2,791.11,190.03,404.62,879.75,1,1,1.0
1603,1,517.88,100.45,259.87,934.5,1,1,1.0
1603,3,768.66,19.2,241.87,453.75,1,1,1.0
1604,2,795.98,190.31,399.0,879.0,1,1,1.0
1604,1,516.38,100.73,260.81000000000006,934.5,1,1,1.0
1604,3,762.47,17.53,241.5,458.25,1,1,1.0
1605,2,800.39,191.25,393.0000000000001,877.5,1,1,1.0
1605,1,513.84,100.55,263.43999999999994,934.5,1,1,1.0
1605,3,758.25,15.98,243.55999999999995,468.0,1,1,1.0
1606,2,802.45,190.12,390.75,878.9999999999999,1,1,1.0
1606,1,514.22,101.11,262.68999999999994,934.4999999999999,1,1,1.0
1606,3,755.58,15.0,243.37,478.12,1,1,1.0
1607,2,804.89,190.59,387.0000000000001,878.9999999999999,1,1,1.0
1607,1,514.88,101.58,261.92999999999995,934.4999999999999,1,1,1.0
1607,3,753.84,14.3,243.38,484.5,1,1,1.0
1608,2,805.92,188.34,385.5000000000001,881.9999999999999,1,1,1.0
1608,1,515.25,101.16,261.55999999999995,934.5000000000001,1,1,1.0
1608,3,751.73,13.22,241.5,498.36999999999995,1,1,1.0
1609,2,807.8,185.25,381.3700000000001,885.0,1,1,1.0
1609,1,515.72,100.83,261.18999999999994,934.4999999999999,1,1,1.0
1609,3,749.62,12.14,239.07000000000005,510.0,1,1,1.0
1610,2,809.58,181.78,376.87,888.75,1,1,1.0
1610,1,516.66,100.92,260.81000000000006,934.5000000000001,1,1,1.0
1610,3,748.45,12.0,235.5,517.12,1,1,1.0
1611,2,813.56,177.66,371.44000000000005,892.5000000000001,1,1,1.0
1611,1,515.53,101.3,262.13,934.5,1,1,1.0
1611,3,748.31,12.23,228.19000000000005,523.5,1,1,1.0
1612,2,820.92,172.41,363.7500000000001,897.7500000000001,1,1,1.0
1612,1,515.53,100.12,262.5,936.7600000000001,1,1,1.0
1612,3,748.69,13.08,220.8699999999999,523.87,1,1,1.0
1613,2,825.89,166.22,359.2500000000001,903.0,1,1,1.0
1613,1,516.19,100.31,261.55999999999995,936.75,1,1,1.0
1613,3,749.27,12.94,211.5,529.8699999999999,1,1,1.0
1614,2,830.62,161.06,358.13,906.75,1,1,1.0
1614,1,515.91,101.67,261.93000000000006,934.5000000000001,1,1,1.0
1614,3,750.12,12.7,207.0,538.88,1,1,1.0
1615,2,836.44,152.91,358.1199999999999,915.0000000000001,1,1,1.0
1615,1,515.72,101.44,261.55999999999995,934.5,1,1,1.0
1615,3,752.72,13.36,200.80999999999995,553.87,1,1,1.0
1616,2,842.25,146.72,360.3699999999999,921.0,1,1,1.0
1616,1,516.38,100.08,260.42999999999995,936.7499999999999,1,1,1.0
1616,3,753.89,9.52,195.0,568.12,1,1,1.0
1617,2,847.97,144.38,358.8699999999999,924.0000000000001,1,1,1.0
1617,1,515.34,100.27,262.68999999999994,936.75,1,1,1.0
1617,3,756.33,8.67,193.5,565.5,1,1,1.0
1618,2,851.53,141.66,358.8800000000001,926.2500000000001,1,1,1.0
1618,1,515.44,100.69,262.68999999999994,936.75,1,1,1.0
1618,3,758.53,6.89,192.94000000000005,561.38,1,1,1.0
1619,2,856.88,138.94,358.12,931.5,1,1,1.0
1619,1,515.53,100.31,262.13,936.75,1,1,1.0
1619,3,760.03,3.52,200.81000000000006,768.75,1,1,1.0
1620,2,864.91,137.72,354.0000000000001,933.0,1,1,1.0
1620,1,514.22,100.45,263.80999999999995,936.75,1,1,1.0
1620,3,759.54,1.83,205.87,758.25,1,1,1.0
1621,2,869.62,136.5,351.7600000000001,934.5,1,1,1.0
1621,1,513.19,99.19,265.1199999999999,938.25,1,1,1.0
1621,3,759.38,0.28,208.67999999999995,741.75,1,1,1.0
1622,2,871.36,135.94,352.12,933.0,1,1,1.0
1622,1,512.91,100.03,265.87,936.75,1,1,1.0
1622,3,759.14,2.58,213.56000000000006,711.75,1,1,1.0
1623,2,875.09,133.22,349.87,936.75,1,1,1.0
1623,1,510.09,99.84,268.69,936.7499999999999,1,1,1.0
1623,3,758.58,1.73,216.93999999999994,709.88,1,1,1.0
1624,2,881.95,131.44,344.6299999999999,938.25,1,1,1.0
1624,1,509.06,100.78,269.81,934.5,1,1,1.0
1624,3,758.77,1.22,224.81000000000006,700.5,1,1,1.0
1625,2,891.56,127.97,336.75,944.25,1,1,1.0
1625,1,509.62,101.53,269.63,934.5,1,1,1.0
1625,3,758.44,0.02,232.5,691.5,1,1,1.0
1626,2,897.66,127.88,332.06000000000006,939.7399999999999,1,1,1.0
1626,1,508.78,101.34,270.38,934.4999999999999,1,1,1.0
1626,3,758.34,-0.82,236.25,692.25,1,1,1.0
1627,2,902.16,124.41,329.06000000000006,946.5000000000001,1,1,1.0
1627,1,508.97,102.23,269.62,934.5,1,1,1.0
1627,3,758.25,-0.89,237.55999999999995,693.75,1,1,1.0
1628,2,905.39,127.88,328.13,939.7399999999999,1,1,1.0
1628,1,508.03,102.23,270.75,934.5,1,1,1.0
1628,3,758.58,-0.82,235.68999999999994,694.5,1,1,1.0
1629,2,909.14,124.88,326.81000000000006,944.2399999999999,1,1,1.0
1629,1,507.28,101.81,271.31000000000006,934.5,1,1,1.0
1629,3,758.16,-1.12,231.18000000000006,694.5,1,1,1.0
1630,2,912.05,121.03,327.75,949.5,1,1,1.0
1630,1,506.62,102.33,273.0,934.4999999999999,1,1,1.0
1630,3,758.48,-4.31,230.06999999999994,696.3699999999999,1,1,1.0
1631,2,911.86,116.06,329.06000000000006,948.0,1,1,1.0
1631,1,507.19,102.84,272.25000000000006,932.9999999999999,1,1,1.0
1631,3,757.92,-4.22,227.06000000000006,694.5,1,1,1.0
1632,2,912.84,110.67,330.18999999999994,933.0000000000001,1,1,1.0
1632,1,507.28,102.84,271.69000000000005,932.9999999999999,1,1,1.0
1632,3,757.08,-3.75,225.0,693.75,1,1,1.0
1633,2,912.89,104.91,330.18999999999994,926.2500000000001,1,1,1.0
1633,1,508.12,103.03,270.93999999999994,933.0,1,1,1.0
1633,3,755.95,-5.25,222.38,690.0,1,1,1.0
1634,2,914.58,99.94,329.62,915.0,1,1,1.0
1634,1,506.91,104.16,270.93,931.5000000000001,1,1,1.0
1634,3,754.3,-4.03,218.81000000000006,680.25,1,1,1.0
1635,2,917.34,94.78,329.9999999999999,892.5,1,1,1.0
1635,1,506.16,102.7,271.86999999999995,934.5,1,1,1.0
1635,3,750.52,-3.66,217.31000000000006,685.5,1,1,1.0
1636,2,920.2,94.12,326.6299999999999,873.76,1,1,1.0
1636,1,511.78,103.83,266.63,932.9999999999999,1,1,1.0
1636,3,746.77,-3.84,217.31000000000006,678.75,1,1,1.0
1637,2,920.58,91.03,325.4999999999999,861.0,1,1,1.0
1637,1,516.84,103.92,261.93999999999994,933.0000000000001,1,1,1.0
1637,3,745.03,-0.77,215.06000000000006,685.12,1,1,1.0
1638,2,922.64,87.75,322.5000000000001,861.0,1,1,1.0
1638,1,520.03,103.83,258.94000000000005,932.9999999999999,1,1,1.0
1638,3,740.25,-2.44,218.63,660.3800000000001,1,1,1.0
1639,2,925.59,83.91,317.63,864.0,1,1,1.0
1639,1,524.72,104.02,253.87,933.0,1,1,1.0
1639,3,738.42,-1.9,219.0,647.25,1,1,1.0
1640,2,927.75,82.41,312.94000000000005,865.5,1,1,1.0
1640,1,526.88,104.34,252.37,931.4999999999999,1,1,1.0
1640,3,736.31,-2.7,220.1300000000001,636.0,1,1,1.0
1641,2,929.91,80.06,308.06000000000006,869.25,1,1,1.0
1641,1,526.41,104.86,252.93000000000006,931.4999999999999,1,1,1.0
1641,3,737.18,-2.25,220.88,626.63,1,1,1.0
1642,2,931.31,79.41,302.44000000000005,870.75,1,1,1.0
1642,1,526.78,104.2,252.38,931.5,1,1,1.0
1642,3,736.43,-2.06,219.37,621.3699999999999,1,1,1.0
1643,2,933.98,78.0,294.56999999999994,872.25,1,1,1.0
1643,1,527.44,103.73,251.80999999999995,933.0,1,1,1.0
1643,3,736.1,-2.62,217.88,619.87,1,1,1.0
1644,2,934.59,77.72,288.7499999999999,871.5,1,1,1.0
1644,1,527.62,104.16,251.26,931.5000000000001,1,1,1.0
1644,3,736.59,-2.34,215.06999999999994,618.75,1,1,1.0
1645,2,934.78,77.25,284.05999999999995,872.25,1,1,1.0
1645,1,528.0,103.41,251.25,931.5000000000001,1,1,1.0
1645,3,737.39,-3.0,213.0,618.75,1,1,1.0
1646,2,933.52,77.62,279.3700000000001,870.0,1,1,1.0
1646,1,528.19,103.59,250.1199999999999,931.4999999999999,1,1,1.0
1646,3,738.77,-3.75,209.44000000000005,619.13,1,1,1.0
1647,2,933.09,74.34,270.38,873.75,1,1,1.0
1647,1,528.84,102.47,249.0,933.0,1,1,1.0
1647,3,740.27,-3.19,207.0,618.75,1,1,1.0
1648,2,929.25,76.69,266.6300000000001,870.0,1,1,1.0
1648,1,527.91,102.66,250.12,933.0000000000001,1,1,1.0
1648,3,742.83,-2.44,203.05999999999995,618.75,1,1,1.0
1649,2,924.52,79.69,266.05999999999995,861.75,1,1,1.0
1649,1,528.56,102.19,249.3800000000001,933.0,1,1,1.0
1649,3,745.31,-1.03,196.8800000000001,619.87,1,1,1.0
1650,2,920.58,79.12,262.4999999999999,856.5,1,1,1.0
1650,1,528.84,101.62,249.0,934.4999999999999,1,1,1.0
1650,3,749.41,-2.25,195.19000000000005,615.37,1,1,1.0
1651,2,916.01,76.97,259.8700000000001,847.5,1,1,1.0
1651,1,529.31,102.61,248.44000000000005,932.9999999999999,1,1,1.0
1651,3,753.87,-2.06,191.52999999999997,615.3699999999999,1,1,1.0
1652,2,908.7,72.61,262.1199999999999,835.5,1,1,1.0
1652,1,528.94,102.84,249.0,932.9999999999999,1,1,1.0
1652,3,757.8,-1.03,187.97000000000003,612.75,1,1,1.0
1653,2,902.48,69.47,264.75,822.0,1,1,1.0
1653,1,528.94,102.66,249.0,933.0000000000001,1,1,1.0
1653,3,761.93,-1.78,186.84000000000003,614.25,1,1,1.0
1654,2,894.09,67.83,267.57000000000005,804.75,1,1,1.0
1654,1,529.88,102.42,248.06000000000006,933.0000000000001,1,1,1.0
1654,3,768.12,-2.06,183.0,614.25,1,1,1.0
1655,2,884.53,66.09,271.8800000000001,786.75,1,1,1.0
1655,1,530.44,102.42,247.68999999999994,933.0000000000001,1,1,1.0
1655,3,772.92,1.41,180.85000000000002,600.37,1,1,1.0
1656,2,872.44,60.82,277.69000000000005,758.25,1,1,1.0
1656,1,530.72,102.28,246.93999999999994,933.0,1,1,1.0
1656,3,776.3,-0.38,179.5300000000001,585.38,1,1,1.0
1657,2,857.3,58.12,290.05999999999995,749.63,1,1,1.0
1657,1,530.25,102.47,247.13,933.0,1,1,1.0
1657,3,776.91,0.09,185.81000000000006,570.0,1,1,1.0
1658,2,855.05,55.22,289.30999999999995,748.12,1,1,1.0
1658,1,530.27,103.31,249.0,933.0,1,1,1.0
1658,3,777.94,0.19,188.25,561.75,1,1,1.0
1659,2,850.27,54.19,290.80999999999995,746.6199999999999,1,1,1.0
1659,1,530.65,104.2,248.81000000000006,931.5,1,1,1.0
1659,3,780.0,-1.12,185.80999999999995,551.24,1,1,1.0
1660,2,848.06,53.34,286.30999999999995,747.38,1,1,1.0
1660,1,531.61,102.98,247.5,933.0,1,1,1.0
1660,3,782.25,-1.22,183.55999999999995,544.88,1,1,1.0
1661,2,846.09,52.12,283.68999999999994,750.38,1,1,1.0
1661,1,532.48,103.36,246.93999999999994,931.4999999999999,1,1,1.0
1661,3,783.89,-1.64,179.52999999999997,547.12,1,1,1.0
1662,2,847.12,51.56,275.9999999999999,752.25,1,1,1.0
1662,1,533.02,103.22,246.56000000000006,931.5,1,1,1.0
1662,3,787.08,-1.45,166.58999999999992,539.62,1,1,1.0
1663,2,845.11,52.03,275.2499999999999,751.5,1,1,1.0
1663,1,533.37,103.17,245.80999999999995,931.5000000000001,1,1,1.0
1663,3,790.03,-0.89,160.31000000000006,537.37,1,1,1.0
1664,2,849.19,51.84,266.6199999999999,752.63,1,1,1.0
1664,1,534.12,102.89,244.87,931.5000000000001,1,1,1.0
1664,3,795.94,-5.25,150.55999999999995,527.63,1,1,1.0
1665,2,853.41,51.47,258.17999999999995,754.5,1,1,1.0
1665,1,534.42,102.84,244.69000000000005,931.4999999999999,1,1,1.0
1665,3,800.77,-4.5,147.37,518.25,1,1,1.0
1666,2,855.75,53.06,251.6300000000001,749.6300000000001,1,1,1.0
1666,1,534.91,102.89,244.13,931.5000000000001,1,1,1.0
1666,3,805.41,-4.41,143.71000000000004,520.88,1,1,1.0
1667,2,858.89,53.34,245.2500000000001,748.13,1,1,1.0
1667,1,534.12,102.56,245.25,933.0,1,1,1.0
1667,3,809.06,-4.41,140.16000000000008,546.0,1,1,1.0
1668,2,858.98,52.69,241.5,746.6199999999999,1,1,1.0
1668,1,534.98,102.33,244.68999999999994,932.9999999999999,1,1,1.0
1668,3,813.0,-3.09,137.52999999999997,537.37,1,1,1.0
1669,2,857.81,51.84,240.94000000000005,742.5,1,1,1.0
1669,1,536.3,102.19,242.81000000000006,933.0,1,1,1.0
1669,3,816.28,-0.19,136.13,514.1300000000001,1,1,1.0
1670,2,857.25,50.72,239.80999999999995,737.62,1,1,1.0
1670,1,535.85,102.28,244.13,933.0,1,1,1.0
1670,3,818.53,-0.84,134.35000000000002,519.75,1,1,1.0
1671,2,855.98,47.25,238.69000000000005,733.5,1,1,1.0
1671,1,535.55,102.19,244.31000000000006,933.0,1,1,1.0
1671,3,821.16,-3.28,135.2800000000001,536.25,1,1,1.0
1672,2,850.97,41.34,241.1199999999999,730.5,1,1,1.0
1672,1,535.48,102.42,244.87,933.0000000000001,1,1,1.0
1672,3,825.61,0.42,131.05999999999995,403.5,1,1,1.0
1673,2,846.14,36.19,242.2500000000001,729.75,1,1,1.0
1673,1,535.59,101.86,245.43999999999994,934.4999999999999,1,1,1.0
1673,3,830.44,1.83,127.11999999999989,375.75,1,1,1.0
1674,2,840.38,30.98,244.31000000000006,720.75,1,1,1.0
1674,1,534.7,102.8,245.43999999999994,933.0,1,1,1.0
1675,2,834.52,28.83,247.68000000000006,706.87,1,1,1.0
1675,1,534.4,102.7,246.56000000000006,933.0,1,1,1.0
1676,2,830.11,27.66,248.06000000000006,687.37,1,1,1.0
1676,1,534.07,102.75,246.55999999999995,933.0,1,1,1.0
1677,2,826.31,23.72,249.0,678.0,1,1,1.0
1677,1,534.52,102.7,245.81000000000006,933.0,1,1,1.0
1678,2,822.0,18.98,249.3800000000001,673.88,1,1,1.0
1678,1,533.74,102.7,246.93999999999994,933.0,1,1,1.0
1679,2,819.56,14.48,247.69000000000005,676.88,1,1,1.0
1679,1,533.93,102.75,246.56000000000006,933.0,1,1,1.0
1680,2,818.44,12.09,244.30999999999995,675.75,1,1,1.0
1680,1,534.66,103.03,246.0,933.0,1,1,1.0
1681,2,817.31,11.72,239.05999999999995,677.62,1,1,1.0
1681,1,535.78,102.84,245.25,932.9999999999999,1,1,1.0
1682,2,817.03,11.34,232.8800000000001,677.63,1,1,1.0
1682,1,535.73,102.98,245.81999999999994,933.0,1,1,1.0
1683,2,816.56,12.14,227.44000000000005,677.63,1,1,1.0
1683,1,535.92,102.56,245.25,933.0,1,1,1.0
1684,2,816.09,13.59,223.4999999999999,675.75,1,1,1.0
1684,1,536.37,102.8,244.87,933.0,1,1,1.0
1685,2,815.44,15.7,220.8699999999999,672.38,1,1,1.0
1685,1,536.02,102.7,245.25,933.0,1,1,1.0
1686,2,814.59,16.08,216.93999999999994,669.75,1,1,1.0
1686,1,535.9,102.42,245.44000000000005,933.0000000000001,1,1,1.0
1687,2,810.56,18.23,220.5,666.38,1,1,1.0
1687,1,535.55,102.33,246.0,932.9999999999999,1,1,1.0
1688,2,807.28,22.08,226.1300000000001,660.0,1,1,1.0
1688,1,536.09,101.67,245.80999999999995,934.5000000000001,1,1,1.0
1689,2,802.88,22.45,224.81000000000006,657.0,1,1,1.0
1689,1,536.25,102.28,244.30999999999995,933.0,1,1,1.0
1690,2,797.02,20.39,218.81000000000006,653.63,1,1,1.0
1690,1,536.06,102.61,244.1300000000001,932.9999999999999,1,1,1.0
1690,3,954.38,-4.36,108.00000000000011,465.0,1,1,1.0
1691,2,794.3,19.99,216.94000000000005,638.63,1,1,1.0
1691,1,534.84,101.77,244.68999999999994,934.5,1,1,1.0
1691,3,958.73,2.95,110.44000000000005,457.88,1,1,1.0
1692,2,789.09,17.88,219.56999999999994,635.25,1,1,1.0
1692,1,535.31,102.47,244.31000000000006,933.0,1,1,1.0
1692,3,965.25,2.62,110.05999999999995,457.5,1,1,1.0
1693,2,783.56,14.53,219.75,631.13,1,1,1.0
1693,1,534.47,101.67,245.80999999999995,934.5000000000001,1,1,1.0
1693,3,971.39,4.78,109.50000000000011,455.25,1,1,1.0
1694,2,778.45,9.28,222.18999999999994,619.88,1,1,1.0
1694,1,534.56,101.53,245.81000000000006,934.5,1,1,1.0
1694,3,974.81,3.7,112.02999999999997,456.75,1,1,1.0
1695,2,773.84,7.29,227.42999999999995,610.87,1,1,1.0
1695,1,534.47,101.53,245.43999999999994,934.5,1,1,1.0
1695,3,977.06,1.27,113.25,459.0,1,1,1.0
1696,2,771.89,3.94,228.0,609.75,1,1,1.0
1696,1,534.66,102.09,245.25,934.4999999999999,1,1,1.0
1696,3,978.47,0.19,113.44000000000005,459.0,1,1,1.0
1697,2,770.02,2.06,229.12,606.0,1,1,1.0
1697,1,535.03,102.09,244.88,934.4999999999999,1,1,1.0
1697,3,984.09,0.38,107.07000000000005,459.0,1,1,1.0
1698,2,767.13,0.56,232.69000000000005,604.8800000000001,1,1,1.0
1698,1,535.22,102.05,245.43999999999994,934.5,1,1,1.0
1698,3,988.17,1.17,104.72000000000014,457.5,1,1,1.0
1699,2,766.15,0.12,232.12,605.25,1,1,1.0
1699,1,535.36,102.19,245.43999999999994,934.5,1,1,1.0
1699,3,987.8,1.08,109.69000000000005,457.87,1,1,1.0
1700,2,764.53,0.75,231.19000000000005,601.87,1,1,1.0
1700,1,535.03,102.23,244.88,934.5,1,1,1.0
1700,3,986.62,1.78,117.65999999999997,456.75,1,1,1.0
1701,2,764.72,1.31,228.75,603.0,1,1,1.0
1701,1,535.03,101.81,244.88,934.5,1,1,1.0
1701,3,989.13,1.59,138.4699999999999,454.13000000000005,1,1,1.0
1702,2,765.94,1.97,226.1199999999999,603.0,1,1,1.0
1702,1,535.12,101.81,244.32000000000005,934.5,1,1,1.0
1702,3,994.36,2.25,135.65999999999997,454.5,1,1,1.0
1703,2,767.91,2.53,222.93000000000006,602.63,1,1,1.0
1703,1,534.8,102.28,245.44000000000005,934.5,1,1,1.0
1703,3,992.62,1.78,143.2600000000001,456.0,1,1,1.0
1704,2,769.88,3.28,217.5,600.38,1,1,1.0
1704,1,535.38,102.14,245.25,934.5000000000001,1,1,1.0
1704,3,990.98,2.81,145.22000000000003,454.88,1,1,1.0
1705,2,773.34,3.56,212.81999999999994,599.6300000000001,1,1,1.0
1705,1,534.75,102.19,244.69000000000005,934.5,1,1,1.0
1705,3,988.59,3.19,149.9999999999999,453.37,1,1,1.0
1706,2,777.66,4.22,207.37,599.25,1,1,1.0
1706,1,533.72,102.52,247.5,934.5,1,1,1.0
1706,3,984.77,6.61,159.3800000000001,448.87,1,1,1.0
1707,2,783.09,4.22,201.56999999999994,598.5,1,1,1.0
1707,1,533.34,102.94,246.56999999999994,933.0,1,1,1.0
1707,3,984.54,5.77,163.12000000000012,448.87,1,1,1.0
1708,2,789.0,4.12,194.80999999999995,597.0,1,1,1.0
1708,1,532.34,103.17,248.80999999999995,933.0000000000001,1,1,1.0
1708,3,989.2,2.91,158.72000000000003,446.25,1,1,1.0
1709,2,793.69,2.91,190.68999999999994,592.5,1,1,1.0
1709,1,532.88,103.12,248.06000000000006,932.9999999999999,1,1,1.0
1709,3,999.33,-0.47,151.2199999999999,453.38000000000005,1,1,1.0
1710,2,798.28,1.69,187.97000000000003,589.5,1,1,1.0
1710,1,533.27,103.92,248.07000000000005,931.5000000000001,1,1,1.0
1711,2,803.72,-0.28,186.0,584.62,1,1,1.0
1711,1,532.97,103.78,248.80999999999995,931.5,1,1,1.0
1712,2,808.59,-1.27,183.56999999999994,579.0,1,1,1.0
1712,1,533.27,104.02,248.44000000000005,931.5,1,1,1.0
1713,2,814.03,-1.12,181.22000000000003,567.0,1,1,1.0
1713,1,532.73,104.16,248.81999999999994,931.5000000000001,1,1,1.0
1714,2,818.4,-2.13,181.13,549.0,1,1,1.0
1714,1,532.01,104.48,249.37,931.5,1,1,1.0
1715,2,822.0,-1.01,180.38,543.0,1,1,1.0
1715,1,531.16,105.47,250.13,929.25,1,1,1.0
1716,2,826.59,-1.03,180.0,538.5,1,1,1.0
1716,1,529.85,105.09,251.63,929.2499999999999,1,1,1.0
1717,2,831.12,-0.54,179.25,532.5,1,1,1.0
1717,1,526.78,105.28,255.38,929.25,1,1,1.0
1718,2,834.07,-0.91,180.75,531.37,1,1,1.0
1718,1,527.23,105.52,255.37,929.25,1,1,1.0
1719,2,837.59,-1.29,181.87,533.63,1,1,1.0
1719,1,525.77,105.56,256.69000000000005,929.25,1,1,1.0
1720,2,841.8,-1.48,180.85000000000002,534.38,1,1,1.0
1720,1,525.42,105.66,256.31000000000006,929.2500000000001,1,1,1.0
1721,2,844.45,-1.05,179.15999999999997,533.62,1,1,1.0
1721,1,525.19,106.08,253.8699999999999,929.2499999999999,1,1,1.0
1722,2,847.78,-1.03,178.02999999999997,531.0,1,1,1.0
1722,1,525.47,105.52,255.75,929.25,1,1,1.0
1723,2,851.25,-1.24,175.77999999999997,531.37,1,1,1.0
1723,1,524.7,105.14,256.30999999999995,929.2500000000001,1,1,1.0
1724,2,854.91,-0.84,173.42999999999995,532.5,1,1,1.0
1724,1,524.16,104.25,253.5,931.5,1,1,1.0
1725,2,856.55,0.23,173.72000000000003,532.5,1,1,1.0
1725,1,523.5,104.2,254.44000000000005,931.5,1,1,1.0
1726,2,860.06,0.42,171.3800000000001,531.38,1,1,1.0
1726,1,523.59,102.98,259.68999999999994,931.5,1,1,1.0
1727,2,862.69,0.66,169.69000000000005,532.5,1,1,1.0
1727,1,523.64,103.27,266.63,931.5,1,1,1.0
1728,2,863.72,0.8,168.94000000000005,531.37,1,1,1.0
1728,1,524.6,103.78,268.30999999999995,931.5,1,1,1.0
1729,2,864.66,0.38,168.92999999999995,531.37,1,1,1.0
1729,1,525.63,102.84,269.63,931.4999999999999,1,1,1.0
1730,2,865.22,0.52,168.94000000000005,529.12,1,1,1.0
1730,1,525.59,102.8,269.25,931.5,1,1,1.0
1731,2,865.08,0.89,168.64999999999998,525.0,1,1,1.0
1731,1,525.8,102.47,263.81000000000006,931.5,1,1,1.0
1732,2,864.38,0.84,168.0000000000001,522.0,1,1,1.0
1732,1,526.08,102.28,258.18999999999994,931.5,1,1,1.0
1733,2,864.61,0.56,166.59000000000003,519.3800000000001,1,1,1.0
1733,1,526.78,102.66,249.94000000000005,933.0000000000001,1,1,1.0
1734,2,865.73,0.89,164.3499999999999,514.5,1,1,1.0
1734,1,526.78,101.86,253.5,932.9999999999999,1,1,1.0
1735,2,868.41,0.87,166.20999999999992,510.0,1,1,1.0
1735,1,526.15,102.0,253.5,933.0,1,1,1.0
1736,2,870.94,0.91,170.6199999999999,503.25,1,1,1.0
1736,1,527.06,101.86,251.06000000000006,934.4999999999999,1,1,1.0
1737,2,876.73,2.39,172.69000000000005,490.13,1,1,1.0
1737,1,527.44,100.41,251.6199999999999,936.7500000000001,1,1,1.0
1738,2,884.3,2.67,171.0,484.88,1,1,1.0
1738,1,522.38,99.05,256.87,939.75,1,1,1.0
1739,2,892.45,3.66,168.19000000000005,481.5,1,1,1.0
1739,1,517.03,98.48,262.69000000000005,939.75,1,1,1.0
1740,2,901.66,4.41,164.43999999999994,478.86999999999995,1,1,1.0
1740,1,496.69,98.16,282.56,939.7500000000001,1,1,1.0
1741,2,913.03,2.95,160.97000000000003,477.38,1,1,1.0
1741,1,482.91,98.34,296.61999999999995,938.2499999999999,1,1,1.0
1742,2,925.88,1.69,168.17999999999995,476.25,1,1,1.0
1742,1,478.22,98.3,301.12,938.25,1,1,1.0
1743,2,933.23,1.52,178.41000000000008,474.0,1,1,1.0
1743,1,480.38,97.69,299.42999999999995,938.25,1,1,1.0
1744,2,936.98,2.39,158.72000000000003,475.13,1,1,1.0
1744,1,489.28,96.8,290.06000000000006,939.75,1,1,1.0
1745,2,937.22,3.02,174.75,475.13,1,1,1.0
1745,1,497.25,96.14,282.55999999999995,942.0000000000001,1,1,1.0
1746,2,937.73,1.97,177.66000000000008,476.61999999999995,1,1,1.0
1746,1,517.69,94.88,260.80999999999995,944.2399999999999,1,1,1.0
1747,2,938.06,2.7,179.25,474.75,1,1,1.0
1747,1,522.94,95.86,255.18999999999994,941.9999999999999,1,1,1.0
1748,2,939.75,2.74,183.0,473.63,1,1,1.0
1748,1,520.88,95.25,256.87,942.0,1,1,1.0
1749,2,941.72,2.3,179.80999999999995,473.62,1,1,1.0
1749,1,518.62,93.66,258.57000000000005,944.2500000000001,1,1,1.0
1750,2,943.17,2.48,181.40999999999997,472.13,1,1,1.0
1750,1,515.91,94.69,259.87,942.0,1,1,1.0
1751,2,944.39,-0.56,182.5300000000001,475.12,1,1,1.0
1751,1,514.88,94.78,262.12,942.0,1,1,1.0
1752,2,947.91,-0.75,180.37,472.5,1,1,1.0
1752,1,511.12,95.62,270.38,939.7600000000001,1,1,1.0
1753,2,950.53,0.0,179.80999999999995,470.62,1,1,1.0
1753,1,507.09,96.42,279.38000000000005,938.2500000000001,1,1,1.0
1754,2,957.28,0.47,187.1300000000001,469.11999999999995,1,1,1.0
1754,1,504.09,96.56,288.38000000000005,939.75,1,1,1.0
1755,2,969.23,2.16,163.03999999999996,459.0,1,1,1.0
1755,1,500.91,96.84,297.36999999999995,939.7499999999999,1,1,1.0
1756,2,981.38,5.91,156.37,450.36999999999995,1,1,1.0
1756,1,497.06,97.78,306.94,938.25,1,1,1.0
1757,2,999.44,6.75,141.8499999999999,445.87,1,1,1.0
1757,1,495.09,98.02,313.32,936.75,1,1,1.0
1758,2,1016.62,10.03,129.65999999999997,435.75,1,1,1.0
1758,1,492.56,98.25,320.63000000000005,936.75,1,1,1.0
1759,2,1032.09,6.07,115.5,435.75,1,1,1.0
1759,1,491.44,98.25,325.50000000000006,936.75,1,1,1.0
1760,1,491.44,99.66,325.86999999999995,934.5000000000001,1,1,1.0
1761,1,491.53,99.84,324.38,934.4999999999999,1,1,1.0
1762,1,493.03,99.19,317.63,936.75,1,1,1.0
1763,1,495.28,101.77,310.13,933.0,1,1,1.0
1764,1,499.22,101.16,295.12,934.5000000000001,1,1,1.0
1765,1,503.53,101.53,282.56000000000006,933.0,1,1,1.0
1766,1,506.62,101.3,271.68999999999994,933.0,1,1,1.0
1767,1,509.81,102.28,268.13000000000005,931.5,1,1,1.0
1768,1,512.81,102.28,264.3800000000001,933.0,1,1,1.0
1769,1,516.66,102.23,260.25,933.0,1,1,1.0
1770,1,519.47,100.92,258.93999999999994,934.5000000000001,1,1,1.0
1771,1,521.91,100.17,255.75,934.5000000000001,1,1,1.0
1772,1,525.38,100.69,251.81000000000006,934.5,1,1,1.0
1773,1,527.16,100.64,249.93000000000006,934.5000000000001,1,1,1.0
1774,1,530.34,98.86,249.0,936.7499999999999,1,1,1.0
1775,1,530.58,98.81,249.0,936.75,1,1,1.0
1776,1,532.27,98.11,246.93000000000006,938.2499999999999,1,1,1.0
1777,1,534.89,97.45,244.31000000000006,938.25,1,1,1.0
1778,1,536.27,97.27,242.81000000000006,938.25,1,1,1.0
1779,1,537.21,96.7,241.88,938.25,1,1,1.0
1780,1,537.61,96.61,240.93999999999994,939.7499999999999,1,1,1.0
1781,1,536.34,96.28,241.88,939.75,1,1,1.0
1782,1,532.69,96.66,244.1199999999999,939.7500000000001,1,1,1.0
1783,1,530.62,97.59,246.57000000000005,938.2499999999999,1,1,1.0
1784,1,528.75,97.97,248.44000000000005,938.25,1,1,1.0
1785,1,527.62,97.73,249.93999999999994,938.25,1,1,1.0
1786,1,527.44,98.2,250.1199999999999,938.25,1,1,1.0
1787,1,525.28,98.02,252.38,938.25,1,1,1.0
1788,1,524.06,98.2,254.44000000000005,938.25,1,1,1.0
1789,1,522.19,98.77,255.93999999999994,938.25,1,1,1.0
1790,1,521.53,99.09,256.31000000000006,938.2499999999999,1,1,1.0
1791,1,521.06,100.12,256.69000000000005,936.7600000000001,1,1,1.0
1792,1,520.78,100.55,256.88,936.75,1,1,1.0
1793,1,520.5,100.55,257.44000000000005,936.75,1,1,1.0
1794,1,521.16,101.48,256.31000000000006,934.5,1,1,1.0
1795,1,520.69,101.95,257.6199999999999,934.5,1,1,1.0
1796,1,519.94,102.05,258.55999999999995,934.5,1,1,1.0
1797,1,518.25,102.56,260.25,933.0,1,1,1.0
1798,1,517.78,102.7,260.44000000000005,933.0,1,1,1.0
1799,1,517.03,103.88,262.5,931.5000000000001,1,1,1.0
1800,1,516.56,103.64,263.06000000000006,931.5000000000001,1,1,1.0
1801,1,516.19,103.92,263.80999999999995,931.5000000000001,1,1,1.0
1802,1,516.19,104.86,264.18999999999994,929.2499999999999,1,1,1.0
1803,1,515.91,104.58,264.18000000000006,929.2499999999999,1,1,1.0
1804,1,516.19,104.25,263.80999999999995,929.25,1,1,1.0
1805,1,516.84,105.05,263.43999999999994,927.75,1,1,1.0
1806,1,516.09,105.52,264.38,927.75,1,1,1.0
1807,1,515.72,105.61,264.37,927.7499999999999,1,1,1.0
1808,1,516.47,105.56,264.37,927.75,1,1,1.0
1809,1,516.38,105.8,263.81000000000006,927.75,1,1,1.0
1810,1,516.56,104.95,262.5,929.25,1,1,1.0
1811,1,516.84,105.19,262.5,929.25,1,1,1.0
1812,1,517.41,104.95,261.18000000000006,929.25,1,1,1.0
1813,1,517.69,105.84,259.68999999999994,929.2499999999999,1,1,1.0
1814,1,519.28,106.36,258.56000000000006,929.2499999999999,1,1,1.0
1815,1,498.28,107.86,279.0,927.7499999999999,1,1,1.0
1816,1,507.38,109.88,269.81000000000006,924.0000000000001,1,1,1.0
1817,1,461.53,109.31,315.38,924.0,1,1,1.0
1818,1,467.34,110.77,309.00000000000006,922.5,1,1,1.0
1819,1,478.78,111.23,297.38,922.5,1,1,1.0
1820,1,491.16,111.94,285.74999999999994,921.0,1,1,1.0
1821,1,505.12,115.03,272.26,917.25,1,1,1.0
1822,1,511.59,117.05,265.88000000000005,915.0,1,1,1.0
1823,1,513.66,118.22,264.18000000000006,913.5,1,1,1.0
1824,1,510.94,119.02,266.61999999999995,912.0,1,1,1.0
1825,1,506.34,118.97,270.75000000000006,912.0,1,1,1.0
1826,1,501.66,118.59,274.68,913.4999999999999,1,1,1.0
1827,1,500.81,119.62,276.19,911.9999999999999,1,1,1.0
1828,1,500.44,120.14,276.00000000000006,912.0000000000001,1,1,1.0
1829,1,500.16,120.14,276.18,912.0000000000001,1,1,1.0
1830,1,501.09,120.23,275.25000000000006,912.0,1,1,1.0
1831,1,501.0,120.89,276.0,912.0000000000001,1,1,1.0
1832,1,501.28,121.12,274.69000000000005,911.9999999999999,1,1,1.0
1833,1,500.72,121.03,275.62,912.0,1,1,1.0
1834,1,499.97,121.12,276.18999999999994,911.9999999999999,1,1,1.0
1835,1,498.84,121.03,277.32,912.0,1,1,1.0
1836,1,497.91,120.89,277.86999999999995,912.0000000000001,1,1,1.0
1837,1,497.53,121.31,277.88,912.0,1,1,1.0
1838,1,497.34,121.36,278.63000000000005,911.9999999999999,1,1,1.0
1839,1,496.97,121.55,279.0,912.0,1,1,1.0
1840,1,495.66,121.59,280.86999999999995,911.9999999999999,1,1,1.0
1841,1,494.72,121.83,281.43999999999994,911.9999999999999,1,1,1.0
1842,1,494.44,121.59,282.19,911.9999999999999,1,1,1.0
1843,1,493.03,121.55,283.69000000000005,912.0,1,1,1.0
1844,1,491.72,121.27,285.0,912.0,1,1,1.0
1845,1,489.94,120.42,286.69,913.5000000000001,1,1,1.0
1846,1,486.56,119.3,289.69,913.5,1,1,1.0
1847,1,482.53,118.41,294.0,915.0000000000001,1,1,1.0
1848,1,477.09,116.86,299.63000000000005,917.2499999999999,1,1,1.0
1849,1,476.25,115.92,300.55999999999995,917.2500000000001,1,1,1.0
1850,1,473.34,115.92,303.94,917.2500000000001,1,1,1.0
1851,1,472.03,114.98,304.5,918.75,1,1,1.0
1852,1,474.28,114.28,302.44000000000005,918.75,1,1,1.0
1853,1,480.66,113.06,295.86999999999995,921.0,1,1,1.0
1854,1,484.31,111.84,292.49999999999994,922.4999999999999,1,1,1.0
1855,1,492.75,111.94,285.19000000000005,922.5,1,1,1.0
1856,1,498.47,111.94,279.55999999999995,922.5,1,1,1.0
1857,1,518.81,110.95,260.25,924.0,1,1,1.0
1858,1,531.42,110.44,249.0,922.5,1,1,1.0
1859,1,534.87,108.75,244.87,926.25,1,1,1.0
1860,1,536.6,107.77,242.43999999999994,926.25,1,1,1.0
1861,1,539.25,107.06,240.37,927.75,1,1,1.0
1862,1,541.15,106.17,240.0,929.2500000000001,1,1,1.0
1863,1,542.81,105.66,237.56000000000006,929.2500000000001,1,1,1.0
1864,1,543.0,105.66,237.19000000000005,929.2500000000001,1,1,1.0
1865,1,545.32,104.25,234.75,931.5,1,1,1.0
1866,1,547.29,105.19,232.31000000000006,929.25,1,1,1.0
1867,1,547.5,104.48,231.75,931.5,1,1,1.0
1868,1,547.73,104.81,231.38,931.5,1,1,1.0
1869,1,548.48,104.2,230.43999999999994,931.5,1,1,1.0
1870,1,549.12,103.69,230.62,933.0,1,1,1.0
1871,1,547.08,103.36,233.25,932.9999999999999,1,1,1.0
1872,1,545.77,103.36,234.37,932.9999999999999,1,1,1.0
1873,1,543.0,103.22,236.80999999999995,933.0,1,1,1.0
1874,1,539.91,103.03,240.37,933.0,1,1,1.0
1875,1,535.48,102.89,244.87,933.0000000000001,1,1,1.0
1876,1,531.12,102.33,249.0,932.9999999999999,1,1,1.0
1877,1,527.72,102.19,251.62,933.0,1,1,1.0
1878,1,527.44,102.47,251.80999999999995,933.0,1,1,1.0
1879,1,529.12,101.72,250.13,933.0,1,1,1.0
1880,1,534.05,101.16,246.56000000000006,934.5000000000001,1,1,1.0
1881,1,538.22,100.97,241.5,934.5,1,1,1.0
1882,1,543.38,100.88,236.24,934.5000000000001,1,1,1.0
1883,1,547.05,100.78,232.32000000000005,934.5,1,1,1.0
1884,1,550.66,100.12,228.94000000000005,936.7600000000001,1,1,1.0
1885,1,554.06,99.98,225.0,936.75,1,1,1.0
1886,1,555.45,99.52,224.05999999999995,936.75,1,1,1.0
1887,1,555.28,99.94,224.06000000000006,936.75,1,1,1.0
1888,1,554.7,99.38,224.42999999999995,936.7399999999999,1,1,1.0
1889,1,555.52,99.23,224.06000000000006,936.75,1,1,1.0
1890,1,555.52,99.23,223.12,936.75,1,1,1.0
1891,1,556.22,99.28,222.37,936.75,1,1,1.0
1892,1,555.77,99.05,224.07000000000005,936.75,1,1,1.0
1893,1,555.49,99.42,223.5,936.7500000000001,1,1,1.0
1894,1,555.28,99.66,224.06000000000006,936.7500000000001,1,1,1.0
1895,1,555.8,99.28,223.68000000000006,936.75,1,1,1.0
1896,1,555.68,99.23,224.06000000000006,936.75,1,1,1.0
1897,1,555.09,99.23,224.06999999999994,936.75,1,1,1.0
1898,1,554.81,99.19,225.0,936.75,1,1,1.0
1899,1,553.57,98.3,226.13,938.25,1,1,1.0
1900,1,552.7,98.91,226.5,938.2500000000001,1,1,1.0
1901,1,552.49,98.62,226.88,938.2600000000001,1,1,1.0
1902,1,551.51,99.38,228.0,936.7399999999999,1,1,1.0
1903,1,552.16,99.52,227.44000000000005,936.75,1,1,1.0
1904,1,552.94,99.05,226.8699999999999,936.75,1,1,1.0
1905,1,553.5,99.52,226.12,936.75,1,1,1.0
1906,1,553.99,99.52,225.93999999999994,936.75,1,1,1.0
1907,1,555.45,99.75,224.05999999999995,936.75,1,1,1.0
1908,1,555.52,99.33,224.06000000000006,936.7499999999999,1,1,1.0
1909,1,555.23,99.14,224.81999999999994,936.7500000000001,1,1,1.0
1910,1,556.31,99.19,223.1300000000001,936.75,1,1,1.0
1911,1,556.43,99.28,222.94000000000005,936.75,1,1,1.0
1912,1,556.5,99.47,222.55999999999995,936.75,1,1,1.0
1913,1,556.36,99.28,222.93999999999994,936.75,1,1,1.0
1914,1,555.82,99.33,223.68999999999994,936.7499999999999,1,1,1.0
1915,1,554.88,99.52,224.06000000000006,936.75,1,1,1.0
1916,1,554.2,99.52,225.38,936.75,1,1,1.0
1917,1,554.3,99.94,225.56000000000006,936.75,1,1,1.0
1918,1,553.92,99.98,225.94000000000005,936.75,1,1,1.0
1919,1,553.66,99.66,225.94000000000005,936.7500000000001,1,1,1.0
1920,1,554.18,99.75,225.56000000000006,936.75,1,1,1.0
1921,1,553.03,99.23,226.5,936.75,1,1,1.0
1922,1,553.34,99.7,225.55999999999995,936.75,1,1,1.0
1923,1,553.2,99.66,225.55999999999995,936.7500000000001,1,1,1.0
1924,1,552.09,99.38,226.88,936.7399999999999,1,1,1.0
1925,1,552.63,100.59,226.5,934.4999999999999,1,1,1.0
1926,1,552.07,100.45,226.87,934.5,1,1,1.0
1927,1,551.25,100.59,227.63,934.4999999999999,1,1,1.0
1928,1,551.34,101.02,227.63,934.5,1,1,1.0
1929,1,550.85,100.83,228.0,934.4999999999999,1,1,1.0
1930,1,550.85,100.83,228.0,934.4999999999999,1,1,1.0
1931,1,550.41,100.69,228.0,934.5,1,1,1.0
1932,1,550.24,100.59,228.0,934.4999999999999,1,1,1.0
1933,1,550.76,101.2,228.94000000000005,933.0,1,1,1.0
1934,1,550.76,101.58,228.75,932.9999999999999,1,1,1.0
1935,1,550.78,101.62,228.19000000000005,932.9999999999999,1,1,1.0
1936,1,550.95,100.88,228.17999999999995,934.5000000000001,1,1,1.0
1937,1,550.99,100.69,228.0,934.5,1,1,1.0
1938,1,550.85,100.69,228.0,934.5,1,1,1.0
1939,1,551.81,100.88,227.44000000000005,934.5000000000001,1,1,1.0
1940,1,551.88,100.83,227.44000000000005,934.4999999999999,1,1,1.0
1941,1,551.88,100.83,227.06000000000006,934.4999999999999,1,1,1.0
1942,1,551.27,100.55,227.44000000000005,934.5,1,1,1.0
1943,1,551.53,101.53,227.44000000000005,933.0,1,1,1.0
1944,1,551.7,101.34,227.62,932.9999999999999,1,1,1.0
1945,1,548.65,100.45,230.62,934.5,1,1,1.0
1946,1,548.6,100.64,230.63,934.5000000000001,1,1,1.0
1947,1,549.3,100.59,230.07000000000005,934.4999999999999,1,1,1.0
1948,1,548.81,100.92,230.44000000000005,934.5000000000001,1,1,1.0
1949,1,548.72,100.83,230.05999999999995,934.4999999999999,1,1,1.0
1950,1,548.81,101.11,230.44000000000005,934.4999999999999,1,1,1.0
1951,1,548.77,100.55,230.06000000000006,934.5,1,1,1.0
1952,1,549.35,100.69,229.88,934.5,1,1,1.0
1953,1,550.03,100.59,229.31000000000006,934.4999999999999,1,1,1.0
1954,1,550.62,100.12,228.75,934.4999999999999,1,1,1.0
1955,1,550.85,98.02,228.75,938.25,1,1,1.0
1956,1,550.31,97.31,229.31000000000006,938.25,1,1,1.0
1957,1,552.09,97.41,226.5,938.2500000000001,1,1,1.0
1958,1,551.81,96.52,225.56000000000006,939.75,1,1,1.0
1959,1,551.62,95.95,225.57000000000005,939.75,1,1,1.0
1960,1,554.27,96.14,223.69000000000005,939.7500000000001,1,1,1.0
1961,1,554.3,96.75,228.0,938.25,1,1,1.0
1962,1,553.1,95.02,234.93999999999994,939.75,1,1,1.0
1963,1,551.53,93.42,237.94000000000005,942.0000000000001,1,1,1.0
1964,1,547.59,91.97,243.56999999999994,944.25,1,1,1.0
1965,1,543.45,91.55,251.05999999999995,944.25,1,1,1.0
1966,1,539.2,90.14,261.93999999999994,946.5000000000001,1,1,1.0
1967,1,536.7,88.83,269.62,947.9999999999999,1,1,1.0
1968,1,535.88,88.17,277.31000000000006,948.0000000000001,1,1,1.0
1969,1,536.62,89.06,285.18999999999994,938.25,1,1,1.0
1970,1,538.83,88.27,289.68999999999994,906.75,1,1,1.0
1971,1,541.03,88.17,292.13,886.5,1,1,1.0
1972,1,545.11,86.44,293.05999999999995,876.75,1,1,1.0
1973,1,553.27,85.03,290.43000000000006,871.5,1,1,1.0
1974,1,559.22,84.0,289.68999999999994,872.25,1,1,1.0
1975,1,561.66,82.59,291.75,873.75,1,1,1.0
1976,1,565.97,81.75,291.0,873.75,1,1,1.0
1977,1,570.0,81.75,289.69000000000005,874.5,1,1,1.0
1978,1,575.48,81.09,287.06999999999994,874.5,1,1,1.0
1979,1,580.5,79.97,285.75,876.0,1,1,1.0
1980,1,586.12,79.69,285.0,874.5,1,1,1.0
1981,1,587.16,78.84,287.81000000000006,872.25,1,1,1.0
1982,1,588.19,78.0,290.05999999999995,869.25,1,1,1.0
1983,1,590.34,78.0,291.0,872.25,1,1,1.0
1984,1,597.47,78.09,287.05999999999995,876.0,1,1,1.0
1985,1,602.34,79.22,285.18999999999994,871.5,1,1,1.0
1986,1,605.16,79.5,285.18000000000006,866.25,1,1,1.0
1987,1,610.12,79.97,283.13,835.5,1,1,1.0
1988,1,616.38,72.42,279.94000000000005,834.75,1,1,1.0
1989,1,623.62,68.16,274.68999999999994,818.25,1,1,1.0
1990,1,627.61,62.77,273.93999999999994,815.25,1,1,1.0
1991,1,633.05,58.64,273.56000000000006,779.25,1,1,1.0
1992,1,635.06,51.19,271.69000000000005,741.75,1,1,1.0
1993,1,640.78,45.94,271.69000000000005,727.8699999999999,1,1,1.0
1994,1,645.09,42.47,267.0,722.62,1,1,1.0
1995,1,649.83,38.53,262.12,727.5,1,1,1.0
1996,1,654.47,36.66,258.55999999999995,729.0,1,1,1.0
1997,1,658.97,34.41,256.30999999999995,732.75,1,1,1.0
1998,1,662.11,36.19,255.75,729.0,1,1,1.0
1999,1,666.33,36.75,253.5,727.5,1,1,1.0
2000,1,669.7,37.59,252.38,723.38,1,1,1.0
2001,1,675.66,39.84,249.37,718.88,1,1,1.0
2002,1,681.98,40.59,244.88,714.75,1,1,1.0
2003,1,685.78,40.69,244.13,712.8699999999999,1,1,1.0
2004,1,691.27,38.81,239.81000000000006,710.6300000000001,1,1,1.0
2005,1,698.58,33.75,232.5,697.5,1,1,1.0
2006,1,706.31,28.08,226.5,687.0,1,1,1.0
2007,1,711.94,22.64,223.1199999999999,682.88,1,1,1.0
2008,1,715.41,16.45,220.31000000000006,669.75,1,1,1.0
2009,1,719.34,15.91,219.56999999999994,637.13,1,1,1.0
2010,1,721.97,14.06,219.55999999999995,621.0,1,1,1.0
2011,1,723.61,9.8,222.37,619.87,1,1,1.0
2012,1,725.62,7.83,222.18999999999994,621.0,1,1,1.0
2013,1,727.45,7.43,222.0,622.12,1,1,1.0
2014,1,729.0,6.02,221.44000000000005,620.63,1,1,1.0
2015,1,730.97,6.33,221.80999999999995,619.12,1,1,1.0
2016,1,732.7,7.45,222.38,619.88,1,1,1.0
2017,1,735.0,7.62,223.5,619.12,1,1,1.0
2018,1,736.92,8.04,225.0,618.0,1,1,1.0
2019,1,737.95,8.65,228.0,617.25,1,1,1.0
2020,1,737.95,8.37,232.5,618.0,1,1,1.0
2021,1,738.61,8.3,235.30999999999995,618.37,1,1,1.0
2022,1,742.17,5.62,234.75,606.76,1,1,1.0
2023,1,746.58,3.19,233.80999999999995,594.0,1,1,1.0
2024,1,756.84,0.7,227.06999999999994,585.38,1,1,1.0
2025,1,766.94,-1.12,223.13,568.12,1,1,1.0
2026,1,778.34,-1.38,213.0,549.75,1,1,1.0
2027,1,792.84,-2.34,196.5,541.5,1,1,1.0
2028,1,804.56,-2.16,183.56000000000006,537.75,1,1,1.0
2029,1,812.58,-2.16,172.87,537.75,1,1,1.0
2030,1,819.75,-1.69,163.87,535.1300000000001,1,1,1.0
2031,1,828.52,-1.88,154.02999999999997,534.76,1,1,1.0
2032,1,835.12,-3.19,156.18999999999994,536.25,1,1,1.0
2033,1,841.64,-3.09,166.40999999999997,536.62,1,1,1.0
2034,1,847.83,-2.91,175.77999999999997,537.75,1,1,1.0
2035,1,849.98,-1.17,185.53999999999996,534.75,1,1,1.0
2036,1,850.22,-0.75,188.44000000000005,533.63,1,1,1.0
2037,1,851.2,0.52,187.97000000000003,531.37,1,1,1.0
2038,1,851.86,1.31,187.9699999999999,527.6300000000001,1,1,1.0
2039,1,853.45,1.5,186.65999999999985,514.12,1,1,1.0
2040,1,857.53,0.56,184.69000000000005,504.75,1,1,1.0
2041,1,863.86,-0.61,184.2199999999999,490.13,1,1,1.0
2042,1,872.65,-1.12,181.31000000000006,479.62,1,1,1.0
2043,1,882.54,-0.75,182.62000000000012,477.0,1,1,1.0
2044,1,899.53,2.04,180.08999999999992,472.12,1,1,1.0
2045,1,917.11,2.34,176.34000000000003,470.63000000000005,1,1,1.0
2046,1,951.23,1.99,143.72000000000003,471.0,1,1,1.0
2047,1,960.7,-1.59,157.02999999999997,476.61999999999995,1,1,1.0
2048,1,960.94,-1.31,149.05999999999995,478.12,1,1,1.0
2049,1,961.69,-0.66,165.3699999999999,475.13000000000005,1,1,1.0
2050,1,961.83,0.09,169.9699999999999,473.63000000000005,1,1,1.0
2051,1,962.39,0.09,175.0300000000001,473.63000000000005,1,1,1.0
2052,1,962.53,-0.47,180.55999999999995,474.75,1,1,1.0
2053,1,965.77,3.38,174.93000000000006,467.24,1,1,1.0
2054,1,962.62,4.22,177.57000000000005,468.75,1,1,1.0
2055,1,962.86,6.47,185.34000000000003,465.0,1,1,1.0
2056,1,969.91,11.3,179.63,457.87,1,1,1.0
2057,1,993.61,25.29,155.7199999999999,442.5,1,1,1.0
