1074,1,1022.02,9.38,119.05999999999995,454.87,1,1,1.0
1075,1,1021.55,4.92,120.0,459.75,1,1,1.0
1076,1,1014.94,3.42,129.75,460.88,1,1,1.0
1077,1,998.79,4.5,149.62000000000012,460.12,1,1,1.0
1078,1,981.02,4.78,167.44000000000005,460.13000000000005,1,1,1.0
1079,1,965.72,2.25,182.25,468.0,1,1,1.0
1080,1,952.69,3.61,192.19000000000005,471.75,1,1,1.0
1081,1,941.25,1.43,197.44000000000005,483.37,1,1,1.0
1082,1,928.69,0.98,195.75,494.63,1,1,1.0
1083,1,921.47,-0.07,200.44000000000005,501.0,1,1,1.0
1084,1,914.53,1.41,210.75,501.36999999999995,1,1,1.0
1085,1,907.03,-0.47,207.3800000000001,515.25,1,1,1.0
1086,1,902.81,-0.56,200.80999999999995,519.3699999999999,1,1,1.0
1087,1,900.38,-0.84,203.06000000000006,522.0,1,1,1.0
1088,1,897.0,-0.47,208.5,520.88,1,1,1.0
1089,1,894.84,-1.31,203.63,519.75,1,1,1.0
1090,1,891.84,-0.66,203.63,518.63,1,1,1.0
1091,1,890.02,-1.69,200.25,519.75,1,1,1.0
1092,1,887.16,-0.23,193.12,517.12,1,1,1.0
1093,1,884.25,1.92,186.0,511.87999999999994,1,1,1.0
1094,1,884.2,3.09,182.44000000000005,510.38000000000005,1,1,1.0
1095,1,883.69,2.09,180.19000000000005,510.00000000000006,1,1,1.0
1096,1,882.12,2.79,179.7199999999999,509.99999999999994,1,1,1.0
1097,1,872.98,3.75,186.0,518.63,1,1,1.0
1098,1,861.84,0.89,194.82000000000005,540.0,1,1,1.0
1099,1,853.97,0.96,198.75,549.75,1,1,1.0
1100,1,854.44,-0.38,193.8699999999999,562.88,1,1,1.0
1101,1,855.89,-0.09,187.59000000000003,565.12,1,1,1.0
1102,1,858.84,0.33,180.85000000000002,575.62,1,1,1.0
1103,1,854.77,0.0,181.87000000000012,586.88,1,1,1.0
1104,1,847.41,-0.19,185.81000000000006,591.0,1,1,1.0
1105,1,840.61,-0.19,184.9699999999999,590.25,1,1,1.0
1106,1,832.03,0.61,187.13,589.12,1,1,1.0
1107,1,824.67,0.19,190.41000000000008,589.5,1,1,1.0
1108,1,817.31,-0.14,195.75,590.25,1,1,1.0
1109,1,810.05,-0.38,201.56000000000006,590.26,1,1,1.0
1110,1,802.59,0.47,208.68999999999994,589.5,1,1,1.0
1111,1,795.94,1.78,213.55999999999995,587.63,1,1,1.0
1112,1,788.91,2.91,218.81000000000006,587.62,1,1,1.0
1113,1,785.77,5.34,218.81000000000006,599.25,1,1,1.0
1114,1,782.48,7.5,220.31999999999994,619.88,1,1,1.0
1115,1,778.31,9.28,221.44000000000005,637.5,1,1,1.0
1116,1,775.83,11.25,221.62,646.13,1,1,1.0
1117,1,773.34,14.34,222.38,651.75,1,1,1.0
1118,1,771.61,16.88,223.12,657.74,1,1,1.0
1119,1,769.73,18.66,224.81999999999994,664.12,1,1,1.0
1120,1,768.0,20.11,225.55999999999995,664.5,1,1,1.0
1121,1,766.5,19.55,228.0,668.25,1,1,1.0
1122,1,766.31,19.08,229.8800000000001,669.37,1,1,1.0
1123,1,765.94,18.75,232.30999999999995,671.63,1,1,1.0
1124,1,766.55,18.8,233.25,671.62,1,1,1.0
1125,1,768.19,18.56,232.5,672.3800000000001,1,1,1.0
1126,1,769.59,19.5,231.93999999999994,671.62,1,1,1.0
1127,1,771.28,20.95,230.63,668.25,1,1,1.0
1128,1,770.81,22.03,230.06000000000006,667.5,1,1,1.0
1129,1,769.36,24.05,230.62,665.25,1,1,1.0
1130,1,766.88,26.53,231.74,679.13,1,1,1.0
1131,1,765.19,29.48,230.05999999999995,694.5,1,1,1.0
1132,1,761.11,31.55,231.93999999999994,711.75,1,1,1.0
1133,1,756.38,35.81,234.37,719.6300000000001,1,1,1.0
1134,1,750.66,39.28,236.62,731.63,1,1,1.0
1135,1,745.41,42.66,237.18000000000006,729.75,1,1,1.0
1136,1,738.38,42.84,240.0,736.88,1,1,1.0
1137,1,732.19,42.75,241.8699999999999,739.5,1,1,1.0
1138,1,724.22,42.94,244.30999999999995,738.3699999999999,1,1,1.0
1139,1,716.44,42.75,245.80999999999995,735.75,1,1,1.0
1140,1,709.31,43.59,247.69000000000005,734.63,1,1,1.0
1141,1,698.91,43.78,252.37,733.5,1,1,1.0
1142,1,691.03,43.31,254.06000000000006,735.3800000000001,1,1,1.0
1143,1,682.12,43.97,256.32000000000005,732.75,1,1,1.0
1144,1,674.25,44.16,260.25,734.62,1,1,1.0
1145,1,664.83,45.66,269.25,739.5,1,1,1.0
1146,1,657.66,47.53,277.87,758.25,1,1,1.0
1147,1,648.14,49.99,289.69000000000005,777.0,1,1,1.0
1148,1,642.75,50.62,297.37,800.26,1,1,1.0
1149,1,637.31,53.48,304.8800000000001,811.5,1,1,1.0
1150,1,633.7,56.11,309.38,816.0,1,1,1.0
1151,1,629.53,58.69,315.19000000000005,827.25,1,1,1.0
1152,1,627.23,60.98,319.13,834.0,1,1,1.0
1153,1,626.39,62.62,322.31000000000006,837.0,1,1,1.0
1154,1,625.12,64.08,324.38,837.0,1,1,1.0
1155,1,625.97,63.56,324.37,838.5,1,1,1.0
1156,1,629.62,62.86,320.63,840.75,1,1,1.0
1157,1,631.83,62.72,318.37,841.5,1,1,1.0
1158,1,636.0,62.86,312.75,841.5,1,1,1.0
1159,1,637.41,63.98,309.0,840.75,1,1,1.0
1160,1,642.0,64.78,300.38,841.5,1,1,1.0
1161,1,646.64,65.39,289.69000000000005,840.75,1,1,1.0
1162,1,650.67,66.28,281.63,840.0,1,1,1.0
1163,1,653.06,67.08,276.56000000000006,839.25,1,1,1.0
1164,1,654.47,68.39,272.62,837.0,1,1,1.0
1165,1,654.52,69.47,270.75,835.5,1,1,1.0
1166,1,654.28,72.09,268.69000000000005,831.75,1,1,1.0
1167,1,650.81,73.78,270.94000000000005,830.25,1,1,1.0
1168,1,648.33,75.8,270.75,831.75,1,1,1.0
1169,1,643.78,76.88,269.06000000000006,842.24,1,1,1.0
1170,1,634.5,79.78,273.94000000000005,860.25,1,1,1.0
1171,1,628.59,81.28,275.63,863.25,1,1,1.0
1172,1,621.94,83.25,277.30999999999995,870.75,1,1,1.0
1173,1,614.91,85.88,279.37,874.5,1,1,1.0
1174,1,608.53,90.05,276.56000000000006,882.0,1,1,1.0
1175,1,609.47,91.83,265.12,889.5,1,1,1.0
1176,1,602.53,93.98,264.38,893.25,1,1,1.0
1177,1,594.75,94.97,268.69000000000005,892.5,1,1,1.0
1178,1,591.09,93.75,272.63,894.0,1,1,1.0
1179,1,575.34,91.97,287.06999999999994,897.75,1,1,1.0
1180,1,570.0,90.94,293.05999999999995,898.5,1,1,1.0
1181,1,565.73,90.28,296.25,899.25,1,1,1.0
1182,1,559.31,91.12,299.44000000000005,897.76,1,1,1.0
1183,1,553.03,91.97,304.13,898.5,1,1,1.0
1184,1,541.64,93.33,312.94000000000005,894.0,1,1,1.0
1185,1,530.44,95.39,319.68999999999994,893.25,1,1,1.0
1186,1,517.45,96.7,327.75,892.5,1,1,1.0
1187,1,508.73,98.67,331.68999999999994,892.5,1,1,1.0
1188,1,496.41,98.34,338.43,894.0,1,1,1.0
1189,1,491.25,99.23,337.87,894.75,1,1,1.0
1190,1,487.5,101.39,338.44000000000005,893.25,1,1,1.0
1191,1,483.38,102.52,343.5,896.25,1,1,1.0
1192,1,481.59,103.64,345.75000000000006,915.0,1,1,1.0
1193,1,480.47,104.34,347.62,939.7499999999999,1,1,1.0
1194,1,480.75,104.91,339.0,954.7500000000001,1,1,1.0
1195,1,481.31,107.34,330.19,963.7499999999999,1,1,1.0
1196,1,482.25,109.31,330.94000000000005,962.25,1,1,1.0
1197,1,485.53,109.69,330.0,962.25,1,1,1.0
1198,1,490.78,110.06,325.88,962.25,1,1,1.0
1199,1,497.72,110.06,320.62,962.25,1,1,1.0
1200,1,507.38,110.25,310.87,963.75,1,1,1.0
1201,1,516.09,110.06,302.81999999999994,963.75,1,1,1.0
1202,1,525.28,110.62,293.44000000000005,963.7600000000001,1,1,1.0
1203,1,528.94,110.81,289.68999999999994,963.75,1,1,1.0
1204,1,528.75,112.41,288.94000000000005,962.2500000000001,1,1,1.0
1205,1,530.62,112.97,285.76,962.25,1,1,1.0
1206,1,529.88,115.31,284.62,960.0,1,1,1.0
1207,1,529.69,117.84,283.68999999999994,956.9999999999999,1,1,1.0
1208,1,529.12,120.56,285.76,953.25,1,1,1.0
1209,1,528.38,120.94,287.24,953.25,1,1,1.0
1210,1,529.41,120.94,285.75,953.25,1,1,1.0
1211,1,530.44,121.12,285.0,953.2600000000001,1,1,1.0
1212,1,530.53,122.25,285.0,951.75,1,1,1.0
1213,1,529.78,122.16,286.69000000000005,951.7500000000001,1,1,1.0
1214,1,530.62,121.88,287.07000000000005,951.7399999999999,1,1,1.0
1215,1,530.16,121.88,284.62,951.7399999999999,1,1,1.0
1216,1,531.47,121.22,282.55999999999995,953.25,1,1,1.0
1217,1,532.31,120.19,279.3800000000001,954.75,1,1,1.0
1218,1,532.97,119.72,278.25,953.25,1,1,1.0
1219,1,533.72,119.06,276.93999999999994,953.25,1,1,1.0
1220,1,533.16,119.81,276.0,951.75,1,1,1.0
1221,1,533.34,118.78,275.06999999999994,953.25,1,1,1.0
1222,1,531.66,118.12,275.25,953.2600000000001,1,1,1.0
1223,1,523.97,116.91,281.62,954.7500000000001,1,1,1.0
1224,1,509.06,115.69,294.56,957.0,1,1,1.0
1225,1,496.78,115.5,306.56000000000006,957.0,1,1,1.0
1226,1,488.81,113.72,314.44,958.5,1,1,1.0
1227,1,480.94,113.34,322.50000000000006,958.4999999999999,1,1,1.0
1228,1,475.78,112.22,328.69000000000005,960.0,1,1,1.0
1229,1,472.59,111.38,331.69,962.2399999999999,1,1,1.0
1230,1,467.53,110.81,336.75,963.75,1,1,1.0
1231,1,463.5,109.69,342.19000000000005,965.25,1,1,1.0
1232,1,462.38,108.19,343.5,967.5,1,1,1.0
1233,1,461.44,107.81,342.75000000000006,967.5,1,1,1.0
1234,1,458.34,106.59,343.88000000000005,968.9999999999999,1,1,1.0
1235,1,459.75,105.94,338.63,969.0,1,1,1.0
1236,1,456.84,105.09,333.94,967.4999999999999,1,1,1.0
1237,1,457.88,105.05,324.0,965.25,1,1,1.0
1238,1,455.53,103.92,315.19000000000005,967.5000000000001,1,1,1.0
1239,1,453.23,103.22,309.93999999999994,969.0,1,1,1.0
1240,1,450.19,103.97,310.11999999999995,965.25,1,1,1.0
1241,1,447.14,103.92,312.38,963.7500000000001,1,1,1.0
1242,1,447.14,104.25,312.0,965.25,1,1,1.0
1243,1,446.39,104.25,311.44000000000005,965.25,1,1,1.0
1244,1,443.67,103.88,314.06,965.2399999999999,1,1,1.0
1245,1,442.03,102.98,315.75,967.5,1,1,1.0
1246,1,441.05,102.98,316.31,967.5,1,1,1.0
1247,1,440.53,103.31,316.69000000000005,967.5,1,1,1.0
1248,1,440.44,104.77,316.86999999999995,965.25,1,1,1.0
1249,1,441.38,103.88,315.17999999999995,967.5000000000001,1,1,1.0
1250,1,440.34,103.92,316.32,967.5000000000001,1,1,1.0
1251,1,439.55,104.16,316.31,967.5000000000001,1,1,1.0
1252,1,440.25,104.06,315.75,967.5,1,1,1.0
1253,1,440.77,103.64,315.37,967.5000000000001,1,1,1.0
1254,1,441.61,103.88,313.30999999999995,967.5000000000001,1,1,1.0
1255,1,440.3,103.55,314.81,967.5,1,1,1.0
1256,1,440.3,103.5,315.36999999999995,967.5,1,1,1.0
1257,1,441.14,104.53,315.19000000000005,965.25,1,1,1.0
1258,1,443.11,104.39,312.75,965.2500000000001,1,1,1.0
1259,1,445.69,103.31,309.36999999999995,967.5,1,1,1.0
1260,1,445.41,104.62,309.93,965.2600000000001,1,1,1.0
1261,1,446.53,104.81,309.0,965.25,1,1,1.0
1262,1,446.62,104.72,308.43999999999994,965.25,1,1,1.0
1263,1,446.06,105.14,309.94,965.2500000000001,1,1,1.0
1264,1,446.3,104.67,309.36999999999995,965.2500000000001,1,1,1.0
1265,1,444.98,104.72,310.5,965.25,1,1,1.0
1266,1,442.45,104.95,314.07,965.25,1,1,1.0
1267,1,441.05,105.09,314.81,965.2499999999999,1,1,1.0
1268,1,440.3,105.05,315.36999999999995,965.25,1,1,1.0
1269,1,438.66,104.11,316.86999999999995,967.4999999999999,1,1,1.0
1270,1,438.98,104.06,317.25,967.5,1,1,1.0
1271,1,437.34,104.06,318.38000000000005,967.5,1,1,1.0
1272,1,437.3,104.91,318.36999999999995,965.2500000000001,1,1,1.0
1273,1,435.89,105.05,320.63,965.25,1,1,1.0
1274,1,435.33,104.2,321.19,967.5,1,1,1.0
1275,1,436.22,104.44,320.62,967.5,1,1,1.0
1276,1,438.89,105.0,318.0,965.25,1,1,1.0
1277,1,439.55,105.19,316.69,965.25,1,1,1.0
1278,1,443.86,105.28,311.43999999999994,965.25,1,1,1.0
1279,1,446.44,105.33,309.36999999999995,965.2499999999999,1,1,1.0
1280,1,449.02,105.28,306.56000000000006,965.25,1,1,1.0
1281,1,451.69,105.89,304.50000000000006,963.7500000000001,1,1,1.0
1282,1,453.56,104.91,303.19,965.2500000000001,1,1,1.0
1283,1,453.52,105.14,303.93000000000006,965.2500000000001,1,1,1.0
1284,1,454.27,105.56,302.81000000000006,965.25,1,1,1.0
1285,1,455.02,105.33,301.87,965.2499999999999,1,1,1.0
1286,1,454.83,105.23,301.50000000000006,965.25,1,1,1.0
1287,1,453.89,105.09,302.81000000000006,965.2499999999999,1,1,1.0
1288,1,453.47,104.95,303.55999999999995,965.25,1,1,1.0
1289,1,451.64,105.56,304.88,963.75,1,1,1.0
1290,1,450.61,105.05,306.37,965.25,1,1,1.0
1291,1,450.09,104.81,306.38000000000005,965.25,1,1,1.0
1292,1,448.73,105.38,306.93999999999994,965.2399999999999,1,1,1.0
1293,1,448.17,105.05,307.69,965.25,1,1,1.0
1294,1,445.64,104.81,310.5,965.25,1,1,1.0
1295,1,444.42,105.14,312.74999999999994,965.2500000000001,1,1,1.0
1296,1,444.33,105.05,312.37000000000006,965.25,1,1,1.0
1297,1,445.92,104.58,310.87999999999994,965.2499999999999,1,1,1.0
1298,1,446.58,104.95,310.50000000000006,965.25,1,1,1.0
1299,1,448.64,104.91,309.0,965.2500000000001,1,1,1.0
1300,1,450.33,103.78,308.44,967.5,1,1,1.0
1301,1,451.92,103.69,306.37999999999994,967.5,1,1,1.0
1302,1,453.61,103.78,304.12,967.5,1,1,1.0
1303,1,455.67,103.83,301.87999999999994,967.4999999999999,1,1,1.0
1304,1,458.81,103.83,299.06,967.4999999999999,1,1,1.0
1305,1,462.14,104.02,294.94000000000005,967.5,1,1,1.0
1306,1,464.25,103.73,293.05999999999995,967.5,1,1,1.0
1307,1,465.38,103.92,291.37,967.5000000000001,1,1,1.0
1308,1,465.05,103.73,292.11999999999995,967.5,1,1,1.0
1309,1,464.02,104.02,293.81000000000006,967.5,1,1,1.0
1310,1,463.31,103.22,293.81,969.0,1,1,1.0
1311,1,463.12,103.17,293.82000000000005,969.0000000000001,1,1,1.0
1312,1,462.56,103.27,294.94,969.0,1,1,1.0
1313,1,461.62,103.69,296.26,967.5,1,1,1.0
1314,1,460.78,103.08,296.63,968.9999999999999,1,1,1.0
1315,1,458.44,103.92,299.44,967.5000000000001,1,1,1.0
1316,1,456.8,103.88,300.36999999999995,967.5000000000001,1,1,1.0
1317,1,454.92,103.78,302.81,967.5,1,1,1.0
1318,1,453.47,103.69,303.55999999999995,967.5,1,1,1.0
1319,1,452.48,104.58,304.13,965.2499999999999,1,1,1.0
1320,1,451.27,103.5,305.62,967.5,1,1,1.0
1321,1,449.95,103.73,307.69,967.5,1,1,1.0
1322,1,448.88,103.73,308.81000000000006,967.5,1,1,1.0
1323,1,448.08,103.69,308.81,967.5,1,1,1.0
1324,1,446.67,103.55,310.87999999999994,967.5,1,1,1.0
1325,1,445.64,103.64,312.0,967.5000000000001,1,1,1.0
1326,1,444.23,103.59,312.75,967.4999999999999,1,1,1.0
1327,1,443.58,103.73,314.06,967.5,1,1,1.0
1328,1,442.03,103.88,314.44000000000005,967.5000000000001,1,1,1.0
1329,1,440.3,104.91,316.31,965.2500000000001,1,1,1.0
1330,1,438.42,104.06,317.99999999999994,967.5,1,1,1.0
1331,1,436.59,103.83,319.13000000000005,967.4999999999999,1,1,1.0
1332,1,435.52,103.92,321.18000000000006,967.5000000000001,1,1,1.0
1333,1,434.34,103.92,321.94,967.5000000000001,1,1,1.0
1334,1,437.39,103.92,318.75,967.5000000000001,1,1,1.0
1335,1,440.34,103.78,315.38000000000005,967.5,1,1,1.0
1336,1,443.3,103.78,313.31,967.5,1,1,1.0
1337,1,445.73,103.64,311.25,967.5000000000001,1,1,1.0
1338,1,448.88,103.64,308.42999999999995,967.5000000000001,1,1,1.0
1339,1,450.56,103.88,306.56,967.5000000000001,1,1,1.0
1340,1,452.34,104.86,304.13000000000005,965.2499999999999,1,1,1.0
1341,1,453.05,104.25,304.11999999999995,967.5,1,1,1.0
1342,1,453.52,104.11,304.12,967.4999999999999,1,1,1.0
1343,1,453.19,104.67,303.94,965.2500000000001,1,1,1.0
1344,1,453.75,104.72,302.80999999999995,965.25,1,1,1.0
1345,1,452.06,104.25,302.44,967.5,1,1,1.0
1346,1,451.69,104.44,303.19,967.5,1,1,1.0
1347,1,451.03,104.2,304.5,967.5,1,1,1.0
1348,1,449.91,103.83,305.61999999999995,967.4999999999999,1,1,1.0
1349,1,448.78,103.78,307.5,967.5,1,1,1.0
1350,1,447.84,103.78,307.69,967.5,1,1,1.0
1351,1,445.12,103.73,311.26,967.5,1,1,1.0
1352,1,445.27,103.92,311.25,967.5000000000001,1,1,1.0
1353,1,444.84,103.78,311.44,967.5,1,1,1.0
1354,1,444.42,103.69,312.37999999999994,967.5,1,1,1.0
1355,1,444.47,103.59,311.25,967.4999999999999,1,1,1.0
1356,1,444.14,103.83,312.0,967.4999999999999,1,1,1.0
1357,1,444.47,103.88,312.75,967.5000000000001,1,1,1.0
1358,1,442.97,103.88,313.30999999999995,967.5000000000001,1,1,1.0
1359,1,440.77,104.02,316.31000000000006,967.5,1,1,1.0
1360,1,435.38,102.94,320.62,969.0,1,1,1.0
1361,1,436.45,103.73,320.63000000000005,967.5,1,1,1.0
1362,1,436.73,103.78,319.5,967.5,1,1,1.0
1363,1,436.36,103.41,319.5,967.5000000000001,1,1,1.0
1364,1,437.06,103.92,319.49999999999994,967.5000000000001,1,1,1.0
1365,1,436.88,104.11,319.67999999999995,967.4999999999999,1,1,1.0
1366,1,436.41,103.03,319.68,969.0,1,1,1.0
1367,1,436.73,103.17,319.68999999999994,969.0000000000001,1,1,1.0
1368,1,436.59,103.73,319.50000000000006,967.5,1,1,1.0
1369,1,439.78,103.45,316.88,967.5,1,1,1.0
1370,1,443.3,103.5,313.31,967.5,1,1,1.0
1371,1,444.66,103.03,311.24999999999994,969.0,1,1,1.0
1372,1,447.0,103.12,309.38,968.9999999999999,1,1,1.0
1373,1,446.62,103.12,309.0,968.9999999999999,1,1,1.0
1374,1,449.11,103.64,306.55999999999995,967.5000000000001,1,1,1.0
1375,1,451.17,103.69,305.62999999999994,967.5,1,1,1.0
1376,1,451.78,102.98,304.13,969.0,1,1,1.0
1377,1,453.0,102.8,302.44000000000005,969.0,1,1,1.0
1378,1,454.5,102.94,301.88,969.0,1,1,1.0
1379,1,456.0,103.03,299.44000000000005,969.0,1,1,1.0
1380,1,457.97,102.7,297.55999999999995,969.0,1,1,1.0
1381,1,459.09,103.41,296.63000000000005,967.5000000000001,1,1,1.0
1382,1,459.84,102.84,296.63000000000005,968.9999999999999,1,1,1.0
1383,1,459.33,102.89,297.37000000000006,969.0000000000001,1,1,1.0
1384,1,459.47,102.8,297.37,969.0,1,1,1.0
1385,1,459.56,102.52,297.56,969.0,1,1,1.0
1386,1,459.38,102.8,297.56000000000006,969.0,1,1,1.0
1387,1,458.62,103.12,297.57000000000005,968.9999999999999,1,1,1.0
1388,1,457.78,103.36,297.56000000000006,967.4999999999999,1,1,1.0
1389,1,455.77,103.31,300.37,967.5,1,1,1.0
1390,1,454.22,102.75,302.43999999999994,969.0,1,1,1.0
1391,1,452.58,103.27,304.12000000000006,967.5,1,1,1.0
1392,1,450.56,103.69,306.38000000000005,967.5,1,1,1.0
1393,1,449.72,102.94,307.5,969.0,1,1,1.0
1394,1,447.09,102.8,310.13000000000005,969.0,1,1,1.0
1395,1,445.64,103.12,311.44000000000005,968.9999999999999,1,1,1.0
1396,1,443.2,103.59,313.69,967.4999999999999,1,1,1.0
1397,1,440.91,103.5,315.74999999999994,967.5,1,1,1.0
1398,1,440.58,103.78,315.75000000000006,967.5,1,1,1.0
1399,1,439.5,102.84,317.25,968.9999999999999,1,1,1.0
1400,1,439.45,103.22,318.00000000000006,967.5,1,1,1.0
1401,1,439.31,103.41,316.88000000000005,967.5000000000001,1,1,1.0
1402,1,440.39,103.41,315.75,967.5000000000001,1,1,1.0
1403,1,438.98,103.17,316.68999999999994,967.5000000000001,1,1,1.0
1404,1,438.75,103.17,317.63,967.5000000000001,1,1,1.0
1405,1,438.98,102.8,317.63,969.0,1,1,1.0
1406,1,438.7,102.61,317.25000000000006,968.9999999999999,1,1,1.0
1407,1,438.23,103.31,318.0,967.5,1,1,1.0
1408,1,438.23,103.08,318.0,968.9999999999999,1,1,1.0
1409,1,437.53,103.22,319.5,967.5,1,1,1.0
1410,1,439.12,102.98,318.0,969.0,1,1,1.0
1411,1,437.95,102.7,319.50000000000006,969.0,1,1,1.0
1412,1,438.38,103.31,318.74,967.5,1,1,1.0
1413,1,438.66,103.12,318.36999999999995,967.4999999999999,1,1,1.0
1414,1,438.61,102.89,318.37,967.5000000000001,1,1,1.0
1415,1,438.61,103.17,318.75,967.5000000000001,1,1,1.0
1416,1,438.56,102.94,317.99999999999994,967.5,1,1,1.0
1417,1,438.14,102.98,319.5,969.0,1,1,1.0
1418,1,438.28,102.89,319.13,969.0000000000001,1,1,1.0
1419,1,437.72,103.27,318.75,967.5,1,1,1.0
1420,1,438.09,103.12,318.38000000000005,967.4999999999999,1,1,1.0
1421,1,438.14,103.17,318.0,967.5000000000001,1,1,1.0
1422,1,437.91,102.89,317.61999999999995,967.5000000000001,1,1,1.0
1423,1,436.69,103.12,319.50000000000006,967.4999999999999,1,1,1.0
1424,1,436.73,103.27,319.68999999999994,967.5,1,1,1.0
1425,1,435.61,102.61,320.62,968.9999999999999,1,1,1.0
1426,1,436.17,102.89,319.49999999999994,969.0000000000001,1,1,1.0
1427,1,436.5,103.22,320.05999999999995,967.5,1,1,1.0
1428,1,436.17,103.17,320.06,967.5000000000001,1,1,1.0
1429,1,436.55,103.36,320.61999999999995,967.4999999999999,1,1,1.0
1430,1,436.41,102.89,320.06,967.5000000000001,1,1,1.0
1431,1,436.08,103.31,320.62000000000006,967.5,1,1,1.0
1432,1,436.5,103.17,320.05999999999995,967.5000000000001,1,1,1.0
1433,1,436.45,102.84,320.07,968.9999999999999,1,1,1.0
1434,1,436.73,102.98,319.5,969.0,1,1,1.0
1435,1,437.86,103.03,317.25,967.5,1,1,1.0
1436,1,437.44,102.84,318.00000000000006,968.9999999999999,1,1,1.0
1437,1,440.02,102.75,315.37,969.0,1,1,1.0
1438,1,440.44,102.38,315.36999999999995,969.0000000000001,1,1,1.0
1439,1,439.17,102.98,316.31,967.5,1,1,1.0
1440,1,441.33,103.03,314.81,967.5,1,1,1.0
1441,1,440.62,103.45,315.18999999999994,967.5,1,1,1.0
1442,1,441.94,102.56,314.44,969.0,1,1,1.0
1443,1,442.83,102.52,313.31,969.0,1,1,1.0
1444,1,444.61,102.56,311.25,969.0,1,1,1.0
1445,1,446.2,103.41,309.38000000000005,967.5000000000001,1,1,1.0
1446,1,447.33,102.66,309.94,969.0000000000001,1,1,1.0
1447,1,448.69,102.75,308.81,969.0,1,1,1.0
1448,1,449.77,103.08,307.5,967.4999999999999,1,1,1.0
1449,1,450.61,102.89,306.93999999999994,967.5000000000001,1,1,1.0
1450,1,451.83,102.98,306.56,967.5,1,1,1.0
1451,1,452.58,102.75,305.62000000000006,967.5,1,1,1.0
1452,1,452.81,102.7,304.88000000000005,967.5,1,1,1.0
1453,1,453.19,102.42,303.94,969.0000000000001,1,1,1.0
1454,1,453.84,102.8,302.82,967.5,1,1,1.0
1455,1,454.88,102.8,301.87,967.5,1,1,1.0
1456,1,455.11,102.84,301.87,967.4999999999999,1,1,1.0
1457,1,455.25,103.08,301.87,967.4999999999999,1,1,1.0
1458,1,455.44,102.42,301.86999999999995,969.0000000000001,1,1,1.0
1459,1,455.77,102.7,302.06000000000006,969.0,1,1,1.0
1460,1,455.72,102.56,301.87,969.0,1,1,1.0
1461,1,455.62,103.31,301.88,967.5,1,1,1.0
1462,1,455.3,102.38,301.86999999999995,969.0000000000001,1,1,1.0
1463,1,455.2,102.33,302.44,968.9999999999999,1,1,1.0
1464,1,455.91,102.38,301.11999999999995,969.0000000000001,1,1,1.0
1465,1,456.28,102.7,300.0,967.5,1,1,1.0
1466,1,457.22,103.31,300.0,967.5,1,1,1.0
1467,1,456.75,102.66,300.0,969.0000000000001,1,1,1.0
1468,1,456.8,103.12,300.56,967.4999999999999,1,1,1.0
1469,1,456.98,103.17,300.0,967.5000000000001,1,1,1.0
1470,1,456.98,103.03,299.63,967.5,1,1,1.0
1471,1,457.22,103.03,299.05999999999995,967.5,1,1,1.0
1472,1,458.16,103.08,298.49999999999994,967.4999999999999,1,1,1.0
1473,1,458.11,102.47,298.5,969.0,1,1,1.0
1474,1,457.78,102.61,299.06000000000006,968.9999999999999,1,1,1.0
1475,1,458.34,103.36,298.32,967.4999999999999,1,1,1.0
1476,1,459.05,102.94,297.56,967.5,1,1,1.0
1477,1,458.72,103.31,297.55999999999995,967.5,1,1,1.0
1478,1,458.34,102.75,298.50000000000006,969.0,1,1,1.0
1479,1,458.77,102.8,298.5,969.0,1,1,1.0
1480,1,458.72,103.5,298.30999999999995,967.5,1,1,1.0
1481,1,458.06,102.75,299.06,969.0,1,1,1.0
1482,1,458.11,102.56,299.05999999999995,969.0,1,1,1.0
1483,1,458.02,103.03,298.31000000000006,967.5,1,1,1.0
1484,1,458.06,102.38,298.31,969.0000000000001,1,1,1.0
1485,1,457.97,102.42,299.05999999999995,969.0000000000001,1,1,1.0
1486,1,457.88,102.52,299.62,969.0,1,1,1.0
1487,1,457.03,102.84,300.38,968.9999999999999,1,1,1.0
1488,1,456.75,102.23,300.55999999999995,969.0,1,1,1.0
1489,1,457.08,102.89,300.00000000000006,967.5000000000001,1,1,1.0
1490,1,456.19,102.52,301.11999999999995,967.5,1,1,1.0
1491,1,456.84,102.94,301.13000000000005,967.5,1,1,1.0
1492,1,456.33,103.08,301.12000000000006,967.4999999999999,1,1,1.0
1493,1,456.52,102.61,301.12,968.9999999999999,1,1,1.0
1494,1,455.95,103.08,302.44,967.4999999999999,1,1,1.0
1495,1,457.08,102.56,300.56,969.0,1,1,1.0
1496,1,456.98,102.61,299.63,968.9999999999999,1,1,1.0
1497,1,457.12,102.19,299.63,969.0,1,1,1.0
1498,1,456.8,102.84,299.99999999999994,967.4999999999999,1,1,1.0
1499,1,457.22,102.61,300.0,968.9999999999999,1,1,1.0
1500,1,457.12,103.08,299.63,967.4999999999999,1,1,1.0
1501,1,455.86,102.28,301.12,969.0,1,1,1.0
1502,1,455.58,102.56,302.44,969.0,1,1,1.0
1503,1,456.23,103.08,301.5,967.4999999999999,1,1,1.0
1504,1,456.66,102.19,301.49999999999994,969.0,1,1,1.0
1505,1,456.42,102.14,301.49999999999994,969.0000000000001,1,1,1.0
1506,1,456.61,102.42,301.5,969.0000000000001,1,1,1.0
1507,1,456.42,102.52,300.56,969.0,1,1,1.0
1508,1,456.23,102.05,300.56999999999994,969.0,1,1,1.0
1509,1,456.0,102.33,300.38,968.9999999999999,1,1,1.0
1510,1,455.06,102.42,302.06,969.0000000000001,1,1,1.0
1511,1,454.31,102.98,302.44,967.5,1,1,1.0
1512,1,453.98,102.84,303.18999999999994,967.4999999999999,1,1,1.0
1513,1,454.83,102.7,301.87000000000006,969.0,1,1,1.0
1514,1,454.92,102.23,302.44,969.0,1,1,1.0
1515,1,454.78,102.56,302.81000000000006,969.0,1,1,1.0
1516,1,454.64,102.38,303.19000000000005,969.0000000000001,1,1,1.0
1517,1,454.64,102.28,303.19000000000005,969.0,1,1,1.0
1518,1,454.31,102.14,303.56,969.0000000000001,1,1,1.0
1519,1,454.92,102.42,303.19,969.0000000000001,1,1,1.0
1520,1,454.12,102.52,303.57000000000005,969.0,1,1,1.0
1521,1,453.75,102.28,303.55999999999995,969.0,1,1,1.0
1522,1,453.61,103.08,304.5,967.4999999999999,1,1,1.0
1523,1,453.19,102.28,304.11999999999995,969.0,1,1,1.0
1524,1,453.0,102.38,304.5,969.0000000000001,1,1,1.0
1525,1,453.89,103.31,303.19000000000005,967.5,1,1,1.0
1526,1,453.8,102.94,303.56,967.5,1,1,1.0
1527,1,451.5,102.47,305.44000000000005,969.0,1,1,1.0
1528,1,452.25,102.66,305.44000000000005,969.0000000000001,1,1,1.0
1529,1,451.73,102.66,305.43999999999994,969.0000000000001,1,1,1.0
1530,1,451.27,103.45,305.62,967.5,1,1,1.0
1531,1,450.33,103.03,306.56,967.5,1,1,1.0
1532,1,450.23,103.03,306.56999999999994,967.5,1,1,1.0
1533,1,449.62,102.61,308.07000000000005,968.9999999999999,1,1,1.0
1534,1,449.48,103.17,307.68999999999994,967.5000000000001,1,1,1.0
1535,1,450.66,102.52,306.36999999999995,969.0,1,1,1.0
1536,1,451.27,103.41,306.0,967.5000000000001,1,1,1.0
1537,1,451.36,103.08,306.0,967.4999999999999,1,1,1.0
1538,1,452.2,103.22,304.88000000000005,967.5,1,1,1.0
1539,1,452.58,103.31,304.87000000000006,967.5,1,1,1.0
1540,1,453.89,102.38,303.56000000000006,969.0000000000001,1,1,1.0
1541,1,453.47,102.33,303.55999999999995,968.9999999999999,1,1,1.0
1542,1,454.17,102.42,302.81,969.0000000000001,1,1,1.0
1543,1,454.22,102.38,303.18999999999994,969.0000000000001,1,1,1.0
1544,1,453.19,103.08,303.94,967.4999999999999,1,1,1.0
1545,1,454.27,102.33,302.43000000000006,968.9999999999999,1,1,1.0
1546,1,455.16,102.33,301.86999999999995,968.9999999999999,1,1,1.0
1547,1,455.39,102.84,301.88,967.4999999999999,1,1,1.0
1548,1,455.91,102.94,301.86999999999995,967.5,1,1,1.0
1549,1,456.42,103.45,301.49999999999994,965.25,1,1,1.0
1550,1,457.17,103.55,299.99999999999994,965.25,1,1,1.0
1551,1,457.03,102.7,300.38,967.5,1,1,1.0
1552,1,457.69,103.03,299.61999999999995,967.5,1,1,1.0
1553,1,457.88,102.42,299.42999999999995,969.0000000000001,1,1,1.0
1554,1,457.69,102.84,299.61999999999995,967.4999999999999,1,1,1.0
1555,1,458.11,102.28,299.43999999999994,969.0,1,1,1.0
1556,1,458.34,102.38,300.00000000000006,969.0000000000001,1,1,1.0
1557,1,458.34,102.28,299.63000000000005,969.0,1,1,1.0
1558,1,458.48,102.33,299.43999999999994,968.9999999999999,1,1,1.0
1559,1,459.0,102.33,298.5,968.9999999999999,1,1,1.0
1560,1,458.95,102.56,298.31,969.0,1,1,1.0
1561,1,458.91,101.86,297.93,968.9999999999999,1,1,1.0
1562,1,459.33,101.77,297.94,969.0,1,1,1.0
1563,1,458.95,101.86,298.31,968.9999999999999,1,1,1.0
1564,1,458.81,102.66,299.06,967.5000000000001,1,1,1.0
1565,1,458.44,102.23,299.06,969.0,1,1,1.0
1566,1,458.67,101.86,297.56,968.9999999999999,1,1,1.0
1567,1,458.34,102.05,298.32,969.0,1,1,1.0
1568,1,457.97,102.84,299.05999999999995,967.4999999999999,1,1,1.0
1569,1,457.69,102.75,300.00000000000006,967.5,1,1,1.0
1570,1,457.22,102.66,300.0,967.5000000000001,1,1,1.0
1571,1,456.56,102.7,300.56,967.5,1,1,1.0
1572,1,455.67,101.77,302.44,969.0,1,1,1.0
1573,1,455.34,102.75,302.44,967.5,1,1,1.0
1574,1,454.45,102.94,302.44,967.5,1,1,1.0
1575,1,453.7,102.14,303.94,969.0000000000001,1,1,1.0
1576,1,453.42,102.89,304.12999999999994,967.5000000000001,1,1,1.0
1577,1,453.7,102.38,304.13000000000005,969.0000000000001,1,1,1.0
1578,1,453.94,102.09,303.94,968.9999999999999,1,1,1.0
1579,1,452.53,102.47,305.44000000000005,969.0,1,1,1.0
1580,1,452.34,102.89,304.50000000000006,967.5000000000001,1,1,1.0
1581,1,451.08,102.98,306.37000000000006,967.5,1,1,1.0
1582,1,450.42,103.22,307.49999999999994,967.5,1,1,1.0
1583,1,449.58,103.17,308.06,967.5000000000001,1,1,1.0
1584,1,449.58,102.61,308.06,968.9999999999999,1,1,1.0
1585,1,450.56,102.98,306.56,967.5,1,1,1.0
1586,1,450.61,102.61,306.93999999999994,967.4999999999999,1,1,1.0
1587,1,450.09,102.47,306.94,969.0,1,1,1.0
1588,1,449.48,103.27,308.43999999999994,967.5,1,1,1.0
1589,1,449.25,102.42,308.05999999999995,969.0000000000001,1,1,1.0
1590,1,449.2,102.42,307.50000000000006,969.0000000000001,1,1,1.0
1591,1,449.25,103.08,307.69000000000005,967.4999999999999,1,1,1.0
1592,1,449.11,102.66,308.05999999999995,969.0000000000001,1,1,1.0
1593,1,449.3,102.66,308.81,969.0000000000001,1,1,1.0
1594,1,448.73,103.08,308.81999999999994,967.4999999999999,1,1,1.0
1595,1,448.83,102.8,308.06,967.5,1,1,1.0
1596,1,448.69,102.33,308.44,968.9999999999999,1,1,1.0
1597,1,449.81,102.98,308.81,967.5,1,1,1.0
1598,1,449.48,103.03,309.0,967.5,1,1,1.0
1599,1,450.42,102.94,307.69,967.5,1,1,1.0
1600,1,450.75,102.33,306.94000000000005,968.9999999999999,1,1,1.0
1601,1,450.61,102.7,306.55999999999995,969.0,1,1,1.0
1602,1,450.33,102.33,306.94,968.9999999999999,1,1,1.0
1603,1,450.19,103.03,307.50000000000006,967.5,1,1,1.0
1604,1,450.66,102.98,307.68,967.5,1,1,1.0
1605,1,450.09,102.61,306.94,968.9999999999999,1,1,1.0
1606,1,449.34,102.47,307.69,969.0,1,1,1.0
1607,1,449.72,102.94,307.68999999999994,967.5,1,1,1.0
1608,1,449.67,102.38,308.06,969.0000000000001,1,1,1.0
1609,1,449.2,102.42,308.44,969.0000000000001,1,1,1.0
1610,1,449.34,102.98,309.00000000000006,967.5,1,1,1.0
1611,1,449.34,102.52,308.07,969.0,1,1,1.0
1612,1,449.3,102.28,308.44,969.0,1,1,1.0
1613,1,449.11,102.42,309.0,969.0000000000001,1,1,1.0
1614,1,449.48,103.22,308.81999999999994,967.5,1,1,1.0
1615,1,449.58,102.56,307.69,969.0,1,1,1.0
1616,1,450.09,102.33,307.50000000000006,968.9999999999999,1,1,1.0
1617,1,450.19,103.03,306.94,967.5,1,1,1.0
1618,1,449.95,102.98,307.50000000000006,967.5,1,1,1.0
1619,1,450.09,102.56,306.57,969.0,1,1,1.0
1620,1,450.23,101.95,306.56999999999994,969.0,1,1,1.0
1621,1,450.33,102.84,306.37000000000006,967.4999999999999,1,1,1.0
1622,1,450.61,103.03,305.62,967.5,1,1,1.0
1623,1,450.33,102.75,306.37000000000006,967.5,1,1,1.0
1624,1,450.47,103.12,306.93999999999994,967.4999999999999,1,1,1.0
1625,1,450.66,103.12,305.99999999999994,967.4999999999999,1,1,1.0
1626,1,450.84,102.89,306.57,967.5000000000001,1,1,1.0
1627,1,450.66,102.94,306.93,967.5,1,1,1.0
1628,1,451.83,102.47,305.44,969.0,1,1,1.0
1629,1,452.81,103.08,304.13000000000005,967.4999999999999,1,1,1.0
1630,1,453.84,102.61,303.19,968.9999999999999,1,1,1.0
1631,1,457.36,102.94,300.0,967.5,1,1,1.0
1632,1,459.7,102.19,297.56,969.0,1,1,1.0
1633,1,465.14,102.52,293.06000000000006,969.0,1,1,1.0
1634,1,467.2,102.38,290.44,969.0000000000001,1,1,1.0
1635,1,466.55,101.81,290.99999999999994,969.0,1,1,1.0
1636,1,466.83,101.67,290.81,969.0000000000001,1,1,1.0
1637,1,466.27,102.19,291.75,969.0,1,1,1.0
1638,1,466.83,102.09,291.00000000000006,968.9999999999999,1,1,1.0
1639,1,466.88,102.38,290.81000000000006,969.0000000000001,1,1,1.0
1640,1,467.86,102.0,290.43999999999994,969.0,1,1,1.0
1641,1,467.67,101.95,290.81,969.0,1,1,1.0
1642,1,468.33,102.66,290.06,967.5000000000001,1,1,1.0
1643,1,467.81,102.7,290.06,967.5,1,1,1.0
1644,1,468.8,102.23,289.31,969.0,1,1,1.0
1645,1,468.14,103.78,288.94000000000005,965.25,1,1,1.0
1646,1,467.06,102.28,290.06,969.0,1,1,1.0
1647,1,466.83,102.98,290.06,967.5,1,1,1.0
1648,1,466.64,103.08,291.0,967.4999999999999,1,1,1.0
1649,1,466.45,103.22,290.81,967.5,1,1,1.0
1650,1,465.8,102.14,290.81,969.0000000000001,1,1,1.0
1651,1,466.36,102.33,290.43999999999994,968.9999999999999,1,1,1.0
1652,1,466.64,102.28,290.44000000000005,969.0,1,1,1.0
1653,1,465.33,102.42,292.50000000000006,969.0000000000001,1,1,1.0
1654,1,464.95,102.56,292.88000000000005,969.0,1,1,1.0
1655,1,464.48,102.61,292.88,968.9999999999999,1,1,1.0
1656,1,464.81,103.03,293.81,967.5,1,1,1.0
1657,1,463.92,102.23,293.99999999999994,969.0,1,1,1.0
1658,1,464.06,102.42,293.99999999999994,969.0000000000001,1,1,1.0
1659,1,464.02,102.75,293.43000000000006,969.0,1,1,1.0
1660,1,463.64,102.8,293.44000000000005,969.0,1,1,1.0
1661,1,463.64,102.33,294.0,968.9999999999999,1,1,1.0
1662,1,464.25,102.56,293.05999999999995,969.0,1,1,1.0
1663,1,464.02,102.66,293.06000000000006,969.0000000000001,1,1,1.0
1664,1,463.59,102.61,293.44,968.9999999999999,1,1,1.0
1665,1,463.41,102.61,293.81,968.9999999999999,1,1,1.0
1666,1,463.12,102.66,293.82000000000005,969.0000000000001,1,1,1.0
1667,1,463.08,102.52,294.56,969.0,1,1,1.0
1668,1,463.41,102.8,293.81,969.0,1,1,1.0
1669,1,462.42,102.52,294.56,969.0,1,1,1.0
1670,1,462.28,102.8,294.94000000000005,969.0,1,1,1.0
1671,1,462.52,102.56,295.12,969.0,1,1,1.0
1672,1,462.7,102.42,294.56,969.0000000000001,1,1,1.0
1673,1,462.66,102.56,294.56,969.0,1,1,1.0
1674,1,462.09,102.7,294.94,969.0,1,1,1.0
1675,1,463.31,102.89,293.99999999999994,967.5000000000001,1,1,1.0
1676,1,463.08,103.22,294.56,967.5,1,1,1.0
1677,1,463.78,102.56,293.44000000000005,969.0,1,1,1.0
1678,1,463.64,102.56,293.06000000000006,969.0,1,1,1.0
1679,1,463.97,102.75,293.05999999999995,969.0,1,1,1.0
1680,1,463.83,102.66,293.44,969.0000000000001,1,1,1.0
1681,1,464.81,103.31,293.81,967.5,1,1,1.0
1682,1,465.05,102.89,292.86999999999995,967.5000000000001,1,1,1.0
1683,1,465.0,102.98,292.5,967.5,1,1,1.0
1684,1,465.09,102.7,292.88000000000005,969.0,1,1,1.0
1685,1,465.09,102.98,292.88000000000005,967.5,1,1,1.0
1686,1,465.52,102.7,292.5,969.0,1,1,1.0
1687,1,465.33,102.94,292.87000000000006,967.5,1,1,1.0
1688,1,465.23,103.22,293.06999999999994,967.5,1,1,1.0
1689,1,464.91,103.08,292.49999999999994,967.4999999999999,1,1,1.0
1690,1,464.95,103.17,293.07,967.5000000000001,1,1,1.0
1691,1,465.42,103.12,291.74999999999994,967.4999999999999,1,1,1.0
1692,1,465.38,103.36,292.87,967.4999999999999,1,1,1.0
1693,1,463.5,102.61,293.80999999999995,968.9999999999999,1,1,1.0
1694,1,464.67,102.42,292.87999999999994,969.0000000000001,1,1,1.0
1695,1,464.58,103.27,293.06,967.5,1,1,1.0
1696,1,464.53,103.36,291.75,967.4999999999999,1,1,1.0
1697,1,464.62,103.08,292.88,968.9999999999999,1,1,1.0
1698,1,464.77,103.5,293.06000000000006,967.5,1,1,1.0
1699,1,463.92,102.84,293.81,968.9999999999999,1,1,1.0
1700,1,463.92,103.17,293.81,967.5000000000001,1,1,1.0
1701,1,464.62,103.12,292.13,967.4999999999999,1,1,1.0
1702,1,463.73,103.27,293.81999999999994,967.5,1,1,1.0
1703,1,464.34,103.5,293.07,967.5,1,1,1.0
1704,1,464.3,103.41,293.06,967.5000000000001,1,1,1.0
1705,1,461.53,102.7,296.25,969.0,1,1,1.0
1706,1,462.56,103.12,295.13000000000005,968.9999999999999,1,1,1.0
1707,1,462.52,102.66,295.12,969.0000000000001,1,1,1.0
1708,1,463.03,103.03,294.94000000000005,967.5,1,1,1.0
1709,1,462.47,102.42,295.12,969.0000000000001,1,1,1.0
1710,1,462.61,102.66,295.87,969.0000000000001,1,1,1.0
1711,1,462.75,102.75,295.13,969.0,1,1,1.0
1712,1,463.69,103.45,294.00000000000006,967.5,1,1,1.0
1713,1,463.83,103.27,293.44,967.5,1,1,1.0
1714,1,463.83,103.27,293.81,967.5,1,1,1.0
1715,1,463.69,103.08,293.81,967.4999999999999,1,1,1.0
1716,1,463.59,103.41,294.57,967.5000000000001,1,1,1.0
1717,1,463.31,103.03,294.94,967.5,1,1,1.0
1718,1,463.73,103.22,295.13,967.5,1,1,1.0
1719,1,464.11,103.36,294.0,967.4999999999999,1,1,1.0
1720,1,464.34,103.17,294.00000000000006,967.5000000000001,1,1,1.0
1721,1,464.34,103.41,293.82,967.5000000000001,1,1,1.0
1722,1,464.16,103.27,293.81,967.5,1,1,1.0
1723,1,464.2,103.12,294.00000000000006,967.4999999999999,1,1,1.0
1724,1,463.64,103.31,294.94000000000005,967.5,1,1,1.0
1725,1,463.64,103.27,294.0,967.5,1,1,1.0
1726,1,462.84,103.31,294.94,967.5,1,1,1.0
1727,1,463.36,103.27,294.0,967.5,1,1,1.0
1728,1,463.36,102.66,294.0,969.0000000000001,1,1,1.0
1729,1,462.05,103.41,295.49999999999994,967.5000000000001,1,1,1.0
1730,1,461.77,103.41,295.87,967.5000000000001,1,1,1.0
1731,1,462.66,103.31,295.11999999999995,967.5,1,1,1.0
1732,1,462.66,103.12,295.86999999999995,967.4999999999999,1,1,1.0
1733,1,463.69,103.41,294.00000000000006,967.5000000000001,1,1,1.0
1734,1,463.97,103.27,292.87,967.5,1,1,1.0
1735,1,463.59,103.27,294.00000000000006,967.5,1,1,1.0
1736,1,463.31,103.45,295.49999999999994,967.5,1,1,1.0
1737,1,464.16,103.41,293.81,967.5000000000001,1,1,1.0
1738,1,465.0,103.55,293.44000000000005,967.5,1,1,1.0
1739,1,465.23,103.5,292.5,967.5,1,1,1.0
1740,1,465.19,103.5,292.11999999999995,967.5,1,1,1.0
1741,1,467.3,103.36,289.31,968.9999999999999,1,1,1.0
1742,1,468.61,103.69,288.93999999999994,967.5,1,1,1.0
1743,1,468.98,102.84,288.75,968.9999999999999,1,1,1.0
1744,1,469.45,103.5,288.00000000000006,967.5,1,1,1.0
1745,1,469.31,103.12,287.99999999999994,967.4999999999999,1,1,1.0
1746,1,468.75,103.36,288.75,967.4999999999999,1,1,1.0
1747,1,468.23,103.41,288.38,967.5000000000001,1,1,1.0
1748,1,468.38,102.89,288.0,969.0000000000001,1,1,1.0
1749,1,468.47,103.73,288.37,967.5,1,1,1.0
1750,1,468.61,103.59,288.0,967.4999999999999,1,1,1.0
1751,1,468.98,103.41,287.81999999999994,967.5000000000001,1,1,1.0
1752,1,468.52,103.41,288.37,967.5000000000001,1,1,1.0
1753,1,469.03,102.61,287.81000000000006,968.9999999999999,1,1,1.0
1754,1,469.59,103.27,288.00000000000006,967.5,1,1,1.0
1755,1,469.73,102.75,288.38,969.0,1,1,1.0
1756,1,469.22,103.41,287.80999999999995,967.5000000000001,1,1,1.0
1757,1,468.94,103.5,288.75000000000006,967.5,1,1,1.0
1758,1,469.22,103.41,288.75,967.5000000000001,1,1,1.0
1759,1,469.36,102.42,288.37,969.0000000000001,1,1,1.0
1760,1,469.64,103.36,288.0,967.4999999999999,1,1,1.0
1761,1,468.7,103.59,288.38000000000005,967.4999999999999,1,1,1.0
1762,1,468.47,102.84,289.30999999999995,968.9999999999999,1,1,1.0
1763,1,467.44,102.8,290.44,969.0,1,1,1.0
1764,1,466.97,102.75,290.43999999999994,969.0,1,1,1.0
1765,1,469.64,103.22,288.0,969.0,1,1,1.0
1766,1,469.22,103.17,288.0,969.0000000000001,1,1,1.0
1767,1,469.27,102.8,288.0,969.0,1,1,1.0
1768,1,468.75,103.64,288.94000000000005,967.5000000000001,1,1,1.0
1769,1,468.98,102.89,288.38,969.0000000000001,1,1,1.0
1770,1,468.52,103.22,288.75,969.0,1,1,1.0
1771,1,468.8,103.17,288.94,969.0000000000001,1,1,1.0
1772,1,469.03,102.89,289.69000000000005,969.0000000000001,1,1,1.0
1773,1,468.84,102.75,290.44,969.0,1,1,1.0
1774,1,468.84,102.42,290.07,969.0000000000001,1,1,1.0
1775,1,468.84,102.52,289.69,969.0,1,1,1.0
1776,1,469.31,103.03,289.31,967.5,1,1,1.0
1777,1,469.17,102.23,289.69,969.0,1,1,1.0
1778,1,469.31,102.89,289.31,967.5000000000001,1,1,1.0
1779,1,469.55,102.61,288.74999999999994,968.9999999999999,1,1,1.0
1780,1,469.27,102.75,288.93000000000006,969.0,1,1,1.0
1781,1,469.55,102.42,289.31,969.0000000000001,1,1,1.0
1782,1,469.5,102.52,288.75,969.0,1,1,1.0
1783,1,469.36,103.27,288.75,967.5,1,1,1.0
1784,1,469.55,102.61,288.36999999999995,968.9999999999999,1,1,1.0
1785,1,469.22,102.66,288.37,969.0000000000001,1,1,1.0
1786,1,469.55,102.7,287.99999999999994,969.0,1,1,1.0
1787,1,469.73,102.66,288.38,969.0000000000001,1,1,1.0
1788,1,469.88,102.47,288.0,969.0,1,1,1.0
1789,1,469.03,102.33,290.44000000000005,968.9999999999999,1,1,1.0
1790,1,469.08,101.91,289.69,969.0000000000001,1,1,1.0
1791,1,468.89,101.95,289.69000000000005,969.0,1,1,1.0
1792,1,469.41,102.14,289.68,969.0000000000001,1,1,1.0
1793,1,468.47,102.61,290.05999999999995,968.9999999999999,1,1,1.0
1794,1,468.28,102.52,290.06000000000006,969.0,1,1,1.0
1795,1,468.56,102.33,290.44,968.9999999999999,1,1,1.0
1796,1,468.52,102.61,291.0,968.9999999999999,1,1,1.0
1797,1,468.61,103.41,290.43999999999994,967.5000000000001,1,1,1.0
1798,1,468.66,102.75,290.43,969.0,1,1,1.0
1799,1,468.0,102.94,290.80999999999995,969.0,1,1,1.0
1800,1,467.95,102.61,290.44,968.9999999999999,1,1,1.0
1801,1,467.62,103.27,289.68999999999994,967.5,1,1,1.0
1802,1,468.19,102.61,289.31,968.9999999999999,1,1,1.0
1803,1,467.34,102.56,289.69,969.0,1,1,1.0
1804,1,466.83,102.28,290.06,969.0,1,1,1.0
1805,1,466.92,102.7,289.31,967.5,1,1,1.0
1806,1,467.39,102.8,288.94000000000005,967.5,1,1,1.0
1807,1,467.06,102.61,289.69,968.9999999999999,1,1,1.0
1808,1,467.16,103.17,290.06,967.5000000000001,1,1,1.0
1809,1,467.3,102.52,289.31,969.0,1,1,1.0
1810,1,467.3,102.61,289.68,968.9999999999999,1,1,1.0
1811,1,467.39,102.33,288.75,968.9999999999999,1,1,1.0
1812,1,468.23,102.89,287.81999999999994,967.5000000000001,1,1,1.0
1813,1,468.47,102.28,287.80999999999995,969.0,1,1,1.0
1814,1,469.12,102.98,287.07000000000005,967.5,1,1,1.0
1815,1,468.52,102.66,288.0,967.5000000000001,1,1,1.0
1816,1,468.66,102.89,287.81,967.5000000000001,1,1,1.0
1817,1,468.98,102.23,287.25,969.0,1,1,1.0
1818,1,469.88,102.75,287.24,969.0,1,1,1.0
1819,1,469.78,103.31,287.81000000000006,967.5,1,1,1.0
1820,1,469.59,103.27,287.25000000000006,967.5,1,1,1.0
1821,1,468.94,102.89,288.00000000000006,967.5000000000001,1,1,1.0
1822,1,469.22,102.84,287.80999999999995,967.4999999999999,1,1,1.0
1823,1,468.98,102.94,287.81999999999994,967.5,1,1,1.0
1824,1,468.94,102.33,288.00000000000006,968.9999999999999,1,1,1.0
1825,1,469.64,102.84,288.0,968.9999999999999,1,1,1.0
1826,1,469.08,103.12,288.37000000000006,967.4999999999999,1,1,1.0
1827,1,469.08,103.31,287.81,967.5,1,1,1.0
1828,1,468.61,103.69,288.93999999999994,967.5,1,1,1.0
1829,1,468.52,103.59,289.31000000000006,967.4999999999999,1,1,1.0
1830,1,468.47,103.78,289.30999999999995,967.5,1,1,1.0
1831,1,468.47,103.36,288.75,967.4999999999999,1,1,1.0
1832,1,468.56,102.75,288.74999999999994,969.0,1,1,1.0
1833,1,468.84,102.84,287.82,968.9999999999999,1,1,1.0
1834,1,469.27,103.08,287.06000000000006,968.9999999999999,1,1,1.0
1835,1,468.84,103.41,288.75000000000006,967.5000000000001,1,1,1.0
1836,1,468.94,103.31,288.00000000000006,967.5,1,1,1.0
1837,1,469.27,103.22,288.37,967.5,1,1,1.0
1838,1,469.73,102.94,288.0,967.5,1,1,1.0
1839,1,469.08,103.12,288.00000000000006,967.4999999999999,1,1,1.0
1840,1,470.02,103.12,287.25,967.4999999999999,1,1,1.0
1841,1,470.16,103.17,287.06,967.5000000000001,1,1,1.0
1842,1,470.06,103.45,286.69,967.5,1,1,1.0
1843,1,470.11,103.31,286.68999999999994,967.5,1,1,1.0
1844,1,470.34,103.27,286.69,967.5,1,1,1.0
1845,1,470.34,103.27,286.13000000000005,967.5,1,1,1.0
1846,1,469.88,102.28,286.67999999999995,969.0,1,1,1.0
1847,1,470.16,102.98,286.68,967.5,1,1,1.0
1848,1,470.06,102.84,287.06,967.4999999999999,1,1,1.0
1849,1,470.16,102.98,288.93,967.5,1,1,1.0
1850,1,470.06,102.47,287.24999999999994,969.0,1,1,1.0
1851,1,469.92,102.28,287.24999999999994,969.0,1,1,1.0
1852,1,469.69,102.33,287.25000000000006,968.9999999999999,1,1,1.0
1853,1,469.73,102.23,288.0,969.0,1,1,1.0
1854,1,470.11,102.28,288.0,969.0,1,1,1.0
1855,1,471.19,102.47,286.69,969.0,1,1,1.0
1856,1,470.67,102.38,286.31,969.0000000000001,1,1,1.0
1857,1,470.34,103.03,285.75000000000006,967.5,1,1,1.0
1858,1,470.81,102.61,286.69,968.9999999999999,1,1,1.0
1859,1,470.77,102.61,286.31000000000006,968.9999999999999,1,1,1.0
1860,1,470.81,102.56,287.06,969.0,1,1,1.0
1861,1,470.77,102.56,286.12,969.0,1,1,1.0
1862,1,471.09,103.22,286.13000000000005,967.5,1,1,1.0
1863,1,470.81,102.23,286.69,969.0,1,1,1.0
1864,1,471.42,102.33,286.12999999999994,968.9999999999999,1,1,1.0
1865,1,470.53,102.38,287.06000000000006,969.0000000000001,1,1,1.0
1866,1,470.95,102.7,286.31,969.0,1,1,1.0
1867,1,470.91,102.75,286.11999999999995,969.0,1,1,1.0
1868,1,471.0,102.84,287.05999999999995,968.9999999999999,1,1,1.0
1869,1,470.2,102.7,286.69,969.0,1,1,1.0
1870,1,469.83,102.42,287.06,969.0000000000001,1,1,1.0
1871,1,470.58,103.08,286.69,967.4999999999999,1,1,1.0
1872,1,470.06,102.7,287.06,969.0,1,1,1.0
1873,1,469.92,102.75,286.69,969.0,1,1,1.0
1874,1,469.69,103.03,286.69,969.0,1,1,1.0
1875,1,469.73,103.27,286.68999999999994,967.5,1,1,1.0
1876,1,469.83,102.8,286.69,967.5,1,1,1.0
1877,1,469.55,102.61,287.06,968.9999999999999,1,1,1.0
1878,1,469.17,102.52,287.06,969.0,1,1,1.0
1879,1,469.92,102.38,286.69,969.0000000000001,1,1,1.0
1880,1,469.92,102.56,287.24999999999994,969.0,1,1,1.0
1881,1,469.78,103.03,287.81000000000006,967.5,1,1,1.0
1882,1,469.78,102.33,288.0,968.9999999999999,1,1,1.0
1883,1,469.88,102.89,287.06000000000006,967.5000000000001,1,1,1.0
1884,1,469.45,102.98,287.81,967.5,1,1,1.0
1885,1,470.44,103.69,285.75000000000006,967.5,1,1,1.0
1886,1,470.06,103.45,285.74999999999994,967.5,1,1,1.0
1887,1,469.88,102.89,286.31000000000006,969.0000000000001,1,1,1.0
1888,1,469.55,103.27,287.06,967.5,1,1,1.0
1889,1,469.97,102.7,286.30999999999995,969.0,1,1,1.0
1890,1,470.25,102.89,285.75,969.0000000000001,1,1,1.0
1891,1,470.39,103.45,285.19000000000005,967.5,1,1,1.0
1892,1,470.39,103.17,285.19000000000005,967.5000000000001,1,1,1.0
1893,1,470.39,102.94,285.75,967.5,1,1,1.0
1894,1,470.44,103.03,285.19,967.5,1,1,1.0
1895,1,470.06,102.75,286.13000000000005,967.5,1,1,1.0
1896,1,469.64,103.08,286.69000000000005,967.4999999999999,1,1,1.0
1897,1,469.5,103.78,287.25,967.5,1,1,1.0
1898,1,469.36,103.31,287.80999999999995,967.5,1,1,1.0
1899,1,469.45,102.94,287.81,969.0,1,1,1.0
1900,1,469.83,102.94,287.81,969.0,1,1,1.0
1901,1,470.62,102.7,286.32000000000005,969.0,1,1,1.0
1902,1,470.06,102.75,286.13000000000005,969.0,1,1,1.0
1903,1,469.88,102.8,286.31000000000006,969.0,1,1,1.0
1904,1,470.06,102.7,286.13000000000005,969.0,1,1,1.0
1905,1,469.22,103.08,287.80999999999995,968.9999999999999,1,1,1.0
1906,1,469.22,103.03,287.80999999999995,969.0,1,1,1.0
1907,1,469.27,103.17,287.81000000000006,969.0000000000001,1,1,1.0
1908,1,468.98,102.8,288.93999999999994,969.0,1,1,1.0
1909,1,469.31,102.52,287.81,969.0,1,1,1.0
1910,1,469.08,103.45,288.00000000000006,967.5,1,1,1.0
1911,1,469.17,102.94,287.99999999999994,969.0,1,1,1.0
1912,1,469.27,103.36,287.25,967.4999999999999,1,1,1.0
1913,1,468.94,103.55,287.25000000000006,967.5,1,1,1.0
1914,1,468.33,103.36,287.81,967.4999999999999,1,1,1.0
1915,1,468.7,103.36,288.94,967.4999999999999,1,1,1.0
1916,1,468.89,103.08,287.81000000000006,967.4999999999999,1,1,1.0
1917,1,469.31,103.03,287.24999999999994,967.5,1,1,1.0
1918,1,469.45,102.42,287.07,969.0000000000001,1,1,1.0
1919,1,469.73,102.75,287.06999999999994,969.0,1,1,1.0
1920,1,469.64,102.66,288.0,969.0000000000001,1,1,1.0
1921,1,469.73,102.23,288.0,969.0,1,1,1.0
1922,1,469.88,102.42,287.81000000000006,969.0000000000001,1,1,1.0
1923,1,470.53,103.31,287.25,967.5,1,1,1.0
1924,1,470.3,103.31,287.24999999999994,967.5,1,1,1.0
1925,1,471.0,103.22,286.69000000000005,967.5,1,1,1.0
1926,1,471.14,102.84,287.25,967.4999999999999,1,1,1.0
1927,1,471.66,103.22,286.68,967.5,1,1,1.0
1928,1,471.8,103.27,286.31,967.5,1,1,1.0
1929,1,472.12,102.52,285.76,969.0,1,1,1.0
1930,1,472.41,102.98,285.18,967.5,1,1,1.0
1931,1,472.69,102.75,285.00000000000006,967.5,1,1,1.0
1932,1,472.55,102.89,285.74999999999994,967.5000000000001,1,1,1.0
1933,1,473.34,102.61,284.25000000000006,967.4999999999999,1,1,1.0
1934,1,474.28,102.94,283.69000000000005,967.5,1,1,1.0
1935,1,474.23,102.66,284.06999999999994,969.0000000000001,1,1,1.0
1936,1,475.12,102.33,282.93999999999994,968.9999999999999,1,1,1.0
1937,1,475.27,102.28,281.62,969.0,1,1,1.0
1938,1,475.55,103.17,281.99999999999994,967.5000000000001,1,1,1.0
1939,1,475.55,102.89,281.61999999999995,967.5000000000001,1,1,1.0
1940,1,476.06,102.66,281.63000000000005,967.5000000000001,1,1,1.0
1941,1,476.44,102.89,280.50000000000006,967.5000000000001,1,1,1.0
1942,1,476.48,102.84,280.88,967.4999999999999,1,1,1.0
1943,1,476.53,102.8,280.88,967.5,1,1,1.0
1944,1,477.19,103.08,280.86999999999995,967.4999999999999,1,1,1.0
1945,1,477.14,103.83,280.31000000000006,965.2499999999999,1,1,1.0
1945,2,1019.02,4.22,114.55999999999995,486.0,1,1,1.0
1946,1,477.28,103.03,279.94000000000005,967.5,1,1,1.0
1946,2,1018.73,3.8,107.80999999999995,487.5,1,1,1.0
1947,1,478.17,102.94,279.94,967.5,1,1,1.0
1947,2,1012.34,1.59,118.77999999999986,488.25,1,1,1.0
1948,1,478.64,102.7,279.0,967.5,1,1,1.0
1948,2,998.34,0.05,116.35000000000002,489.37,1,1,1.0
1949,1,479.34,101.62,278.25000000000006,968.9999999999999,1,1,1.0
1949,2,989.44,0.47,123.08999999999992,489.36999999999995,1,1,1.0
1950,1,480.19,102.61,277.86999999999995,967.4999999999999,1,1,1.0
1950,2,977.95,-0.84,134.80999999999995,490.5,1,1,1.0
1951,1,480.89,102.75,276.94000000000005,967.5,1,1,1.0
1951,2,951.8,-0.09,160.97000000000003,489.36999999999995,1,1,1.0
1952,1,484.08,102.19,274.12000000000006,967.5,1,1,1.0
1952,2,927.19,1.52,185.80999999999995,489.38,1,1,1.0
1953,1,489.0,102.47,269.25,967.5,1,1,1.0
1953,2,908.67,-1.29,195.93999999999994,496.88,1,1,1.0
1954,1,492.38,102.52,266.42999999999995,967.5,1,1,1.0
1954,2,897.7,-0.63,201.55999999999995,501.37,1,1,1.0
1955,1,498.47,103.08,259.87,965.2499999999999,1,1,1.0
1955,2,890.2,-0.56,207.94000000000005,510.75,1,1,1.0
1956,1,501.28,103.17,258.0,965.2500000000001,1,1,1.0
1956,2,894.75,-1.69,200.44000000000005,518.25,1,1,1.0
1957,1,505.22,103.45,255.18999999999994,963.75,1,1,1.0
1957,2,895.55,-0.38,196.30999999999995,517.13,1,1,1.0
1958,1,510.75,104.02,250.13,963.75,1,1,1.0
1958,2,894.47,-0.56,192.3699999999999,518.25,1,1,1.0
1959,1,515.53,104.34,245.25,963.7499999999999,1,1,1.0
1959,2,894.61,-0.09,189.09000000000003,518.25,1,1,1.0
1960,1,520.97,104.62,239.05999999999995,963.7600000000001,1,1,1.0
1960,2,895.83,0.09,179.2499999999999,517.13,1,1,1.0
1961,1,522.94,105.52,236.80999999999995,962.25,1,1,1.0
1961,2,892.59,-1.31,173.15999999999997,517.1199999999999,1,1,1.0
1962,1,525.84,105.61,233.81999999999994,962.2499999999999,1,1,1.0
1962,2,889.45,1.36,164.80999999999995,511.87,1,1,1.0
1963,1,528.09,105.84,231.93999999999994,962.2499999999999,1,1,1.0
1963,2,880.92,1.48,167.35000000000002,513.0,1,1,1.0
1964,1,527.34,106.36,233.63,962.2499999999999,1,1,1.0
1964,2,869.53,-0.42,172.69000000000005,517.12,1,1,1.0
1965,1,527.34,106.45,233.63,962.25,1,1,1.0
1965,2,861.28,3.07,175.77999999999997,515.63,1,1,1.0
1966,1,525.66,106.41,235.68000000000006,962.2500000000001,1,1,1.0
1966,2,853.88,3.91,180.84000000000003,523.13,1,1,1.0
1967,1,523.03,106.03,238.5,962.25,1,1,1.0
1967,2,844.45,-1.59,187.97000000000003,534.0,1,1,1.0
1968,1,522.09,106.12,239.06999999999994,962.2600000000001,1,1,1.0
1968,2,837.28,-1.12,189.55999999999995,521.24,1,1,1.0
1969,1,521.06,104.81,240.56000000000006,963.75,1,1,1.0
1969,2,832.55,2.62,191.06000000000006,568.13,1,1,1.0
1970,1,519.56,103.83,243.0,965.2499999999999,1,1,1.0
1970,2,825.75,-1.69,193.87,579.0,1,1,1.0
1971,1,518.91,103.83,244.31000000000006,965.2499999999999,1,1,1.0
1971,2,820.78,-1.97,196.31000000000006,586.88,1,1,1.0
1972,1,519.38,103.17,244.31000000000006,965.2500000000001,1,1,1.0
1972,2,815.16,-1.64,199.87,591.75,1,1,1.0
1973,1,517.78,103.92,246.94000000000005,963.7500000000001,1,1,1.0
1973,2,811.22,-1.88,202.12,597.0,1,1,1.0
1974,1,515.81,102.61,249.3800000000001,965.2499999999999,1,1,1.0
1974,2,808.27,-2.16,204.18000000000006,599.63,1,1,1.0
1975,1,513.66,102.8,252.37,965.25,1,1,1.0
1975,2,806.3,-1.78,204.75,599.62,1,1,1.0
1976,1,512.62,103.12,254.63,965.2600000000001,1,1,1.0
1976,2,802.59,-1.36,207.38,599.63,1,1,1.0
1977,1,509.16,102.61,261.18,963.7499999999999,1,1,1.0
1977,2,798.19,-0.89,210.75,599.25,1,1,1.0
1978,1,511.69,103.64,262.50000000000006,953.2500000000001,1,1,1.0
1978,2,793.92,-0.47,213.0,599.63,1,1,1.0
1979,1,510.09,102.75,270.38000000000005,946.5,1,1,1.0
1979,2,790.27,0.19,212.81000000000006,599.25,1,1,1.0
1980,1,509.34,104.3,277.88000000000005,939.75,1,1,1.0
1980,2,786.66,0.47,214.87,591.75,1,1,1.0
1981,1,506.62,103.41,287.82000000000005,938.2500000000001,1,1,1.0
1981,2,783.05,0.52,215.62,593.62,1,1,1.0
1982,1,505.41,102.14,292.86999999999995,944.2500000000001,1,1,1.0
1982,2,776.91,0.66,218.25,604.87,1,1,1.0
1983,1,504.28,102.42,297.56000000000006,944.2500000000001,1,1,1.0
1983,2,770.53,0.84,222.75,618.0,1,1,1.0
1984,1,502.03,102.33,304.13,946.4999999999999,1,1,1.0
1984,2,766.41,-0.47,223.68000000000006,631.13,1,1,1.0
1985,1,497.16,103.97,312.74999999999994,944.25,1,1,1.0
1985,2,760.73,-0.47,225.93999999999994,640.5,1,1,1.0
1986,1,493.88,106.22,316.87,939.75,1,1,1.0
1986,2,757.17,-0.47,226.13,652.5,1,1,1.0
1987,1,490.69,106.41,319.11999999999995,939.7500000000001,1,1,1.0
1987,2,750.52,1.69,230.43000000000006,660.75,1,1,1.0
1988,1,489.84,106.45,319.13000000000005,939.75,1,1,1.0
1988,2,744.75,2.25,233.25,666.75,1,1,1.0
1989,1,487.59,105.89,321.19,942.0000000000001,1,1,1.0
1989,2,736.64,1.27,235.31000000000006,678.0,1,1,1.0
1990,1,486.28,105.89,325.31000000000006,942.0000000000001,1,1,1.0
1990,2,733.12,2.13,232.32000000000005,674.63,1,1,1.0
1991,1,485.34,107.44,331.50000000000006,939.75,1,1,1.0
1991,2,726.66,1.57,232.5,675.75,1,1,1.0
1992,1,484.88,107.72,337.12,938.25,1,1,1.0
1992,2,716.44,0.7,236.25,678.0,1,1,1.0
1993,1,485.62,105.94,339.38,942.0,1,1,1.0
1993,2,710.81,-0.59,234.3800000000001,680.63,1,1,1.0
1994,1,486.75,105.56,343.87,942.0,1,1,1.0
1994,2,702.56,0.28,238.69000000000005,679.13,1,1,1.0
1995,1,489.38,103.36,346.87,944.2499999999999,1,1,1.0
1995,2,696.84,1.12,239.25,674.63,1,1,1.0
1996,1,493.5,101.25,351.75,948.0,1,1,1.0
1996,2,692.86,1.12,238.5,664.5,1,1,1.0
1997,1,497.16,99.98,359.43,949.5,1,1,1.0
1997,2,689.44,0.94,238.68999999999994,673.8699999999999,1,1,1.0
1998,1,500.44,100.97,374.81,948.0,1,1,1.0
1998,2,690.19,1.97,234.93999999999994,689.25,1,1,1.0
1999,1,507.05,100.08,385.86999999999995,949.4999999999999,1,1,1.0
1999,2,691.73,3.19,229.5,690.3699999999999,1,1,1.0
2000,1,512.3,101.58,378.75,949.4999999999999,1,1,1.0
2000,2,694.92,4.03,224.06000000000006,689.25,1,1,1.0
2001,1,519.09,102.05,378.75,948.0,1,1,1.0
2001,2,702.19,6.94,216.3699999999999,643.8699999999999,1,1,1.0
2002,1,528.94,103.12,387.75,946.4999999999999,1,1,1.0
2002,2,720.56,7.41,200.25,558.75,1,1,1.0
2003,1,538.12,104.67,391.88,944.2500000000001,1,1,1.0
2003,2,726.94,10.88,196.30999999999995,532.5,1,1,1.0
2004,1,552.09,106.08,390.38,941.9999999999999,1,1,1.0
2004,2,737.25,12.38,188.25,536.24,1,1,1.0
2005,1,564.56,104.58,385.5,941.9999999999999,1,1,1.0
2005,2,739.69,12.19,188.43999999999994,498.75,1,1,1.0
2006,1,573.09,102.56,376.88,944.25,1,1,1.0
2006,2,738.47,9.19,189.93999999999994,403.5,1,1,1.0
2007,1,589.92,104.34,362.63,939.7499999999999,1,1,1.0
2007,2,738.47,13.22,192.0,306.94,1,1,1.0
2008,1,607.64,105.33,347.25,932.9999999999999,1,1,1.0
2008,2,689.53,14.91,237.94000000000005,296.81,1,1,1.0
2009,1,622.83,108.23,337.5,926.25,1,1,1.0
2009,2,680.95,13.69,244.68999999999994,298.31,1,1,1.0
2010,1,635.86,102.66,333.93999999999994,924.0000000000001,1,1,1.0
2010,2,680.34,13.5,245.25,295.12,1,1,1.0
2011,1,653.25,98.72,330.0,912.0,1,1,1.0
2011,2,678.47,11.81,244.30999999999995,288.75,1,1,1.0
2012,1,667.5,94.41,325.88,898.5,1,1,1.0
2012,2,672.98,14.53,252.93999999999994,287.25,1,1,1.0
2013,1,674.06,98.06,330.0,876.75,1,1,1.0
2013,2,668.2,16.22,253.5,292.12,1,1,1.0
2014,1,678.52,95.25,332.06000000000006,859.5,1,1,1.0
2015,1,700.69,94.12,322.30999999999995,855.0,1,1,1.0
2016,1,706.97,91.31,323.44000000000005,856.5,1,1,1.0
2017,1,722.3,86.34,310.1200000000001,861.75,1,1,1.0
2018,1,729.23,83.53,305.6299999999999,863.25,1,1,1.0
2018,2,626.81,39.19,227.44000000000005,811.5,1,1,1.0
2019,1,733.17,82.03,301.88,866.25,1,1,1.0
2019,2,618.09,40.78,235.68999999999994,813.75,1,1,1.0
2020,1,741.7,80.53,293.44000000000005,870.75,1,1,1.0
2020,2,609.47,41.53,238.5,816.0,1,1,1.0
2021,1,750.8,76.97,284.25,879.75,1,1,1.0
2021,2,602.44,41.34,261.18999999999994,813.75,1,1,1.0
2022,1,757.41,77.62,279.0000000000001,877.5,1,1,1.0
2022,2,594.66,37.5,276.56000000000006,816.75,1,1,1.0
2023,1,765.89,77.62,272.2500000000001,876.0,1,1,1.0
2023,2,584.72,37.64,290.05999999999995,819.75,1,1,1.0
2024,1,773.72,77.25,267.3699999999999,874.5,1,1,1.0
2024,2,578.06,38.3,291.0,822.0,1,1,1.0
2025,1,781.59,76.69,263.82000000000005,871.5,1,1,1.0
2025,2,570.89,38.95,289.31000000000006,822.75,1,1,1.0
2026,1,790.22,77.62,259.8699999999999,867.0,1,1,1.0
2026,2,564.66,38.58,286.12,822.0,1,1,1.0
2027,1,799.88,77.81,254.06000000000006,864.75,1,1,1.0
2027,2,559.78,38.53,280.31000000000006,819.0,1,1,1.0
2028,1,804.56,75.75,253.5,863.25,1,1,1.0
2028,2,555.66,37.31,274.12,823.5,1,1,1.0
2029,1,810.19,71.34,252.19000000000005,868.5,1,1,1.0
2029,2,551.3,37.83,271.31000000000006,847.5,1,1,1.0
2030,1,812.91,66.42,252.37,831.75,1,1,1.0
2030,2,548.62,38.86,272.26,864.75,1,1,1.0
2031,1,814.88,64.41,253.87,815.25,1,1,1.0
2031,2,546.38,41.34,273.0,883.5,1,1,1.0
2032,1,818.06,62.72,252.19000000000005,797.25,1,1,1.0
2032,2,542.67,43.22,280.31000000000006,903.0,1,1,1.0
2033,1,819.56,59.86,254.05999999999995,774.75,1,1,1.0
2033,2,541.41,45.28,280.5,917.25,1,1,1.0
2034,1,818.91,55.59,261.92999999999995,760.88,1,1,1.0
2034,2,540.09,46.41,288.75,921.0,1,1,1.0
2035,1,821.34,52.78,265.88,762.38,1,1,1.0
2035,2,539.77,46.69,293.06000000000006,922.5,1,1,1.0
2036,1,823.88,51.0,271.31000000000006,766.88,1,1,1.0
2036,2,540.09,48.0,295.88,922.5,1,1,1.0
2037,1,827.67,50.25,274.68999999999994,768.0,1,1,1.0
2037,2,540.33,51.84,301.12,918.75,1,1,1.0
2038,1,829.08,49.5,277.31000000000006,768.75,1,1,1.0
2038,2,541.12,57.09,309.93999999999994,915.0,1,1,1.0
2039,1,831.91,48.52,275.2500000000001,769.5,1,1,1.0
2039,2,541.83,62.91,314.43999999999994,908.25,1,1,1.0
2040,1,833.74,48.52,274.8799999999999,769.5,1,1,1.0
2040,2,542.67,69.47,318.0,902.25,1,1,1.0
2041,1,834.68,49.41,275.43999999999994,768.0,1,1,1.0
2041,2,543.84,78.09,319.68999999999994,892.5,1,1,1.0
2042,1,834.52,49.36,275.80999999999995,768.75,1,1,1.0
2042,2,542.91,87.98,325.31000000000006,882.75,1,1,1.0
2043,1,835.59,47.95,274.88,770.25,1,1,1.0
2043,2,544.22,93.87,325.30999999999995,876.75,1,1,1.0
2044,1,836.18,48.42,274.12,768.75,1,1,1.0
2044,2,543.98,97.1,326.63,873.75,1,1,1.0
2045,1,835.62,45.84,272.62,772.5,1,1,1.0
2045,2,543.19,99.96,328.68999999999994,870.0,1,1,1.0
2046,1,834.61,44.53,272.62,758.25,1,1,1.0
2046,2,540.0,102.73,333.0,865.5,1,1,1.0
2047,1,834.56,41.34,264.19000000000005,750.38,1,1,1.0
2047,2,534.61,103.85,339.0,870.0,1,1,1.0
2048,1,837.75,34.69,256.69000000000005,732.75,1,1,1.0
2048,2,526.36,107.91,344.62,884.25,1,1,1.0
2049,1,838.41,27.94,249.0000000000001,726.75,1,1,1.0
2049,2,516.84,112.88,351.75,896.24,1,1,1.0
2050,1,838.69,24.94,240.94000000000005,714.0,1,1,1.0
2050,2,506.11,117.28,360.37,897.0,1,1,1.0
2051,1,837.54,23.44,234.37000000000012,684.0,1,1,1.0
2051,2,491.53,118.97,370.88,897.75,1,1,1.0
2052,1,839.16,19.12,226.12,672.38,1,1,1.0
2052,2,481.22,120.84,377.25,896.25,1,1,1.0
2053,1,838.12,18.09,221.63,668.25,1,1,1.0
2053,2,470.44,123.61,379.11999999999995,893.25,1,1,1.0
2054,1,839.16,15.38,215.06000000000006,672.74,1,1,1.0
2054,2,456.19,123.52,387.36999999999995,894.0,1,1,1.0
2055,1,840.28,14.72,210.19000000000005,672.37,1,1,1.0
2055,2,444.0,123.84,396.38,894.0,1,1,1.0
2056,1,841.59,15.09,205.88,669.75,1,1,1.0
2056,2,433.5,123.7,405.75,894.75,1,1,1.0
2057,1,840.75,16.08,203.6300000000001,669.75,1,1,1.0
2057,2,425.06,122.77,412.49999999999994,894.75,1,1,1.0
2058,1,838.31,16.92,203.6300000000001,668.25,1,1,1.0
2058,2,419.25,122.81,413.25,893.25,1,1,1.0
2059,1,834.56,17.2,203.25,667.5,1,1,1.0
2059,2,414.05,121.27,407.24999999999994,897.75,1,1,1.0
2060,1,831.09,18.66,201.93999999999994,666.37,1,1,1.0
2060,2,409.45,119.91,405.38000000000005,912.0000000000001,1,1,1.0
2061,1,823.03,18.56,206.44000000000005,666.3800000000001,1,1,1.0
2061,2,406.08,119.72,405.75000000000006,929.25,1,1,1.0
2062,1,815.91,17.62,209.62,665.26,1,1,1.0
2062,2,404.67,118.22,398.99999999999994,949.5,1,1,1.0
2063,1,809.06,13.99,212.25,666.75,1,1,1.0
2063,2,404.02,117.28,393.37,953.25,1,1,1.0
2064,1,800.62,13.83,216.38,642.0,1,1,1.0
2064,2,404.11,116.72,382.68999999999994,954.75,1,1,1.0
2065,1,794.34,12.12,218.43999999999994,634.5,1,1,1.0
2065,2,404.16,115.78,372.18,954.75,1,1,1.0
2066,1,788.02,5.25,220.87,626.63,1,1,1.0
2066,2,406.27,114.75,361.5,958.5,1,1,1.0
2067,1,784.03,2.44,222.94000000000005,614.25,1,1,1.0
2067,2,408.75,114.94,352.13,957.0,1,1,1.0
2068,1,780.42,0.75,225.38,599.63,1,1,1.0
2068,2,410.91,113.53,348.56,958.5,1,1,1.0
2069,1,780.84,-1.17,225.56999999999994,596.25,1,1,1.0
2069,2,417.09,113.25,345.00000000000006,958.5,1,1,1.0
2070,1,782.58,-1.69,225.55999999999995,598.5,1,1,1.0
2070,2,422.16,112.5,342.18,960.0,1,1,1.0
2071,1,786.09,-1.5,224.81999999999994,598.5,1,1,1.0
2071,2,424.64,112.88,342.0,958.5000000000001,1,1,1.0
2072,1,789.66,-0.84,221.62,598.5,1,1,1.0
2072,2,429.09,111.0,339.75000000000006,960.0,1,1,1.0
2073,1,793.64,-0.89,218.44000000000005,599.62,1,1,1.0
2073,2,431.16,108.47,339.74999999999994,962.25,1,1,1.0
2074,1,797.06,-1.22,214.1300000000001,598.5,1,1,1.0
2074,2,433.97,104.72,339.75,965.25,1,1,1.0
2075,1,804.42,-1.22,205.88,597.38,1,1,1.0
2075,2,437.11,98.62,337.5,972.7600000000001,1,1,1.0
2076,1,809.81,0.23,199.8800000000001,594.0,1,1,1.0
2076,2,445.27,95.11,332.43000000000006,977.2499999999999,1,1,1.0
2077,1,815.16,1.59,193.87,592.5,1,1,1.0
2077,2,454.36,91.73,326.25,982.5,1,1,1.0
2078,1,820.97,0.89,188.25,593.63,1,1,1.0
2078,2,464.72,88.64,316.68999999999994,986.2500000000001,1,1,1.0
2079,1,826.88,0.75,184.67999999999995,587.63,1,1,1.0
2079,2,471.38,87.0,315.74,987.75,1,1,1.0
2080,1,833.56,-3.14,179.1500000000001,581.62,1,1,1.0
2080,2,476.44,86.62,317.61999999999995,986.2600000000001,1,1,1.0
2081,1,838.71,-3.05,175.77999999999997,565.13,1,1,1.0
2081,2,479.44,85.22,322.50000000000006,987.75,1,1,1.0
2082,1,844.17,-1.24,172.97000000000003,547.12,1,1,1.0
2082,2,483.09,83.81,322.50000000000006,989.25,1,1,1.0
2083,1,848.56,0.21,172.12,529.13,1,1,1.0
2083,2,486.66,82.08,323.81,991.4999999999999,1,1,1.0
2084,1,848.67,-0.14,175.0300000000001,520.87,1,1,1.0
2084,2,488.72,80.86,329.62,992.9999999999999,1,1,1.0
2085,1,853.27,0.33,173.9000000000001,515.25,1,1,1.0
2085,2,491.88,82.5,336.19000000000005,989.25,1,1,1.0
2086,1,858.23,0.61,175.03999999999996,513.37,1,1,1.0
2086,2,493.43,82.03,343.12999999999994,989.25,1,1,1.0
2087,1,866.06,0.56,172.8800000000001,512.6300000000001,1,1,1.0
2087,2,496.59,80.95,348.57,989.25,1,1,1.0
2088,1,866.06,0.56,178.69000000000005,512.6300000000001,1,1,1.0
2088,2,501.23,81.14,353.63,987.7500000000001,1,1,1.0
2089,1,866.85,-1.55,184.2199999999999,517.5,1,1,1.0
2089,2,507.52,83.44,352.68000000000006,967.5,1,1,1.0
2090,1,867.66,-1.69,190.39999999999998,519.75,1,1,1.0
2090,2,511.31,83.44,354.38000000000005,960.0,1,1,1.0
2091,1,869.58,-2.06,200.2499999999999,517.8699999999999,1,1,1.0
2091,2,515.11,81.7,356.25,951.75,1,1,1.0
2092,1,871.71,-1.69,209.05999999999995,516.75,1,1,1.0
2092,2,519.66,79.55,353.62,939.75,1,1,1.0
2093,1,876.0,-2.72,213.0,521.25,1,1,1.0
2093,2,524.53,75.56,350.06000000000006,938.25,1,1,1.0
2094,1,882.09,-2.81,212.63,521.25,1,1,1.0
2094,2,528.66,73.5,346.31000000000006,936.75,1,1,1.0
2095,1,889.88,-2.44,207.37,520.8800000000001,1,1,1.0
2095,2,532.12,74.34,343.5,936.75,1,1,1.0
2096,1,897.52,-2.06,212.80999999999995,516.75,1,1,1.0
2096,2,535.5,73.03,339.75,936.75,1,1,1.0
2097,1,906.47,-1.88,202.1199999999999,510.0,1,1,1.0
2097,2,537.7,72.56,337.88,936.75,1,1,1.0
2098,1,918.52,-0.66,186.6500000000001,499.88000000000005,1,1,1.0
2098,2,539.02,72.47,335.62,938.25,1,1,1.0
2099,1,939.42,0.47,161.5300000000001,490.11999999999995,1,1,1.0
2099,2,539.58,70.97,333.93999999999994,939.75,1,1,1.0
2100,1,949.17,1.9,157.22000000000014,472.5,1,1,1.0
2100,2,540.0,70.12,331.69000000000005,939.76,1,1,1.0
2101,1,964.59,0.09,152.43999999999994,469.5,1,1,1.0
2101,2,539.44,68.62,329.6199999999999,939.76,1,1,1.0
2102,1,991.59,1.97,128.2499999999999,466.86999999999995,1,1,1.0
2102,2,539.02,68.16,325.87,939.75,1,1,1.0
2103,1,1011.96,4.12,108.47000000000003,463.5,1,1,1.0
2103,2,538.08,65.72,323.43999999999994,942.0,1,1,1.0
2104,1,1018.43,8.06,105.00000000000011,463.88,1,1,1.0
2104,2,536.58,63.94,321.0,944.25,1,1,1.0
2105,1,1021.05,5.86,109.5,463.5,1,1,1.0
2105,2,536.39,63.47,316.69000000000005,944.25,1,1,1.0
2106,1,1020.02,8.02,109.69000000000005,459.0,1,1,1.0
2106,2,536.86,62.81,312.0,944.25,1,1,1.0
2107,1,1019.62,8.77,116.34000000000003,456.75,1,1,1.0
2107,2,537.23,61.31,306.93999999999994,944.25,1,1,1.0
2108,1,1020.09,6.94,128.06000000000006,457.87,1,1,1.0
2108,2,537.52,58.12,301.5,948.0,1,1,1.0
2109,1,1018.55,7.05,134.05999999999995,457.13,1,1,1.0
2109,2,537.05,56.34,294.56000000000006,949.5,1,1,1.0
2110,1,1017.66,29.13,132.0000000000001,436.5,1,1,1.0
2110,2,535.92,53.62,289.69000000000005,951.76,1,1,1.0
2111,2,533.72,51.56,283.68999999999994,949.5,1,1,1.0
2112,2,532.5,51.75,280.88,948.0,1,1,1.0
2113,2,531.56,53.25,283.69000000000005,938.25,1,1,1.0
2114,2,531.47,54.38,292.12,917.24,1,1,1.0
2115,2,531.56,56.16,298.5,908.25,1,1,1.0
2116,2,532.22,58.78,306.0,893.25,1,1,1.0
2117,2,532.59,57.84,309.0,891.75,1,1,1.0
2118,2,532.22,56.16,315.37,892.5,1,1,1.0
2119,2,529.27,54.28,330.56000000000006,894.0,1,1,1.0
2120,2,527.02,53.06,340.31000000000006,902.25,1,1,1.0
2121,2,525.33,52.78,345.0,912.0,1,1,1.0
2122,2,523.73,53.81,346.31999999999994,913.5,1,1,1.0
2123,2,522.7,54.94,347.25,913.5,1,1,1.0
2124,2,522.56,54.75,347.6300000000001,915.0,1,1,1.0
2125,2,520.69,52.88,348.55999999999995,917.24,1,1,1.0
2126,2,518.91,51.56,351.37,918.75,1,1,1.0
2127,2,516.89,50.91,354.0,918.75,1,1,1.0
2128,2,516.47,51.09,354.55999999999995,918.75,1,1,1.0
2129,2,517.73,52.12,352.68999999999994,918.76,1,1,1.0
2130,2,519.7,53.91,350.43999999999994,917.25,1,1,1.0
2131,2,521.48,55.97,349.13,915.0,1,1,1.0
2132,2,522.05,57.19,348.19000000000005,913.5,1,1,1.0
2133,2,521.95,56.72,348.56999999999994,913.5,1,1,1.0
2134,2,520.64,56.62,349.13,913.5,1,1,1.0
2135,2,519.52,55.22,350.81000000000006,915.0,1,1,1.0
2136,2,517.5,54.38,353.05999999999995,915.0,1,1,1.0
2137,2,515.44,52.88,354.55999999999995,917.24,1,1,1.0
2138,2,513.89,52.69,356.63,917.25,1,1,1.0
2139,2,511.78,53.44,359.25,917.25,1,1,1.0
2140,2,509.91,53.06,360.74999999999994,917.25,1,1,1.0
2141,2,507.56,54.75,364.88000000000005,915.0,1,1,1.0
2142,2,505.17,55.31,367.31,915.0,1,1,1.0
2143,2,506.44,56.25,363.36999999999995,913.5,1,1,1.0
2144,2,505.88,57.47,364.67999999999995,912.0,1,1,1.0
2145,2,505.22,57.75,365.25,912.0,1,1,1.0
2146,2,504.0,59.34,365.62,909.75,1,1,1.0
2147,2,503.25,59.62,366.0,909.76,1,1,1.0
2148,2,502.69,59.81,366.56,909.75,1,1,1.0
2149,2,502.69,59.25,366.00000000000006,909.75,1,1,1.0
2150,2,502.69,58.31,366.00000000000006,912.0,1,1,1.0
2151,2,502.41,58.12,366.93,912.0,1,1,1.0
2152,2,502.03,56.81,367.31000000000006,913.5,1,1,1.0
2153,2,501.94,56.72,367.31,913.5,1,1,1.0
2154,2,502.5,56.91,367.30999999999995,913.5,1,1,1.0
2155,2,503.91,57.84,365.61999999999995,912.0,1,1,1.0
2156,2,504.19,59.34,364.86999999999995,909.75,1,1,1.0
2157,2,505.03,59.25,363.75,909.75,1,1,1.0
2158,2,503.91,59.06,366.93,913.5,1,1,1.0
2159,2,506.34,58.03,355.88000000000005,917.25,1,1,1.0
2160,2,507.28,56.62,346.88,922.5,1,1,1.0
2161,2,509.34,56.16,333.00000000000006,927.75,1,1,1.0
2162,2,510.75,55.12,318.0,934.5,1,1,1.0
2163,2,511.97,55.12,306.0,934.5,1,1,1.0
2164,2,513.38,54.09,300.37,942.0,1,1,1.0
2165,2,515.91,53.44,294.0,949.5,1,1,1.0
2166,2,516.75,53.06,289.30999999999995,954.75,1,1,1.0
2167,2,518.34,50.81,282.93999999999994,963.75,1,1,1.0
2168,2,522.19,51.0,273.3699999999999,967.5,1,1,1.0
2169,2,525.84,49.97,267.0,971.25,1,1,1.0
2170,2,530.62,49.78,258.57000000000005,971.25,1,1,1.0
2171,2,534.38,51.38,254.06000000000006,967.5,1,1,1.0
2172,2,534.47,53.44,254.05999999999995,965.25,1,1,1.0
2173,2,533.72,55.97,255.75,962.25,1,1,1.0
2174,2,533.72,59.16,256.68999999999994,958.5,1,1,1.0
2175,2,534.38,62.81,258.92999999999995,953.25,1,1,1.0
2176,2,536.81,64.69,262.1300000000001,957.0,1,1,1.0
2177,2,535.59,67.55,265.88,954.75,1,1,1.0
2178,2,539.53,69.8,266.06000000000006,954.75,1,1,1.0
2179,2,538.41,72.38,269.62,953.2399999999999,1,1,1.0
2180,2,537.75,74.95,270.94000000000005,951.75,1,1,1.0
2181,2,537.28,77.95,269.63,948.0,1,1,1.0
2182,2,537.45,79.92,268.12,948.0000000000001,1,1,1.0
2183,2,537.38,83.06,272.62,944.25,1,1,1.0
2184,2,536.91,84.38,280.5,942.0000000000001,1,1,1.0
2185,2,535.36,86.25,291.0,939.75,1,1,1.0
2186,2,534.23,87.14,299.43999999999994,938.2500000000001,1,1,1.0
2187,2,533.91,86.95,308.06000000000006,938.25,1,1,1.0
2188,2,533.48,88.31,319.13,934.5,1,1,1.0
2189,2,532.5,88.22,334.69000000000005,934.5,1,1,1.0
2190,2,530.91,89.44,358.87,933.0,1,1,1.0
2191,2,529.64,89.02,380.06000000000006,934.5,1,1,1.0
2192,2,528.75,90.09,397.5,933.0,1,1,1.0
2193,2,527.62,89.06,409.88,934.5,1,1,1.0
2194,2,526.97,89.44,420.75,936.75,1,1,1.0
2195,2,526.88,89.16,429.74,953.2500000000001,1,1,1.0
2196,2,528.09,88.55,430.5,972.75,1,1,1.0
2197,2,529.5,90.05,431.62,978.75,1,1,1.0
2198,2,532.12,93.14,427.5,977.2500000000001,1,1,1.0
2199,2,536.34,96.23,391.13,975.0,1,1,1.0
2200,2,540.09,98.86,362.25,974.9999999999999,1,1,1.0
2201,2,544.97,101.58,344.05999999999995,967.4999999999999,1,1,1.0
2202,2,551.06,105.33,338.6300000000001,962.2499999999999,1,1,1.0
2203,2,557.53,106.64,339.38,960.0000000000001,1,1,1.0
2204,2,559.88,104.16,343.87,963.7500000000001,1,1,1.0
2205,2,563.44,100.59,347.25,965.2499999999999,1,1,1.0
2206,2,566.53,98.86,353.63,963.7499999999999,1,1,1.0
2207,2,566.44,97.88,362.25,963.7399999999999,1,1,1.0
2208,2,567.47,98.72,370.30999999999995,963.75,1,1,1.0
2209,2,567.63,98.53,378.75,967.5,1,1,1.0
2210,2,567.84,99.09,384.38,968.9999999999999,1,1,1.0
2211,2,567.66,99.84,388.12,968.9999999999999,1,1,1.0
2212,2,568.08,100.45,390.75,969.0,1,1,1.0
2213,2,568.03,100.88,394.88,967.5000000000001,1,1,1.0
2214,2,568.83,101.95,395.62,969.0,1,1,1.0
2215,2,569.7,104.58,394.5,965.2499999999999,1,1,1.0
2216,2,569.93,106.78,393.37,965.25,1,1,1.0
2217,2,568.55,110.16,392.25,962.2500000000001,1,1,1.0
2218,2,566.53,114.09,390.38,958.4999999999999,1,1,1.0
2219,2,561.98,119.34,390.75,951.7499999999999,1,1,1.0
2220,2,554.16,123.75,393.37,946.5,1,1,1.0
2221,2,543.56,128.34,397.1300000000001,941.9999999999999,1,1,1.0
2222,2,532.03,130.5,401.63,939.75,1,1,1.0
2223,2,519.0,128.34,410.25,946.4999999999999,1,1,1.0
2224,2,507.56,128.62,408.74999999999994,946.4999999999999,1,1,1.0
2225,2,495.56,128.34,411.74999999999994,946.4999999999999,1,1,1.0
2226,2,488.62,128.62,410.26,944.9999999999999,1,1,1.0
2227,2,484.12,130.31,408.38,938.25,1,1,1.0
2228,2,475.88,128.72,419.62,944.25,1,1,1.0
2229,2,469.31,131.16,427.13000000000005,941.2500000000001,1,1,1.0
2230,2,467.62,134.44,421.5,936.75,1,1,1.0
2231,2,469.45,135.19,420.00000000000006,933.0,1,1,1.0
2232,2,472.88,133.12,415.12,938.2600000000001,1,1,1.0
2233,2,483.61,132.28,405.75,936.75,1,1,1.0
2234,2,497.58,129.75,397.50000000000006,938.25,1,1,1.0
2235,2,511.92,125.06,391.12999999999994,944.25,1,1,1.0
2236,2,525.75,122.34,406.13,947.9999999999999,1,1,1.0
2237,2,540.75,120.09,423.0,953.9999999999999,1,1,1.0
2238,2,556.69,117.94,410.25,955.5,1,1,1.0
2239,2,575.91,119.44,370.87,949.5,1,1,1.0
2240,2,596.34,118.41,335.25,951.7500000000001,1,1,1.0
2241,2,606.96,117.66,312.0,954.7500000000001,1,1,1.0
2242,2,612.94,117.47,304.1199999999999,953.25,1,1,1.0
2243,2,616.41,117.09,298.31000000000006,954.7499999999999,1,1,1.0
2244,2,624.66,114.09,291.75,959.9999999999999,1,1,1.0
2245,2,631.31,113.16,282.0,960.0000000000001,1,1,1.0
2246,2,636.84,110.44,277.31999999999994,962.25,1,1,1.0
2247,2,638.44,111.47,287.80999999999995,963.75,1,1,1.0
2248,2,642.09,112.59,295.13,963.7499999999999,1,1,1.0
2249,2,643.92,114.28,302.44000000000005,960.0,1,1,1.0
2250,2,646.69,115.78,304.8699999999999,957.0,1,1,1.0
2251,2,648.42,115.78,309.0,954.75,1,1,1.0
2252,2,648.0,115.31,315.19000000000005,953.25,1,1,1.0
2253,2,647.11,114.47,320.05999999999995,953.25,1,1,1.0
2254,2,646.41,114.38,327.75,953.2399999999999,1,1,1.0
2255,2,645.84,113.16,335.25,954.7500000000001,1,1,1.0
2256,2,645.47,113.34,343.12,954.7499999999999,1,1,1.0
2257,2,644.91,113.62,352.12,956.9999999999999,1,1,1.0
2258,2,644.44,114.56,367.68999999999994,954.75,1,1,1.0
2259,2,644.06,114.47,388.1300000000001,954.75,1,1,1.0
2260,2,644.53,114.38,397.5,954.7399999999999,1,1,1.0
2261,2,646.69,114.38,394.1199999999999,954.7399999999999,1,1,1.0
2262,2,649.31,115.12,381.19000000000005,954.7600000000001,1,1,1.0
2263,2,652.97,115.22,370.87,954.75,1,1,1.0
2264,2,656.25,116.16,364.87,953.2500000000001,1,1,1.0
2265,2,659.06,115.97,363.75,953.25,1,1,1.0
2266,2,662.62,116.44,360.76,951.75,1,1,1.0
2267,2,667.5,114.56,356.6199999999999,953.25,1,1,1.0
2268,2,671.91,113.16,352.67999999999995,954.7500000000001,1,1,1.0
2269,2,677.06,111.09,345.94000000000005,958.4999999999999,1,1,1.0
2270,2,684.28,108.47,337.5,958.5,1,1,1.0
2271,2,691.69,102.14,327.3699999999999,965.2500000000001,1,1,1.0
2272,2,696.54,96.14,321.56000000000006,972.7500000000001,1,1,1.0
2273,2,698.77,89.11,320.62,983.9999999999999,1,1,1.0
2274,2,699.49,84.05,321.55999999999995,989.25,1,1,1.0
2275,2,698.93,80.67,322.5,991.5000000000001,1,1,1.0
2276,2,698.81,80.77,322.31000000000006,986.25,1,1,1.0
2277,2,701.25,83.86,320.05999999999995,968.9999999999999,1,1,1.0
2278,2,703.03,86.67,316.88,939.7500000000001,1,1,1.0
2279,2,703.97,86.81,312.93999999999994,927.75,1,1,1.0
2280,2,703.22,88.55,310.12,915.0,1,1,1.0
2281,2,700.12,85.03,306.38,904.5,1,1,1.0
2282,2,697.22,87.94,303.93999999999994,893.25,1,1,1.0
2283,2,693.28,89.81,301.5,888.75,1,1,1.0
2284,2,688.69,90.84,300.0,886.5,1,1,1.0
2285,2,682.97,95.91,296.62,881.25,1,1,1.0
2286,2,676.41,97.48,293.81000000000006,878.25,1,1,1.0
2287,2,669.52,99.21,291.37,876.75,1,1,1.0
2288,2,661.5,100.64,286.69000000000005,876.0,1,1,1.0
2289,2,647.62,101.98,296.26,874.5,1,1,1.0
2290,2,631.41,102.52,309.37,872.25,1,1,1.0
2291,2,614.02,100.88,322.31000000000006,873.74,1,1,1.0
2292,2,599.18,100.41,336.75,876.75,1,1,1.0
2293,2,584.72,102.0,349.12,851.25,1,1,1.0
2294,2,568.31,103.03,362.25,833.25,1,1,1.0
2295,2,559.22,104.72,363.0,809.25,1,1,1.0
2296,2,544.69,105.84,369.55999999999995,804.0,1,1,1.0
2297,2,536.86,107.72,366.0,801.0,1,1,1.0
2298,2,531.0,109.12,361.12,801.0,1,1,1.0
2299,2,523.22,111.28,356.80999999999995,797.25,1,1,1.0
2300,2,517.59,113.62,349.88,795.76,1,1,1.0
2301,2,511.64,114.0,347.63,796.5,1,1,1.0
2302,2,507.56,114.0,347.24999999999994,796.5,1,1,1.0
2303,2,504.98,115.12,346.31999999999994,796.5,1,1,1.0
2304,2,503.25,115.78,345.37,797.25,1,1,1.0
2305,2,503.11,116.53,342.75,795.75,1,1,1.0
2306,2,504.75,116.53,339.75,796.5,1,1,1.0
2307,2,505.78,115.41,336.75,797.25,1,1,1.0
2308,2,507.7,111.94,333.94,801.0,1,1,1.0
2309,2,512.72,109.03,325.30999999999995,804.0,1,1,1.0
2310,2,514.69,108.0,321.93999999999994,804.0,1,1,1.0
2311,2,516.19,105.75,319.1199999999999,806.25,1,1,1.0
2312,2,517.31,104.72,316.8800000000001,807.0,1,1,1.0
2313,2,517.22,104.62,319.12,807.76,1,1,1.0
2314,2,517.92,104.16,318.38,807.75,1,1,1.0
2315,2,518.11,104.53,319.12,807.75,1,1,1.0
2316,2,518.25,105.28,319.13,807.0,1,1,1.0
2317,2,517.27,105.47,321.0,807.0,1,1,1.0
2318,2,517.88,107.34,321.0,804.0,1,1,1.0
2319,2,517.73,108.28,321.56999999999994,804.0,1,1,1.0
2320,2,518.02,109.41,321.56000000000006,804.0,1,1,1.0
2321,2,518.06,109.5,321.94000000000005,803.25,1,1,1.0
2322,2,519.28,109.22,321.56000000000006,803.25,1,1,1.0
2323,2,519.61,108.47,321.93999999999994,804.0,1,1,1.0
2324,2,520.92,108.19,321.0,804.0,1,1,1.0
2325,2,521.72,106.88,320.62,804.74,1,1,1.0
2326,2,522.7,105.84,319.5,806.25,1,1,1.0
2327,2,523.03,105.19,319.5,807.0,1,1,1.0
2328,2,523.64,105.0,319.13,807.0,1,1,1.0
2329,2,523.45,105.0,319.5,806.25,1,1,1.0
2330,2,523.69,105.47,319.68999999999994,806.25,1,1,1.0
2331,2,523.73,105.56,319.68999999999994,806.25,1,1,1.0
2332,2,523.45,105.84,320.06999999999994,804.75,1,1,1.0
2333,2,523.92,106.31,319.69000000000005,804.75,1,1,1.0
2334,2,523.64,106.31,320.06000000000006,804.75,1,1,1.0
2335,2,523.31,105.75,320.6300000000001,804.75,1,1,1.0
2336,2,523.27,106.03,320.06000000000006,804.75,1,1,1.0
2337,2,523.31,106.12,319.5,804.76,1,1,1.0
2338,2,523.41,105.66,319.68000000000006,806.25,1,1,1.0
2339,2,523.55,106.22,319.12,804.75,1,1,1.0
2340,2,523.55,105.84,318.75,804.75,1,1,1.0
2341,2,523.27,104.81,318.37,806.25,1,1,1.0
2342,2,523.22,104.25,318.0,806.25,1,1,1.0
2343,2,523.31,103.78,317.6300000000001,807.0,1,1,1.0
2344,2,523.5,103.31,316.69000000000005,807.75,1,1,1.0
2345,2,524.25,103.12,315.19000000000005,808.5,1,1,1.0
2346,2,524.39,102.75,314.44000000000005,809.25,1,1,1.0
2347,2,524.58,102.09,313.68999999999994,809.25,1,1,1.0
2348,2,524.44,102.56,313.68999999999994,809.25,1,1,1.0
2349,2,524.3,101.44,313.31000000000006,810.75,1,1,1.0
2350,2,523.78,100.88,312.38,810.74,1,1,1.0
2351,2,523.27,100.12,312.37,811.5,1,1,1.0
2352,2,522.47,100.22,312.75,811.5,1,1,1.0
2353,2,521.67,100.69,312.94000000000005,811.5,1,1,1.0
2354,2,521.2,100.31,312.75,812.25,1,1,1.0
2355,2,520.78,100.03,312.38,812.25,1,1,1.0
2356,2,520.17,100.03,312.38,812.25,1,1,1.0
2357,2,520.31,99.94,311.44000000000005,812.25,1,1,1.0
2358,2,519.47,99.84,312.0,811.5,1,1,1.0
2359,2,519.0,99.75,312.0,812.25,1,1,1.0
2360,2,518.67,99.94,312.38,812.25,1,1,1.0
2361,2,518.48,99.38,313.31999999999994,812.24,1,1,1.0
2362,2,517.83,98.81,319.5,811.5,1,1,1.0
2363,2,516.66,97.69,331.5,812.25,1,1,1.0
2364,2,515.39,96.56,342.75,813.75,1,1,1.0
2365,2,513.8,94.22,353.62,816.0,1,1,1.0
2366,2,513.0,92.53,362.25,818.25,1,1,1.0
2367,2,512.06,91.5,368.81000000000006,819.75,1,1,1.0
2368,2,512.02,90.19,372.56000000000006,821.25,1,1,1.0
2369,2,511.36,89.34,375.37,822.0,1,1,1.0
2370,2,512.16,89.16,373.5,822.0,1,1,1.0
2371,2,511.08,88.31,369.94,823.5,1,1,1.0
2372,2,510.94,88.22,363.36999999999995,822.75,1,1,1.0
2373,2,511.5,87.19,355.88,823.5,1,1,1.0
2374,2,511.92,85.59,345.37999999999994,825.75,1,1,1.0
2375,2,513.09,85.41,330.56999999999994,826.5,1,1,1.0
2376,2,515.04,84.09,313.69000000000005,828.75,1,1,1.0
2377,2,515.79,83.44,306.37,828.75,1,1,1.0
2378,2,517.2,82.88,303.92999999999995,830.24,1,1,1.0
2379,2,517.71,81.94,302.43999999999994,831.0,1,1,1.0
2380,2,517.66,81.28,301.88,831.75,1,1,1.0
2381,2,517.36,80.53,302.43999999999994,833.25,1,1,1.0
2382,2,516.52,80.44,303.18000000000006,833.25,1,1,1.0
2383,2,514.71,81.0,304.5,831.75,1,1,1.0
2384,2,512.88,80.06,305.44000000000005,833.25,1,1,1.0
2385,2,511.43,79.41,307.49999999999994,833.25,1,1,1.0
2386,2,509.34,79.22,310.50000000000006,833.25,1,1,1.0
2387,2,506.74,78.38,315.38,834.74,1,1,1.0
2388,2,505.41,78.47,316.86999999999995,834.75,1,1,1.0
2389,2,504.77,79.03,318.38,831.75,1,1,1.0
2390,2,504.73,77.34,320.62,831.75,1,1,1.0
2391,2,506.39,76.12,324.38,833.26,1,1,1.0
2392,2,509.58,76.69,333.37000000000006,831.75,1,1,1.0
2393,2,514.41,76.45,342.18000000000006,830.25,1,1,1.0
2394,2,520.36,74.72,345.75,831.75,1,1,1.0
2395,2,526.92,73.59,349.13,833.25,1,1,1.0
2396,2,535.41,73.92,347.62,833.25,1,1,1.0
2397,2,543.52,71.95,345.75,835.5,1,1,1.0
2398,2,555.66,70.69,337.87,837.0,1,1,1.0
2399,2,562.59,68.95,335.25,840.0,1,1,1.0
2400,2,570.28,66.14,332.06000000000006,843.0,1,1,1.0
2401,2,575.91,61.92,329.06000000000006,846.0,1,1,1.0
2402,2,582.66,58.22,324.0,849.0,1,1,1.0
2403,2,587.53,56.3,321.0,849.75,1,1,1.0
2404,2,597.0,53.02,312.75,853.5,1,1,1.0
2405,2,607.41,52.22,301.5,852.0,1,1,1.0
2406,2,614.62,52.55,293.82000000000005,838.5,1,1,1.0
2407,2,620.16,52.83,285.75,811.5,1,1,1.0
2408,2,624.19,50.58,277.8699999999999,793.5,1,1,1.0
2409,2,628.03,46.59,272.25,777.0,1,1,1.0
2410,2,633.02,44.91,268.69000000000005,767.25,1,1,1.0
2411,2,636.84,44.16,266.06999999999994,765.75,1,1,1.0
2412,2,638.67,42.56,268.13,767.25,1,1,1.0
2413,2,639.14,42.0,273.0,768.75,1,1,1.0
2414,2,639.23,42.19,276.93999999999994,768.0,1,1,1.0
2415,2,639.09,41.53,279.38,771.0,1,1,1.0
2416,2,639.61,41.53,279.37,771.0,1,1,1.0
2417,2,641.95,42.0,277.68999999999994,769.5,1,1,1.0
2418,2,644.3,42.19,273.0,768.75,1,1,1.0
2419,2,647.44,41.06,268.68999999999994,771.0,1,1,1.0
2420,2,649.83,40.31,264.75,771.75,1,1,1.0
2421,2,651.89,40.22,261.56000000000006,771.0,1,1,1.0
2422,2,651.66,39.38,262.12,771.74,1,1,1.0
2423,2,651.05,36.38,262.69000000000005,773.24,1,1,1.0
2424,2,649.88,32.91,262.67999999999995,775.5,1,1,1.0
2425,2,649.17,29.25,261.56000000000006,756.0,1,1,1.0
2426,2,648.7,25.88,259.13,752.62,1,1,1.0
2427,2,648.52,19.97,256.87,739.5,1,1,1.0
2428,2,649.36,17.91,255.18999999999994,732.0,1,1,1.0
2429,2,649.64,16.27,255.75,711.75,1,1,1.0
2430,2,650.77,16.03,260.43000000000006,693.0,1,1,1.0
2431,2,653.06,14.02,264.19000000000005,685.12,1,1,1.0
2432,2,656.3,13.41,266.06000000000006,684.0,1,1,1.0
2433,2,659.25,9.84,267.37,686.25,1,1,1.0
2434,2,663.98,9.38,265.31999999999994,688.12,1,1,1.0
2435,2,668.02,8.95,263.06000000000006,689.25,1,1,1.0
2436,2,673.45,8.3,259.88,688.12,1,1,1.0
2437,2,679.55,7.03,255.19000000000005,688.13,1,1,1.0
2438,2,686.48,6.38,246.93999999999994,690.0,1,1,1.0
2439,2,692.44,6.09,239.25,691.5,1,1,1.0
2440,2,703.03,6.47,228.0,689.25,1,1,1.0
2441,2,711.47,4.88,219.37,690.0,1,1,1.0
2442,2,721.03,4.66,211.69000000000005,678.0,1,1,1.0
2443,2,729.84,1.69,207.38,679.8699999999999,1,1,1.0
2444,2,737.81,1.52,203.6300000000001,657.0,1,1,1.0
2445,2,743.72,-0.94,202.5,644.25,1,1,1.0
2446,2,749.2,0.94,200.25,622.8699999999999,1,1,1.0
2447,2,749.25,-1.78,206.80999999999995,611.25,1,1,1.0
2448,2,747.56,-1.36,211.69000000000005,601.88,1,1,1.0
2449,2,746.58,-1.22,215.80999999999995,600.38,1,1,1.0
2450,2,746.79,-1.22,219.37,600.38,1,1,1.0
2451,2,747.26,-2.16,224.06000000000006,602.63,1,1,1.0
2452,2,749.91,-0.75,227.06000000000006,601.13,1,1,1.0
2453,2,750.47,1.22,231.75,599.62,1,1,1.0
2454,2,753.66,1.31,234.93000000000006,599.6300000000001,1,1,1.0
2455,2,758.53,1.22,234.38,599.25,1,1,1.0
2456,2,762.94,0.14,236.6199999999999,597.0,1,1,1.0
2457,2,769.22,0.19,236.80999999999995,595.1199999999999,1,1,1.0
2458,2,779.25,-1.97,233.80999999999995,597.0,1,1,1.0
2459,2,792.23,-2.3,224.43999999999994,586.13,1,1,1.0
2460,2,808.88,-1.92,212.06000000000006,574.12,1,1,1.0
2461,2,827.02,0.42,198.18000000000006,561.0,1,1,1.0
2462,2,844.27,-2.25,185.1500000000001,547.13,1,1,1.0
2463,2,859.27,3.91,174.18000000000006,527.25,1,1,1.0
2464,2,870.25,3.84,169.5,523.88,1,1,1.0
2465,2,880.85,5.6,161.43999999999994,518.63,1,1,1.0
2466,2,889.08,5.93,156.7499999999999,518.62,1,1,1.0
2467,2,896.67,4.85,153.85000000000002,518.63,1,1,1.0
2468,2,898.99,6.12,163.69000000000005,515.62,1,1,1.0
2469,2,901.17,1.12,184.40999999999997,524.63,1,1,1.0
2470,2,902.44,0.47,202.1199999999999,524.62,1,1,1.0
2471,2,902.44,0.75,207.3699999999999,523.5,1,1,1.0
2472,2,902.11,0.38,210.7499999999999,523.87,1,1,1.0
2473,2,900.66,1.22,215.62,523.87,1,1,1.0
2474,2,903.66,0.75,212.06000000000006,519.75,1,1,1.0
2475,2,910.5,2.81,207.94000000000005,506.63,1,1,1.0
2476,2,916.88,3.28,203.2399999999999,499.5,1,1,1.0
2477,2,930.8,3.82,191.52999999999997,490.13,1,1,1.0
2478,2,947.81,1.41,177.94000000000005,489.36999999999995,1,1,1.0
2479,2,962.77,-1.12,166.4000000000001,489.37,1,1,1.0
2480,2,984.14,3.56,157.7800000000001,480.75,1,1,1.0
2481,2,1007.53,3.0,135.66000000000008,480.75,1,1,1.0
2482,2,1036.78,3.61,110.05999999999995,480.0,1,1,1.0
2483,2,1037.58,2.06,108.94000000000005,482.63,1,1,1.0
2484,2,1038.0,3.52,107.61999999999989,481.5,1,1,1.0
2485,2,1040.34,4.36,103.22000000000003,482.62,1,1,1.0
2486,2,1043.44,19.99,99.75,469.5,1,1,1.0
2487,2,1045.41,44.27,94.02999999999997,442.13,1,1,1.0
2488,2,1045.08,45.56,95.25,439.13,1,1,1.0
