1172,1,986.156,-0.5625,153.469,484.875,0.71306,1,1,1.0
1173,1,989.906,0.1875,149.812,487.5,0.790848,1,1,1.0
1174,1,985.406,-1.125,158.25,490.875,0.82398,1,1,1.0
1175,1,985.078,-0.65625,156.188,491.625,0.814377,1,1,1.0
1176,1,988.734,-0.09375,151.031,489,0.825901,1,1,1.0
1177,1,990.891,-0.84375,149.062,488.25,0.835505,1,1,1.0
1178,1,990.891,3.89062,151.594,480,0.850928,1,1,1.0
1179,1,986.766,4.96875,150,479.625,0.83461,1,1,1.0
1180,1,975.047,4.03125,144.75,483.375,0.891242,1,1,1.0
1181,1,960.047,5.10938,153.281,482.25,0.917639,1,1,1.0
1182,1,945.891,3.23438,153.469,487.5,0.916174,1,1,1.0
1183,1,935.625,1.64062,160.5,493.125,0.912333,1,1,1.0
1184,1,925.594,-0.28125,171,501.375,0.908971,1,1,1.0
1185,1,917.203,-2.4375,178.688,531,0.917614,1,1,1.0
1186,1,908.625,-1.59375,187.969,536.625,0.923377,1,1,1.0
1187,1,901.688,-2.0625,200.25,541.5,0.925777,1,1,1.0
1188,1,894.141,-1.875,220.875,544.875,0.931059,1,1,1.0
1189,1,888.703,-1.40625,229.312,547.5,0.93298,1,1,1.0
1190,1,883.125,-1.59375,234.75,549.75,0.93346,1,1,1.0
1191,1,881.438,-1.5,225.562,549.75,0.93202,1,1,1.0
1192,1,879.234,1.78125,215.25,544.5,0.932517,1,1,1.0
1193,1,878.109,2.85938,212.438,543.75,0.933477,1,1,1.0
1194,1,877.312,3.44531,207.375,543,0.932037,1,1,1.0
1195,1,877.266,3.53906,196.5,541.875,0.932037,1,1,1.0
1196,1,874.57,2.625,187.875,543,0.931077,1,1,1.0
1197,1,871.031,1.64062,180.562,546,0.925777,1,1,1.0
1198,1,867.422,2.90625,175.031,544.875,0.926738,1,1,1.0
1199,1,863.719,2.29688,172.875,547.125,0.925777,1,1,1.0
1200,1,858.188,1.6875,174.188,553.125,0.928197,1,1,1.0
1201,1,848.578,4.21875,179.625,561.375,0.925318,1,1,1.0
1202,1,836.906,2.8125,183,572.625,0.920015,1,1,1.0
1203,1,826.031,2.15625,188.812,584.625,0.915214,1,1,1.0
1204,1,823.266,0.75,185.531,593.625,0.914733,1,1,1.0
1205,1,821.812,-0.09375,178.219,608.625,0.917614,1,1,1.0
1206,1,819.375,-1.875,173.438,617.25,0.923857,1,1,1.0
1207,1,814.078,0.28125,172.688,619.125,0.924337,1,1,1.0
1208,1,807.984,-0.375,174.188,619.875,0.922416,1,1,1.0
1209,1,799.359,0.09375,177.094,619.125,0.923377,1,1,1.0
1210,1,792.281,5.08594,180.375,611.625,0.926278,1,1,1.0
1211,1,781.734,1.6875,186.844,619.125,0.927218,1,1,1.0
1212,1,774.844,1.78125,192.938,619.875,0.930579,1,1,1.0
1213,1,768.375,1.6875,198,617.625,0.929139,1,1,1.0
1214,1,760.945,0.75,205.875,618.75,0.93298,1,1,1.0
1215,1,754.734,1.875,212.812,617.625,0.934901,1,1,1.0
1216,1,749.133,1.59375,217.875,626.625,0.937302,1,1,1.0
1217,1,744.352,2.25,222.188,642,0.93346,1,1,1.0
1218,1,738.375,2.15625,225.938,665.625,0.929637,1,1,1.0
1219,1,737.812,1.40625,223.125,680.625,0.924817,1,1,1.0
1220,1,735.375,2.15625,222.938,693.75,0.925297,1,1,1.0
1221,1,734.25,1.82812,220.312,702.375,0.929139,1,1,1.0
1222,1,734.531,2.25,216.75,707.625,0.931059,1,1,1.0
1223,1,732.375,1.125,216.375,712.5,0.930579,1,1,1.0
1224,1,733.406,3.04688,212.062,712.5,0.93394,1,1,1.0
1225,1,733.031,4.59375,210.562,712.5,0.930579,1,1,1.0
1226,1,731.531,5.25,210.938,712.5,0.93298,1,1,1.0
1227,1,728.438,6.23438,213.75,709.5,0.93346,1,1,1.0
1228,1,725.531,8.4375,216.375,709.5,0.940663,1,1,1.0
1229,1,722.062,9.46875,218.438,709.5,0.941143,1,1,1.0
1230,1,719.625,9.46875,218.438,709.5,0.941623,1,1,1.0
1231,1,716.719,10.4531,218.438,705.375,0.941143,1,1,1.0
1232,1,711.656,10.3125,220.875,706.875,0.940663,1,1,1.0
1233,1,709.312,12.2344,218.812,717,0.935861,1,1,1.0
1234,1,706.406,14.3438,217.875,737.625,0.9325,1,1,1.0
1235,1,700.969,19.4062,219.75,754.5,0.929619,1,1,1.0
1236,1,697.547,25.3125,217.875,748.125,0.922416,1,1,1.0
1237,1,690.797,28.3125,220.312,754.5,0.925777,1,1,1.0
1238,1,683.109,30.5625,221.625,768,0.922896,1,1,1.0
1239,1,675.047,33.8438,222.188,771.75,0.914733,1,1,1.0
1240,1,667.781,37.125,222.188,778.5,0.912813,1,1,1.0
1241,1,659.203,38.5312,223.5,778.5,0.907051,1,1,1.0
1242,1,647.977,38.625,231.375,780.75,0.908971,1,1,1.0
1243,1,635.344,38.5312,241.875,783.75,0.910412,1,1,1.0
1244,1,626.906,42.9844,249,776.25,0.919535,1,1,1.0
1245,1,617.812,44.8828,258.188,773.25,0.929139,1,1,1.0
1246,1,608.344,47.5781,267.375,772.5,0.938262,1,1,1.0
1247,1,598.875,48.6562,275.25,771,0.942103,1,1,1.0
1248,1,591,49.9688,281.625,771.75,0.942584,1,1,1.0
1249,1,580.5,51.5625,289.688,768.75,0.939703,1,1,1.0
1250,1,574.406,52.9453,293.812,775.5,0.937782,1,1,1.0
1251,1,564.516,56.4844,299.062,797.25,0.935861,1,1,1.0
1252,1,558.938,56.4844,300.562,828,0.940663,1,1,1.0
1253,1,552.75,56.9531,300.562,849,0.935861,1,1,1.0
1254,1,548.531,61.7812,298.312,861,0.935381,1,1,1.0
1255,1,543.469,64.6875,295.125,864,0.934901,1,1,1.0
1256,1,539.016,67.875,288.75,866.25,0.928658,1,1,1.0
1257,1,533.812,69.75,276.938,874.5,0.918095,1,1,1.0
1258,1,529.031,74.4375,276,876,0.920496,1,1,1.0
1259,1,526.875,77.3438,278.625,873.75,0.922416,1,1,1.0
1260,1,523.125,79.9688,279.375,872.25,0.921456,1,1,1.0
1261,1,519,79.7812,284.062,872.25,0.921936,1,1,1.0
1262,1,516.562,79.2188,286.688,872.25,0.923857,1,1,1.0
1263,1,513.281,78.375,294.562,873.75,0.926258,1,1,1.0
1264,1,514.617,77.9062,301.125,873.75,0.925297,1,1,1.0
1265,1,514.266,76.6875,304.125,874.5,0.919055,1,1,1.0
1266,1,512.344,77.4375,316.875,872.25,0.926258,1,1,1.0
1267,1,512.484,76.125,323.812,874.5,0.925297,1,1,1.0
1268,1,507.094,75.8438,335.25,874.5,0.925297,1,1,1.0
1269,1,494.953,74.4375,354.938,874.5,0.93394,1,1,1.0
1270,1,497.344,74.625,352.688,874.5,0.935381,1,1,1.0
1271,1,500.906,76.5,352.312,871.5,0.940183,1,1,1.0
1272,1,506.062,74.5312,349.5,874.5,0.941143,1,1,1.0
1273,1,513,73.9688,339.375,876,0.941143,1,1,1.0
1274,1,522.984,72.6562,324.375,879.75,0.937782,1,1,1.0
1275,1,526.312,69.6562,314.812,883.5,0.93394,1,1,1.0
1276,1,525.281,68.0625,310.125,891,0.929619,1,1,1.0
1277,1,525.188,66.8438,304.875,909.75,0.914253,1,1,1.0
1278,1,527.438,66.0938,304.5,913.5,0.914733,1,1,1.0
1279,1,528.281,66,303.938,913.5,0.920496,1,1,1.0
1280,1,530.953,67.2188,308.062,912,0.929139,1,1,1.0
1281,1,533.484,71.0625,312.75,908.25,0.934901,1,1,1.0
1282,1,534.797,73.7812,323.062,908.25,0.939222,1,1,1.0
1283,1,533.859,74.8125,336.75,908.25,0.942103,1,1,1.0
1284,1,532.594,73.9688,349.5,909.75,0.941623,1,1,1.0
1285,1,531.047,73.875,361.125,909.75,0.941623,1,1,1.0
1286,1,530.391,70.875,369.938,912,0.942584,1,1,1.0
1287,1,528.797,69.2812,378.375,912,0.943544,1,1,1.0
1288,1,525.609,67.7812,386.625,913.5,0.944504,1,1,1.0
1289,1,522.188,65.5312,392.25,917.25,0.945465,1,1,1.0
1290,1,519.047,64.4062,394.5,918.75,0.945465,1,1,1.0
1291,1,516.422,63.375,394.875,921,0.946425,1,1,1.0
1292,1,514.312,62.3438,392.25,921,0.947385,1,1,1.0
1293,1,511.406,61.3125,389.625,922.5,0.948826,1,1,1.0
1294,1,508.406,60.5625,386.25,922.5,0.949786,1,1,1.0
1295,1,505.734,60.1875,380.438,924,0.949306,1,1,1.0
1296,1,503.719,59.8125,373.125,924,0.948346,1,1,1.0
1297,1,503.344,58.9688,362.625,924,0.944984,1,1,1.0
1298,1,502.688,57.1875,352.688,924,0.941623,1,1,1.0
1299,1,502.688,55.5938,346.875,926.25,0.941143,1,1,1.0
1300,1,502.406,54.75,343.125,926.25,0.939703,1,1,1.0
1301,1,502.219,54.4688,344.062,927.75,0.936821,1,1,1.0
1302,1,501.938,53.5312,349.875,929.25,0.934901,1,1,1.0
1303,1,501.938,53.3438,356.625,926.25,0.935861,1,1,1.0
1304,1,502.875,53.4375,364.125,924,0.938262,1,1,1.0
1305,1,503.812,53.8125,373.875,921,0.943544,1,1,1.0
1306,1,506.344,54.375,378.75,918.75,0.944984,1,1,1.0
1307,1,510.047,55.4062,380.438,917.25,0.945945,1,1,1.0
1308,1,513.844,57,382.312,917.25,0.946425,1,1,1.0
1309,1,519.891,58.5938,381.188,918.75,0.944504,1,1,1.0
1310,1,526.453,59.5312,374.438,926.25,0.943064,1,1,1.0
1311,1,531.891,60.8438,369.188,926.25,0.942103,1,1,1.0
1312,1,536.766,59.1562,364.688,929.25,0.941143,1,1,1.0
1313,1,540.844,58.5,360.375,929.25,0.940663,1,1,1.0
1314,1,543.375,55.4062,357.75,933,0.941623,1,1,1.0
1315,1,544.688,54,355.875,934.5,0.942103,1,1,1.0
1316,1,545.719,52.2188,354.938,936.75,0.942584,1,1,1.0
1317,1,545.906,52.7812,354.375,936.75,0.941623,1,1,1.0
1318,1,546.375,53.625,353.625,934.5,0.942584,1,1,1.0
1319,1,547.969,54.1875,352.125,934.5,0.942103,1,1,1.0
1320,1,549.562,54.1875,350.062,934.5,0.941143,1,1,1.0
1321,1,550.406,54.1875,348.562,934.5,0.941623,1,1,1.0
1322,1,552.094,54.5625,346.875,933,0.940663,1,1,1.0
1323,1,553.219,53.8125,345.938,934.5,0.940663,1,1,1.0
1324,1,555.188,54.5625,344.625,933,0.939222,1,1,1.0
1325,1,556.5,54.4688,343.125,933,0.938742,1,1,1.0
1326,1,555.75,55.7812,343.875,931.5,0.938262,1,1,1.0
1327,1,554.438,56.4375,344.625,931.5,0.937782,1,1,1.0
1328,1,552.844,58.2188,346.312,929.25,0.937782,1,1,1.0
1329,1,550.969,60.375,347.25,926.25,0.938742,1,1,1.0
1330,1,548.062,60.1875,348.562,926.25,0.938742,1,1,1.0
1331,1,545.531,61.0312,349.125,924,0.939703,1,1,1.0
1332,1,541.594,60.375,348.562,924,0.939222,1,1,1.0
1333,1,537.562,59.5312,349.875,924,0.939703,1,1,1.0
1334,1,535.406,58.7812,353.625,924,0.939703,1,1,1.0
1335,1,533.719,56.1562,354.562,927.75,0.940663,1,1,1.0
1336,1,532.125,55.4062,356.25,927.75,0.941143,1,1,1.0
1337,1,530.625,54.0938,358.875,929.25,0.941143,1,1,1.0
1338,1,529.219,53.3438,360.375,931.5,0.941623,1,1,1.0
1339,1,528.609,53.3438,361.125,931.5,0.942103,1,1,1.0
1340,1,528.516,53.5312,360.75,931.5,0.942584,1,1,1.0
1341,1,528.469,53.25,360.75,931.5,0.943064,1,1,1.0
1342,1,528.984,54.9375,360,929.25,0.943544,1,1,1.0
1343,1,529.875,55.0312,359.438,929.25,0.943544,1,1,1.0
1344,1,530.531,56.4375,358.875,927.75,0.943064,1,1,1.0
1345,1,531.516,57.4688,357.75,926.25,0.943064,1,1,1.0
1346,1,532.078,57.5625,356.25,926.25,0.943064,1,1,1.0
1347,1,533.297,57.5625,354.562,926.25,0.941623,1,1,1.0
1348,1,534.562,58.875,353.062,924,0.941143,1,1,1.0
1349,1,535.5,57.75,351.75,926.25,0.940663,1,1,1.0
1350,1,537,58.2188,350.438,926.25,0.939703,1,1,1.0
1351,1,538.078,58.6875,349.125,926.25,0.939222,1,1,1.0
1352,1,540.047,58.7812,347.625,926.25,0.938742,1,1,1.0
1353,1,542.016,58.875,345.375,926.25,0.938742,1,1,1.0
1354,1,542.578,59.8125,345.938,924,0.937782,1,1,1.0
1355,1,544.078,60.375,344.062,924,0.936821,1,1,1.0
1356,1,544.125,60.5625,344.625,924,0.935861,1,1,1.0
1357,1,544.781,60.4688,343.5,924,0.935381,1,1,1.0
1358,1,544.922,60.5625,343.5,924,0.934901,1,1,1.0
1359,1,545.062,61.2188,343.125,924,0.934421,1,1,1.0
1360,1,544.781,61.125,343.875,924,0.93394,1,1,1.0
1361,1,544.828,59.5312,344.062,926.25,0.93298,1,1,1.0
1362,1,544.359,59.25,344.625,926.25,0.93346,1,1,1.0
1363,1,544.5,58.9688,344.625,926.25,0.934421,1,1,1.0
1364,1,543.891,59.4375,345,926.25,0.934421,1,1,1.0
1365,1,543.516,60.9375,345.75,924,0.936341,1,1,1.0
1366,1,543,61.3125,345.75,924,0.935861,1,1,1.0
1367,1,542.391,61.4062,345.938,924,0.936821,1,1,1.0
1368,1,541.547,61.5938,347.25,924,0.935861,1,1,1.0
1369,1,541.359,60.8438,345.938,924,0.935381,1,1,1.0
1370,1,540.141,60.1875,347.25,924,0.935861,1,1,1.0
1371,1,538.781,59.0625,349.5,924,0.935861,1,1,1.0
1372,1,537.797,57.4688,349.125,926.25,0.936821,1,1,1.0
1373,1,537.422,57.0938,349.125,926.25,0.936821,1,1,1.0
1374,1,537.047,57.1875,349.875,927.75,0.936821,1,1,1.0
1375,1,536.672,58.5938,350.812,926.25,0.937782,1,1,1.0
1376,1,536.953,59.7188,349.5,924,0.937302,1,1,1.0
1377,1,536.203,60,352.125,924,0.936341,1,1,1.0
1378,1,535.969,59.7188,350.062,924,0.937302,1,1,1.0
1379,1,535.031,59.3438,351.375,924,0.937782,1,1,1.0
1380,1,534.562,59.3438,351.375,924,0.937782,1,1,1.0
1381,1,534.141,59.7188,352.312,924,0.938742,1,1,1.0
1382,1,534.188,58.7812,353.062,926.25,0.937782,1,1,1.0
1383,1,534,61.2188,353.062,922.5,0.937782,1,1,1.0
1384,1,534.094,61.875,353.062,922.5,0.937302,1,1,1.0
1385,1,533.766,61.875,352.125,922.5,0.937782,1,1,1.0
1386,1,533.297,61.125,352.312,922.5,0.938262,1,1,1.0
1387,1,532.969,60.1875,352.688,922.5,0.938742,1,1,1.0
1387,2,1034.34,1.45312,111,418.125,0.810613,1,1,1.0
1388,1,532.688,59.3438,353.625,924,0.938742,1,1,1.0
1388,2,1031.34,1.80469,114.844,417,0.850928,1,1,1.0
1389,1,532.734,58.6875,353.625,926.25,0.938262,1,1,1.0
1389,2,1023,3.23438,119.25,413.625,0.853807,1,1,1.0
1390,1,533.062,58.7812,353.625,926.25,0.938262,1,1,1.0
1390,2,1016.2,3,115.688,413.625,0.847088,1,1,1.0
1391,1,533.062,59.9062,353.062,924,0.937782,1,1,1.0
1391,2,1007.74,-0.703125,111.469,417.75,0.860526,1,1,1.0
1392,1,532.781,59.9062,353.625,924,0.937302,1,1,1.0
1392,2,990.984,0.46875,123.375,416.625,0.872958,1,1,1.0
1393,1,532.266,59.7188,354,922.5,0.938262,1,1,1.0
1393,2,963.398,-0.9375,154.219,421.125,0.903689,1,1,1.0
1394,1,532.266,59.0625,353.625,924,0.937782,1,1,1.0
1394,2,944.484,-0.328125,169.688,421.5,0.90948,1,1,1.0
1395,1,532.312,58.6875,353.625,924,0.937302,1,1,1.0
1395,2,930.258,-0.257812,175.5,424.5,0.917639,1,1,1.0
1396,1,532.688,59.4375,354,924,0.936341,1,1,1.0
1396,2,915.398,2.0625,186.469,424.5,0.917639,1,1,1.0
1397,1,532.875,60.375,352.312,924,0.936821,1,1,1.0
1397,2,907.453,0.914062,189.844,430.5,0.90852,1,1,1.0
1398,1,533.109,61.2188,353.062,922.5,0.936821,1,1,1.0
1398,2,902.203,1.875,191.25,433.125,0.912359,1,1,1.0
1399,1,533.297,61.875,353.062,921,0.936821,1,1,1.0
1399,2,903.844,3.1875,186.469,436.5,0.914759,1,1,1.0
1400,1,533.062,60.75,353.062,922.5,0.936341,1,1,1.0
1400,2,902.484,1.78125,186,445.875,0.915694,1,1,1.0
1401,1,533.016,59.5312,353.062,924,0.936341,1,1,1.0
1401,2,900.75,2.36719,183.562,449.625,0.918575,1,1,1.0
1402,1,532.641,59.4375,353.625,924,0.935861,1,1,1.0
1402,2,900.469,3.46875,180.844,448.875,0.920015,1,1,1.0
1403,1,532.781,57.9375,352.688,926.25,0.937302,1,1,1.0
1403,2,900.328,3.42188,175.5,448.875,0.919535,1,1,1.0
1404,1,532.125,59.1562,353.625,926.25,0.936821,1,1,1.0
1404,2,900.188,2.20312,166.969,450,0.920496,1,1,1.0
1405,1,532.641,60.0938,353.625,924,0.936821,1,1,1.0
1405,2,902.086,3,156,446.625,0.921958,1,1,1.0
1406,1,532.172,60.9375,354,924,0.936341,1,1,1.0
1406,2,902.719,2.97656,146.812,448.125,0.922918,1,1,1.0
1407,1,532.031,61.875,354,922.5,0.935381,1,1,1.0
1407,2,901.289,3.07031,143.812,448.125,0.924838,1,1,1.0
1408,1,531.844,61.2188,354.375,922.5,0.935861,1,1,1.0
1408,2,895.148,1.94531,149.812,447.75,0.923398,1,1,1.0
1409,1,531.609,60.4688,354.562,922.5,0.935861,1,1,1.0
1409,2,884.602,2.15625,158.906,450.75,0.919079,1,1,1.0
1410,1,531,59.7188,354.562,922.5,0.936821,1,1,1.0
1410,2,871.664,3.65625,172.125,462,0.914279,1,1,1.0
1411,1,530.766,60,355.312,922.5,0.936821,1,1,1.0
1411,2,864.188,2.34375,178.5,478.125,0.913319,1,1,1.0
1412,1,530.812,60.75,355.312,922.5,0.937302,1,1,1.0
1412,2,854.438,3.60938,186.375,483.75,0.914759,1,1,1.0
1413,1,530.719,61.2188,355.875,922.5,0.936821,1,1,1.0
1413,2,845.156,-0.398438,194.812,496.875,0.921936,1,1,1.0
1414,1,530.109,62.1562,356.25,921,0.937302,1,1,1.0
1414,2,836.531,0.351562,201,498.75,0.928178,1,1,1.0
1415,1,530.109,61.5938,356.25,921,0.936821,1,1,1.0
1415,2,828.469,1.59375,205.875,502.125,0.929619,1,1,1.0
1416,1,529.734,59.9062,357.188,922.5,0.936341,1,1,1.0
1416,2,821.438,2.0625,209.062,507.75,0.925297,1,1,1.0
1417,1,529.5,60.2812,356.625,922.5,0.936341,1,1,1.0
1417,2,817.969,-0.75,209.062,521.25,0.929139,1,1,1.0
1418,1,529.781,60,356.625,922.5,0.935861,1,1,1.0
1418,2,817.852,1.89844,204.375,522,0.927717,1,1,1.0
1419,1,529.781,61.4062,356.25,921,0.935861,1,1,1.0
1419,2,816.422,2.17969,202.125,521.25,0.928677,1,1,1.0
1420,1,530.531,61.7812,356.25,921,0.935381,1,1,1.0
1420,2,817.219,2.20312,198.75,522,0.929157,1,1,1.0
1421,1,530.672,63.0938,356.812,918.75,0.934901,1,1,1.0
1421,2,818.438,3.04688,194.438,521.25,0.930117,1,1,1.0
1422,1,530.672,62.7188,355.312,918.75,0.935381,1,1,1.0
1422,2,819.375,3.44531,190.5,520.875,0.931077,1,1,1.0
1423,1,530.484,63,354.562,918.75,0.935861,1,1,1.0
1423,2,820.852,3.28125,185.812,522,0.930117,1,1,1.0
1424,1,530.109,60.9375,355.875,921,0.935861,1,1,1.0
1424,2,823.078,3.51562,180,521.25,0.926758,1,1,1.0
1425,1,530.109,60.5625,354.562,922.5,0.936341,1,1,1.0
1425,2,823.512,3.89062,176.25,517.875,0.921478,1,1,1.0
1426,1,530.062,60.375,354.562,922.5,0.935861,1,1,1.0
1426,2,821.004,3.5625,176.438,519.75,0.921958,1,1,1.0
1427,1,530.109,61.0312,353.625,922.5,0.935861,1,1,1.0
1427,2,819.316,3.16406,176.438,526.5,0.924358,1,1,1.0
1428,1,530.484,61.9688,353.062,921,0.935381,1,1,1.0
1428,2,818.344,0.234375,175.031,546,0.924337,1,1,1.0
1429,1,530.906,63,353.062,918.75,0.934901,1,1,1.0
1429,2,813.797,0,177.656,555,0.924337,1,1,1.0
1430,1,531.141,62.7188,352.312,918.75,0.934901,1,1,1.0
1430,2,809.578,-0.234375,179.531,564.75,0.922416,1,1,1.0
1431,1,530.906,62.4375,352.125,918.75,0.935381,1,1,1.0
1431,2,803.062,0.1875,185.156,567,0.923857,1,1,1.0
1432,1,530.766,61.3125,352.125,921,0.935381,1,1,1.0
1432,2,797.859,3.51562,188.25,570,0.926278,1,1,1.0
1433,1,531.141,61.7812,352.125,918.75,0.934421,1,1,1.0
1433,2,794.719,6.5625,190.406,578.25,0.928677,1,1,1.0
1434,1,531.188,61.7812,352.688,918.75,0.93394,1,1,1.0
1434,2,792.281,7.03125,190.969,589.125,0.921936,1,1,1.0
1435,1,531.188,60.4688,352.125,921,0.93394,1,1,1.0
1435,2,787.781,10.3125,195.375,597.75,0.926278,1,1,1.0
1436,1,531.516,60.5625,352.125,921,0.93346,1,1,1.0
1436,2,785.789,11.4844,197.625,598.5,0.927238,1,1,1.0
1437,1,532.172,62.1562,351.375,918.75,0.93346,1,1,1.0
1437,2,783.867,11.1562,199.875,600.375,0.927717,1,1,1.0
1438,1,532.312,61.9688,350.812,918.75,0.93298,1,1,1.0
1438,2,781.781,8.69531,202.875,604.125,0.930597,1,1,1.0
1439,1,532.688,60.5625,350.812,921,0.93346,1,1,1.0
1439,2,781.219,6.89062,203.25,604.875,0.929637,1,1,1.0
1440,1,532.922,60.75,350.062,921,0.9325,1,1,1.0
1440,2,780.961,5.0625,204.375,607.5,0.929637,1,1,1.0
1441,1,533.25,60.5625,349.5,921,0.93346,1,1,1.0
1441,2,778.57,3.02344,207,610.125,0.928197,1,1,1.0
1442,1,533.438,60.4688,350.062,921,0.93346,1,1,1.0
1442,2,777.938,2.0625,207.75,610.875,0.924838,1,1,1.0
1443,1,533.25,60.375,350.438,921,0.93154,1,1,1.0
1443,2,778.078,3.39844,209.062,607.5,0.925318,1,1,1.0
1444,1,533.531,60,349.875,921,0.93154,1,1,1.0
1444,2,778.5,5.29688,210.188,613.5,0.930117,1,1,1.0
1445,1,533.719,61.2188,349.875,918.75,0.93202,1,1,1.0
1445,2,778.641,10.5234,211.125,620.625,0.934916,1,1,1.0
1446,1,533.906,61.5,349.875,918.75,0.93202,1,1,1.0
1446,2,778.031,12.2344,213.188,637.5,0.936356,1,1,1.0
1447,1,533.672,61.5,350.438,918.75,0.93202,1,1,1.0
1447,2,776.484,12.3281,214.875,644.25,0.937302,1,1,1.0
1448,1,533.625,61.4062,350.062,918.75,0.93298,1,1,1.0
1448,2,776.906,15.375,215.812,641.625,0.937782,1,1,1.0
1449,1,533.531,62.625,350.062,917.25,0.9325,1,1,1.0
1449,2,777.656,18.4453,217.875,647.25,0.938262,1,1,1.0
1450,1,533.531,61.5938,350.438,918.75,0.93202,1,1,1.0
1450,2,778.875,23.7656,218.25,656.625,0.938262,1,1,1.0
1451,1,533.766,59.625,350.812,921,0.93202,1,1,1.0
1451,2,779.812,29.3906,220.312,666.375,0.937782,1,1,1.0
1452,1,533.953,59.7188,350.438,921,0.93154,1,1,1.0
1452,2,780.938,33.375,221.438,675.75,0.936821,1,1,1.0
1453,1,533.766,60.75,350.062,918.75,0.931059,1,1,1.0
1453,2,781.312,34.0312,225,680.625,0.935381,1,1,1.0
1454,1,533.578,60.5625,350.812,918.75,0.93202,1,1,1.0
1454,2,782.484,33.5625,226.875,681.375,0.935381,1,1,1.0
1455,1,533.438,59.9062,351.375,921,0.93154,1,1,1.0
1455,2,783.891,33,228.188,682.875,0.935381,1,1,1.0
1456,1,534,60,350.812,921,0.93202,1,1,1.0
1456,2,785.391,31.2656,228.938,685.125,0.934901,1,1,1.0
1457,1,533.953,59.8125,351.75,921,0.93298,1,1,1.0
1457,2,787.828,29.0156,229.312,687,0.936821,1,1,1.0
1458,1,534.703,61.5,350.438,918.75,0.93346,1,1,1.0
1458,2,791.578,27.4219,228.75,688.125,0.935861,1,1,1.0
1459,1,534.516,60.6562,350.812,921,0.93346,1,1,1.0
1459,2,793.172,26.9531,230.062,686.25,0.936821,1,1,1.0
1460,1,534.562,60.8438,351.375,921,0.93202,1,1,1.0
1460,2,792.234,28.8281,232.875,685.125,0.936821,1,1,1.0
1461,1,534.609,60,352.125,922.5,0.9325,1,1,1.0
1461,2,791.484,30,236.625,704.625,0.934421,1,1,1.0
1462,1,535.219,60.4688,350.812,922.5,0.93346,1,1,1.0
1462,2,789.422,35.0625,241.875,725.625,0.929139,1,1,1.0
1463,1,534.75,59.8125,354.562,924,0.934901,1,1,1.0
1463,2,786.188,40.3125,247.125,739.5,0.929619,1,1,1.0
1464,1,534.891,58.9688,353.062,926.25,0.935381,1,1,1.0
1464,2,785.672,45.6562,251.062,758.25,0.921936,1,1,1.0
1465,1,535.5,58.7812,351.375,926.25,0.934421,1,1,1.0
1465,2,784.922,51.375,254.062,757.125,0.924337,1,1,1.0
1466,1,535.125,58.875,348.562,927.75,0.93346,1,1,1.0
1466,2,785.438,56.9766,257.625,762,0.928178,1,1,1.0
1467,1,535.5,59.9062,348.562,926.25,0.93202,1,1,1.0
1467,2,784.875,61.4531,262.125,786,0.926738,1,1,1.0
1468,1,535.172,58.9688,348,927.75,0.93346,1,1,1.0
1468,2,784.312,64.6406,266.062,797.25,0.930099,1,1,1.0
1469,1,535.266,57.75,349.125,929.25,0.934421,1,1,1.0
1469,2,784.594,65.8594,269.812,803.25,0.930099,1,1,1.0
1470,1,534.797,57.0938,350.062,929.25,0.936821,1,1,1.0
1470,2,785.719,67.0312,273.562,804.75,0.93346,1,1,1.0
1471,1,534.562,56.7188,350.812,929.25,0.937782,1,1,1.0
1471,2,786.75,66.6094,275.25,804.75,0.935381,1,1,1.0
1472,1,534,55.0312,351.75,931.5,0.937782,1,1,1.0
1472,2,787.594,63.7969,276.562,809.25,0.937302,1,1,1.0
1473,1,533.344,54.4688,352.125,931.5,0.937782,1,1,1.0
1473,2,789.75,61.6875,277.312,811.5,0.939703,1,1,1.0
1474,1,532.734,54.9375,353.062,929.25,0.938262,1,1,1.0
1474,2,792.75,59.0156,277.688,813.75,0.939703,1,1,1.0
1475,1,532.312,54.9375,353.625,929.25,0.938262,1,1,1.0
1475,2,798.469,57.4688,276.188,815.25,0.938262,1,1,1.0
1476,1,532.406,54.75,353.625,929.25,0.936341,1,1,1.0
1476,2,800.906,57.2812,275.625,816,0.936341,1,1,1.0
1477,1,532.125,54.2812,353.625,929.25,0.935381,1,1,1.0
1477,2,801.938,58.2188,279.562,816,0.93394,1,1,1.0
1478,1,532.453,54.1875,354.562,929.25,0.93346,1,1,1.0
1478,2,804.914,63.2812,282,833.25,0.938742,1,1,1.0
1479,1,532.828,53.3438,353.062,929.25,0.9325,1,1,1.0
1479,2,806.789,68.3438,284.062,861.75,0.935861,1,1,1.0
1480,1,532.875,54.4688,353.062,927.75,0.9325,1,1,1.0
1480,2,808.992,73.7812,286.688,878.25,0.928658,1,1,1.0
1481,1,533.109,56.4375,351.75,926.25,0.93346,1,1,1.0
1481,2,810.398,82.3125,289.312,891,0.874879,1,1,1.0
1482,1,533.203,56.625,350.812,926.25,0.93346,1,1,1.0
1482,2,809.812,88.7812,292.5,888.75,0.814857,1,1,1.0
1483,1,533.344,57.75,349.875,926.25,0.93298,1,1,1.0
1483,2,815.344,96.4219,292.5,906.75,0.876319,1,1,1.0
1484,1,533.672,58.7812,350.438,926.25,0.930579,1,1,1.0
1484,2,817.406,104.531,291,915,0.926258,1,1,1.0
1485,1,534.844,59.25,348.562,926.25,0.929619,1,1,1.0
1485,2,820.219,108.891,290.438,929.25,0.927218,1,1,1.0
1486,1,536.25,59.4375,347.25,926.25,0.929139,1,1,1.0
1486,2,820.219,111.141,291.375,933,0.928178,1,1,1.0
1487,1,538.453,61.7812,345.75,924,0.928178,1,1,1.0
1487,2,820.594,112.547,291,934.5,0.928178,1,1,1.0
1488,1,540.609,61.3125,343.125,924,0.926258,1,1,1.0
1488,2,820.688,112.781,290.812,933,0.929619,1,1,1.0
1489,1,543.469,62.625,340.875,922.5,0.924337,1,1,1.0
1489,2,817.594,112.359,293.812,933,0.934421,1,1,1.0
1490,1,545.344,63.2812,341.625,922.5,0.920976,1,1,1.0
1490,2,811.219,111.75,299.625,933,0.938262,1,1,1.0
1491,1,547.406,63.9375,341.625,922.5,0.919055,1,1,1.0
1491,2,803.344,111.375,306.562,933,0.939703,1,1,1.0
1492,1,548.391,64.5,337.5,922.5,0.920015,1,1,1.0
1492,2,793.406,113.156,315.75,931.5,0.939222,1,1,1.0
1493,1,549.469,64.2188,332.438,922.5,0.918095,1,1,1.0
1493,2,781.781,119.906,327.75,922.5,0.940183,1,1,1.0
1494,1,549.703,64.4062,329.625,922.5,0.914733,1,1,1.0
1494,2,776.25,126.562,332.438,929.25,0.938742,1,1,1.0
1495,1,549.984,62.9062,316.688,922.5,0.918095,1,1,1.0
1495,2,773.438,130.5,333,917.25,0.935381,1,1,1.0
1496,1,550.359,61.4062,286.688,915,0.911852,1,1,1.0
1496,2,772.219,134.906,330,931.5,0.938262,1,1,1.0
1497,1,551.344,61.3125,275.625,913.5,0.911372,1,1,1.0
1497,2,771.375,141.938,328.688,922.5,0.936821,1,1,1.0
1498,1,552.75,57.5625,267.375,918.75,0.910412,1,1,1.0
1498,2,767.344,148.5,330,918.75,0.938742,1,1,1.0
1499,1,552.938,58.0312,257.438,917.25,0.912333,1,1,1.0
1499,2,763.312,158.812,329.625,908.25,0.937302,1,1,1.0
1500,1,552.844,57.9375,251.625,918.75,0.910412,1,1,1.0
1500,2,758.719,170.438,330.188,897,0.936821,1,1,1.0
1501,1,552.422,57.5625,238.5,912,0.909451,1,1,1.0
1501,2,749.812,176.062,334.688,892.5,0.934421,1,1,1.0
1502,1,551.672,59.8125,224.062,904.5,0.90561,1,1,1.0
1502,2,738.516,182.719,340.5,886.5,0.93346,1,1,1.0
1503,1,551.062,59.9062,198.562,900,0.898888,1,1,1.0
1503,2,718.5,185.156,356.812,886.5,0.931059,1,1,1.0
1504,1,550.688,60.5625,191.25,894.75,0.895046,1,1,1.0
1504,2,699.562,184.547,364.688,891,0.930099,1,1,1.0
1505,1,550.172,58.6875,186.656,912,0.884002,1,1,1.0
1505,2,701.016,183.234,356.625,892.5,0.9325,1,1,1.0
1506,1,550.031,59.25,184.125,912,0.875359,1,1,1.0
1506,2,682.078,181.219,370.312,893.25,0.916174,1,1,1.0
1507,1,548.625,58.125,185.812,909.75,0.804293,1,1,1.0
1507,2,666.188,177.844,375.75,894.75,0.920976,1,1,1.0
1508,1,545.648,50.2734,191.531,632.25,0.737183,1,1,1.0
1508,2,646.594,176.789,390.375,894.75,0.93394,1,1,1.0
1509,1,547.219,52.5469,189.562,617.25,0.757716,1,1,1.0
1509,2,628.781,175.781,403.5,897.75,0.936341,1,1,1.0
1510,1,545.344,53.0625,192.75,559.5,0.574769,1,1,1.0
1510,2,610.219,176.812,418.875,897,0.93202,1,1,1.0
1511,2,594.656,179.438,427.5,894,0.93154,1,1,1.0
1512,2,574.406,187.734,442.5,884.25,0.934421,1,1,1.0
1513,2,557.719,195.281,455.25,876,0.926258,1,1,1.0
1514,2,538.5,201.094,473.25,868.5,0.914598,1,1,1.0
1514,1,545.344,53.0625,192.75,559.5,0.607421,1,1,1.0
1515,2,522.984,207.188,487.125,863.25,0.923262,1,1,1.0
1515,1,541.266,49.8398,199.125,499.875,0.700707,1,1,1.0
1516,2,514.031,215.625,494.25,855.75,0.928076,1,1,1.0
1516,1,543.938,52.0312,201.938,494.625,0.771161,1,1,1.0
1517,2,512.953,222.375,494.25,849,0.931445,1,1,1.0
1517,1,544.5,56.5312,205.312,496.125,0.776443,1,1,1.0
1518,2,511.359,224.438,492.75,849,0.926632,1,1,1.0
1518,1,544.969,61.5,210.188,497.25,0.848949,1,1,1.0
1519,2,520.078,226.125,483.375,846.75,0.934815,1,1,1.0
1519,1,545.906,64.875,220.312,509.25,0.865756,1,1,1.0
1520,2,526.641,225.375,477,847.5,0.934815,1,1,1.0
1520,1,546.844,66.375,222.938,510,0.862875,1,1,1.0
1521,2,536.625,223.5,469.5,849,0.930001,1,1,1.0
1521,1,547.219,65.9062,223.688,515.25,0.833584,1,1,1.0
1522,2,553.969,224.672,452.25,849,0.922896,1,1,1.0
1522,1,547.688,63.1875,219,521.25,0.857112,1,1,1.0
1523,2,572.203,224.766,441.75,849.75,0.929139,1,1,1.0
1523,1,548.156,61.125,207,534,0.783165,1,1,1.0
1524,2,591.281,224.859,431.625,849,0.931059,1,1,1.0
1524,1,550.688,63.5156,199.875,576.375,0.667923,1,1,1.0
1525,2,603.656,226.219,429,847.5,0.926738,1,1,1.0
1525,1,549.75,56.9062,198,623.625,0.633516,1,1,1.0
1526,2,618.562,225.984,420.75,848.25,0.928178,1,1,1.0
1526,1,553.219,60.2812,195.938,601.125,0.788928,1,1,1.0
1527,2,628.594,226.641,419.625,849,0.926738,1,1,1.0
1527,1,555.562,64.6406,197.625,582,0.802853,1,1,1.0
1528,2,640.219,227.906,415.125,846.75,0.922896,1,1,1.0
1528,1,559.125,67.5,195.75,591.75,0.820619,1,1,1.0
1529,2,645.656,227.438,424.125,846.75,0.91556,1,1,1.0
1529,1,562.969,64.6875,195.188,598.5,0.860474,1,1,1.0
1530,2,650.438,227.438,427.125,846.75,0.911709,1,1,1.0
1530,1,562.969,64.6875,200.25,592.5,0.865275,1,1,1.0
1531,2,660.188,230.625,422.625,843.75,0.911228,1,1,1.0
1531,1,559.594,63.4219,212.812,616.5,0.833104,1,1,1.0
1532,2,674.438,232.312,412.5,841.5,0.913635,1,1,1.0
1532,1,558.469,64.4062,213.562,901.5,0.73995,1,1,1.0
1533,2,688.312,235.312,401.625,836.25,0.909784,1,1,1.0
1533,1,555.164,65.0625,225,909.75,0.8792,1,1,1.0
1534,2,703.125,238.312,388.5,834,0.908821,1,1,1.0
1534,1,552.422,66.1875,232.312,908.25,0.90657,1,1,1.0
1535,2,721.828,250.312,370.875,822.75,0.90417,1,1,1.0
1535,1,551.016,67.9688,236.25,908.25,0.908011,1,1,1.0
1536,2,740.344,253.969,354.938,818.25,0.90609,1,1,1.0
1536,1,549.047,68.8125,236.812,906.75,0.913773,1,1,1.0
1537,2,756.562,252.891,339.75,822.75,0.907531,1,1,1.0
1537,1,548.602,69.1875,236.25,906.75,0.915214,1,1,1.0
1538,2,768.75,253.453,330.562,821.25,0.899848,1,1,1.0
1538,1,547.781,70.6875,236.812,904.5,0.918095,1,1,1.0
1539,2,777.656,252.469,326.812,822.75,0.899848,1,1,1.0
1539,1,546.352,69.75,237.562,906.75,0.917614,1,1,1.0
1540,2,781.875,251.953,327.375,822,0.90465,1,1,1.0
1540,1,544.852,71.0625,238.5,904.5,0.917614,1,1,1.0
1541,2,779.109,248.812,356.25,828,0.915214,1,1,1.0
1541,1,544.172,72,239.062,904.5,0.914733,1,1,1.0
1542,2,778.5,246.188,401.25,820.5,0.926632,1,1,1.0
1542,1,544.547,71.1562,238.125,908.25,0.908491,1,1,1.0
1543,2,783.562,248.438,437.25,824.25,0.931445,1,1,1.0
1543,1,544.922,71.7188,237.562,908.25,0.908011,1,1,1.0
1544,2,793.312,249.938,465,820.5,0.938666,1,1,1.0
1544,1,546.094,71.8125,236.812,908.25,0.90513,1,1,1.0
1545,2,799.781,251.25,483.375,819.75,0.939147,1,1,1.0
1545,1,548.227,70.6875,234.75,909.75,0.907531,1,1,1.0
1546,2,807.375,253.125,494.25,818.25,0.940591,1,1,1.0
1546,1,548.695,69.375,235.5,912,0.908491,1,1,1.0
1547,2,815.438,254.062,502.875,816.75,0.939147,1,1,1.0
1547,1,549.117,69.1875,235.688,912,0.90657,1,1,1.0
1548,2,824.25,254.625,502.875,816,0.939147,1,1,1.0
1548,1,552.094,67.7812,233.812,913.5,0.90465,1,1,1.0
1549,2,831,254.812,506.25,816,0.941554,1,1,1.0
1549,1,553.453,66.8438,233.625,915,0.903209,1,1,1.0
1550,2,838.312,253.875,504,816.75,0.941554,1,1,1.0
1550,1,554.508,66.75,232.875,915,0.901769,1,1,1.0
1551,2,844.875,251.812,504.375,819.75,0.942517,1,1,1.0
1551,1,555.656,65.25,231.938,917.25,0.903209,1,1,1.0
1552,2,850.688,248.812,500.625,822,0.942035,1,1,1.0
1552,1,556.57,67.0312,230.438,915,0.899848,1,1,1.0
1553,2,858.188,242.625,494.25,829.5,0.942517,1,1,1.0
1553,1,557.062,66.9375,230.625,915,0.898407,1,1,1.0
1554,2,864.375,236.438,490.5,836.25,0.943961,1,1,1.0
1554,1,557.812,68.3438,229.875,915,0.890244,1,1,1.0
1555,2,871.5,229.5,485.25,843.75,0.944442,1,1,1.0
1555,1,559.031,69,228.188,913.5,0.891205,1,1,1.0
1556,2,879,222.938,485.625,849,0.942517,1,1,1.0
1556,1,559.406,69.5625,228.75,913.5,0.889284,1,1,1.0
1557,2,886.312,215.25,489.375,857.25,0.942517,1,1,1.0
1557,1,560.578,69,227.625,915,0.887844,1,1,1.0
1558,2,892.5,208.5,499.125,864.75,0.94348,1,1,1.0
1558,1,561.609,69.75,226.875,913.5,0.885923,1,1,1.0
1559,2,899.812,201.75,487.125,870.75,0.94348,1,1,1.0
1559,1,562.5,68.5312,225.562,915,0.886403,1,1,1.0
1560,2,906.375,196.5,484.125,874.5,0.944924,1,1,1.0
1560,1,562.781,69.4688,225.375,913.5,0.884482,1,1,1.0
1561,2,914.438,193.5,479.625,876.75,0.948293,1,1,1.0
1561,1,563.531,68.625,224.438,915,0.886403,1,1,1.0
1562,2,923.062,192,476.625,878.25,0.949737,1,1,1.0
1562,1,564.75,69.375,222.938,913.5,0.884963,1,1,1.0
1563,2,928.312,191.438,477,879.75,0.949256,1,1,1.0
1563,1,565.734,70.9688,221.625,912,0.880641,1,1,1.0
1564,2,935.25,190.969,474.75,879.75,0.947812,1,1,1.0
1564,1,566.438,71.3438,220.875,912,0.881121,1,1,1.0
1565,2,941.812,192.844,470.25,876.75,0.946368,1,1,1.0
1565,1,566.531,72.6562,220.875,909.75,0.87824,1,1,1.0
1566,2,947.812,193.5,466.5,876.75,0.945405,1,1,1.0
1566,1,566.156,73.5,219.562,908.25,0.869597,1,1,1.0
1567,2,954.938,195,460.5,876,0.943961,1,1,1.0
1567,1,564.609,73.5938,220.875,908.25,0.870077,1,1,1.0
1568,2,961.875,196.406,453,874.5,0.94348,1,1,1.0
1568,1,563.484,74.3438,221.062,906.75,0.868156,1,1,1.0
1569,2,967.125,194.906,446.625,876,0.942517,1,1,1.0
1569,1,561.938,73.7812,221.438,906.75,0.870557,1,1,1.0
1570,2,972.469,191.906,443.25,880.5,0.941554,1,1,1.0
1570,1,559.031,75.0938,220.5,906.75,0.865275,1,1,1.0
1571,2,976.969,185.25,437.25,888,0.940591,1,1,1.0
1571,1,557.719,75.1875,221.062,906.75,0.867196,1,1,1.0
1572,2,981.188,178.406,428.25,896.25,0.940591,1,1,1.0
1572,1,556.219,73.5,221.062,909.75,0.869117,1,1,1.0
1573,2,984.281,171.281,417.375,903,0.941073,1,1,1.0
1573,1,555.375,73.6875,221.625,908.25,0.872958,1,1,1.0
1574,2,990.656,163.688,405,909.75,0.943064,1,1,1.0
1574,1,554.625,73.4062,220.5,908.25,0.874879,1,1,1.0
1575,2,995.672,156.562,394.875,915,0.944024,1,1,1.0
1575,1,554.625,72.75,219.562,908.25,0.87776,1,1,1.0
1576,2,1000.97,149.906,385.5,921,0.943544,1,1,1.0
1576,1,554.531,72.4688,219.375,909.75,0.8768,1,1,1.0
1577,2,1005.7,144.562,374.812,926.25,0.943544,1,1,1.0
1577,1,554.25,72.9375,219.375,908.25,0.8768,1,1,1.0
1578,2,1009.08,139.031,365.625,931.5,0.942584,1,1,1.0
1578,1,554.344,73.2188,218.812,908.25,0.87824,1,1,1.0
1579,2,1010.95,136.125,357.75,934.5,0.942584,1,1,1.0
1579,1,554.719,72.375,218.25,909.75,0.876319,1,1,1.0
1580,2,1012.08,133.125,350.062,936.75,0.943064,1,1,1.0
1580,1,555.562,71.7188,216.938,909.75,0.875839,1,1,1.0
1581,2,1013.44,132.938,334.688,936.75,0.942103,1,1,1.0
1581,1,556.688,70.9688,219.562,909.75,0.87728,1,1,1.0
1582,2,1011.09,133.219,330.938,936.75,0.942103,1,1,1.0
1582,1,557.18,70.4062,219.375,909.75,0.883522,1,1,1.0
1583,2,1008.89,135.094,325.312,934.5,0.936821,1,1,1.0
1583,1,557.555,70.6875,219.375,909.75,0.884482,1,1,1.0
1584,2,1004.72,134.719,318.375,934.5,0.93202,1,1,1.0
1584,1,558.281,69.5625,219,912,0.884002,1,1,1.0
1585,2,998.719,134.344,320.062,934.5,0.9325,1,1,1.0
1585,1,558.141,69.4688,219.375,912,0.888324,1,1,1.0
1586,2,994.5,135,314.812,934.5,0.93202,1,1,1.0
1586,1,557.367,70.5,220.875,909.75,0.893606,1,1,1.0
1587,2,988.781,133.219,303.562,938.25,0.934901,1,1,1.0
1587,1,557.25,69.75,222.375,912,0.889284,1,1,1.0
1588,2,981.094,131.156,301.875,939.75,0.936341,1,1,1.0
1588,1,556.711,70.125,222.375,912,0.887844,1,1,1.0
1589,2,973.594,126.562,301.125,944.25,0.937782,1,1,1.0
1589,1,556.242,70.7812,224.438,912,0.884482,1,1,1.0
1590,2,965.906,119.719,301.125,938.25,0.938742,1,1,1.0
1590,1,554.062,71.5312,223.688,913.5,0.880161,1,1,1.0
1591,2,958.688,111.844,300.562,918.75,0.937782,1,1,1.0
1591,1,553.5,72.6562,225,912,0.8792,1,1,1.0
1592,2,953.203,104.531,290.812,891.75,0.934421,1,1,1.0
1592,1,550.781,73.4062,230.062,909.75,0.887844,1,1,1.0
1593,2,948.516,99.1875,287.812,851.25,0.938742,1,1,1.0
1593,1,547.875,74.3438,234.938,908.25,0.894086,1,1,1.0
1594,2,943.781,93.5625,285,833.25,0.941623,1,1,1.0
1594,1,543.938,73.875,242.25,909.75,0.897927,1,1,1.0
1595,2,940.5,86.8125,282.938,831.75,0.938742,1,1,1.0
1595,1,538.969,74.25,250.125,908.25,0.90513,1,1,1.0
1596,2,937.453,83.4375,285,839.25,0.938262,1,1,1.0
1596,1,533.906,75.1875,258.188,906.75,0.908971,1,1,1.0
1597,2,935.156,81.1875,288,844.5,0.937782,1,1,1.0
1597,1,529.125,76.0312,265.125,908.25,0.908011,1,1,1.0
1598,2,931.594,80.625,294,844.5,0.937782,1,1,1.0
1598,1,525.938,75.375,270.938,906.75,0.913293,1,1,1.0
1599,2,929.672,80.4375,301.5,847.5,0.938742,1,1,1.0
1599,1,522.938,75.6562,275.25,906.75,0.914733,1,1,1.0
1600,2,927.281,81.8438,307.5,847.5,0.938742,1,1,1.0
1600,1,520.406,76.9688,278.625,906.75,0.911372,1,1,1.0
1601,2,925.922,83.9062,312,843,0.940183,1,1,1.0
1601,1,518.156,77.3438,282,908.25,0.910892,1,1,1.0
1602,2,923.625,84.6562,317.25,840.75,0.941143,1,1,1.0
1602,1,516,77.5312,286.312,908.25,0.909451,1,1,1.0
1603,2,920.812,84.5625,321.938,835.5,0.940183,1,1,1.0
1603,1,514.125,77.9062,289.312,908.25,0.913293,1,1,1.0
1604,2,917.766,82.9688,324.375,828,0.938262,1,1,1.0
1604,1,512.344,78.5625,291.375,906.75,0.915694,1,1,1.0
1605,2,915.516,78.8906,323.438,816,0.937782,1,1,1.0
1605,1,511.312,78.1875,293.062,908.25,0.912813,1,1,1.0
1606,2,912.656,74.1562,319.5,804,0.937302,1,1,1.0
1606,1,509.906,78.9375,294,906.75,0.917614,1,1,1.0
1607,2,911.391,68.4375,309.938,795.75,0.93394,1,1,1.0
1607,1,508.594,78.9375,295.875,906.75,0.918575,1,1,1.0
1608,2,907.875,60.4219,301.875,795.75,0.913773,1,1,1.0
1608,1,507.844,78.6562,296.625,906.75,0.920976,1,1,1.0
1609,2,904.031,54.0938,295.125,760.125,0.914253,1,1,1.0
1609,1,506.531,78.5625,297.562,906.75,0.922416,1,1,1.0
1610,2,903.164,48.0938,287.25,746.625,0.93298,1,1,1.0
1610,1,505.594,78,297.938,908.25,0.922896,1,1,1.0
1611,2,901.453,41.625,276.938,724.875,0.938262,1,1,1.0
1611,1,504.844,77.9062,297.938,908.25,0.923857,1,1,1.0
1612,2,897.773,36.0938,267.375,722.625,0.934901,1,1,1.0
1612,1,504.75,78.8438,297.375,906.75,0.922896,1,1,1.0
1613,2,891.562,34.0781,260.438,720.75,0.934901,1,1,1.0
1613,1,504.656,78.4688,296.625,906.75,0.926258,1,1,1.0
1614,2,886.781,33.7969,258.562,722.625,0.935381,1,1,1.0
1614,1,504.281,78.6562,296.625,906.75,0.926738,1,1,1.0
1615,2,881.438,34.4531,253.875,722.625,0.935381,1,1,1.0
1615,1,504.844,79.0312,294.938,904.5,0.928178,1,1,1.0
1616,2,876.141,35.625,250.688,720.75,0.937302,1,1,1.0
1616,1,505.688,79.5,293.062,904.5,0.926738,1,1,1.0
1617,2,870.984,38.5312,251.25,715.875,0.936821,1,1,1.0
1617,1,506.719,79.7812,291,904.5,0.925777,1,1,1.0
1618,2,867.281,40.0312,246.562,714.75,0.93346,1,1,1.0
1618,1,507.656,78.9375,288.75,906.75,0.923857,1,1,1.0
1619,2,862.125,39.9375,241.875,711.75,0.930579,1,1,1.0
1619,1,509.531,78.6562,286.125,906.75,0.921456,1,1,1.0
1620,2,857.016,42.2812,240.938,705.75,0.929619,1,1,1.0
1620,1,511.312,79.125,284.062,906.75,0.919055,1,1,1.0
1621,2,852.328,41.1562,240,693,0.930579,1,1,1.0
1621,1,513.562,78.5625,280.875,906.75,0.919055,1,1,1.0
1622,2,847.125,38.25,240.375,682.875,0.934901,1,1,1.0
1622,1,515.156,77.8125,278.625,906.75,0.920015,1,1,1.0
1623,2,843.375,34.5,239.25,680.625,0.936821,1,1,1.0
1623,1,517.219,77.3438,276.188,906.75,0.919535,1,1,1.0
1624,2,842.133,28.6875,234.75,671.625,0.93202,1,1,1.0
1624,1,520.031,77.0625,273,908.25,0.913773,1,1,1.0
1625,2,841.031,22.125,228,657,0.883042,1,1,1.0
1625,1,523.781,76.5938,267.562,909.75,0.909932,1,1,1.0
1626,2,839.672,18,222.188,641.625,0.909,1,1,1.0
1626,1,527.156,76.875,263.062,908.25,0.910892,1,1,1.0
1627,2,839.625,15.2812,217.125,633.75,0.923398,1,1,1.0
1627,1,529.875,77.1562,259.125,908.25,0.907051,1,1,1.0
1628,2,839.344,12.5156,216.75,632.25,0.925798,1,1,1.0
1628,1,532.125,76.5,255.375,909.75,0.90657,1,1,1.0
1629,2,838.969,10.8281,216.375,636,0.923878,1,1,1.0
1629,1,533.438,76.875,253.5,909.75,0.903689,1,1,1.0
1630,2,839.625,9.84375,215.625,636,0.922918,1,1,1.0
1630,1,535.5,76.5,249.562,909.75,0.90417,1,1,1.0
1631,2,840.352,8.0625,216.375,639.375,0.924337,1,1,1.0
1631,1,538.031,76.5938,247.5,908.25,0.902249,1,1,1.0
1632,2,840.047,10.5469,216.188,633.75,0.926758,1,1,1.0
1632,1,540.375,77.1562,244.312,908.25,0.894086,1,1,1.0
1633,2,840.797,11.3906,215.25,633.75,0.928197,1,1,1.0
1633,1,541.594,76.5,243,906.75,0.902249,1,1,1.0
1634,2,840.797,12.9375,215.25,631.875,0.930117,1,1,1.0
1634,1,541.969,76.875,242.812,906.75,0.900808,1,1,1.0
1635,2,840.422,14.2031,214.875,626.625,0.932517,1,1,1.0
1635,1,543.375,77.3438,241.125,906.75,0.893606,1,1,1.0
1636,2,840.609,14.2031,213.375,623.625,0.932037,1,1,1.0
1636,1,544.219,76.9688,240.375,906.75,0.893126,1,1,1.0
1637,2,841.453,14.2266,211.5,618,0.934916,1,1,1.0
1637,1,545.438,77.0625,238.688,908.25,0.881601,1,1,1.0
1638,2,842.883,10.125,210.188,616.5,0.93346,1,1,1.0
1638,1,546.469,77.5312,237.938,906.75,0.886403,1,1,1.0
1639,2,844.477,7.21875,207.375,612.75,0.9325,1,1,1.0
1639,1,546.844,77.9062,237.562,906.75,0.883522,1,1,1.0
1640,2,845.156,4.78125,205.5,607.5,0.93202,1,1,1.0
1640,1,547.312,78.4688,237.562,904.5,0.885443,1,1,1.0
1641,2,845.578,0.5625,205.125,592.5,0.929619,1,1,1.0
1641,1,547.594,78.375,237.188,904.5,0.886403,1,1,1.0
1642,2,847.031,-0.703125,202.5,569.25,0.9325,1,1,1.0
1642,1,547.688,78.8438,236.812,903,0.888324,1,1,1.0
1643,2,846.844,-2.90625,203.062,559.5,0.934421,1,1,1.0
1643,1,547.969,78.2812,236.625,904.5,0.886403,1,1,1.0
1644,2,847.031,-1.40625,204.375,550.125,0.935861,1,1,1.0
1644,1,548.156,77.8125,236.625,904.5,0.887844,1,1,1.0
1645,2,847.5,-0.984375,205.5,549,0.934901,1,1,1.0
1645,1,548.719,78,235.688,904.5,0.886883,1,1,1.0
1646,2,847.875,-1.03125,206.438,549,0.934421,1,1,1.0
1646,1,549.609,78.0938,237.188,903,0.889284,1,1,1.0
1647,2,848.25,-1.92188,208.5,549,0.93298,1,1,1.0
1647,1,549.633,78.2812,237.562,903,0.887844,1,1,1.0
1648,2,848.438,-1.82812,210,552,0.93346,1,1,1.0
1648,1,548.906,76.7812,235.5,906.75,0.883522,1,1,1.0
1649,2,849.75,-1.40625,210.188,549,0.934421,1,1,1.0
1649,1,548.344,77.3438,235.688,906.75,0.881601,1,1,1.0
1650,2,851.062,-1.35938,211.688,550.125,0.936821,1,1,1.0
1650,1,548.531,77.3438,235.5,906.75,0.882562,1,1,1.0
1651,2,852.469,-1.3125,213.562,549,0.937302,1,1,1.0
1651,1,548.531,77.9062,235.688,906.75,0.874399,1,1,1.0
1652,2,855.094,-0.890625,214.312,549,0.939222,1,1,1.0
1652,1,548.719,77.9062,235.5,906.75,0.874879,1,1,1.0
1653,2,856.969,-0.5625,217.125,547.5,0.940183,1,1,1.0
1653,1,548.531,77.7188,235.5,906.75,0.8768,1,1,1.0
1654,2,859.969,0.140625,219.562,547.5,0.939703,1,1,1.0
1654,1,548.062,77.1562,236.25,906.75,0.882082,1,1,1.0
1655,2,866.602,-2.29688,217.875,545.25,0.939716,1,1,1.0
1655,1,547.5,77.25,236.812,906.75,0.883522,1,1,1.0
1656,2,870.797,-0.445312,217.125,537.75,0.941156,1,1,1.0
1656,1,546.844,77.3438,237.562,906.75,0.882562,1,1,1.0
1657,2,879.469,0.1875,210.188,533.625,0.932997,1,1,1.0
1657,1,545.719,76.7812,239.062,908.25,0.884002,1,1,1.0
1658,2,889.969,-1.5,202.125,534,0.935861,1,1,1.0
1658,1,544.969,76.9688,239.812,908.25,0.881121,1,1,1.0
1659,2,897.844,-0.28125,194.062,521.25,0.93394,1,1,1.0
1659,1,544.219,76.5,240.562,908.25,0.884963,1,1,1.0
1660,2,905.859,0.5625,185.812,508.875,0.9325,1,1,1.0
1660,1,544.031,76.5938,240.562,908.25,0.885443,1,1,1.0
1661,2,916.969,-0.46875,173.906,501.375,0.925297,1,1,1.0
1661,1,543.469,77.4375,241.125,908.25,0.882562,1,1,1.0
1662,2,928.781,-0.46875,161.812,494.25,0.919535,1,1,1.0
1662,1,542.906,77.25,241.5,908.25,0.885443,1,1,1.0
1663,2,936.703,-0.960938,154.406,493.125,0.925297,1,1,1.0
1663,1,542.062,77.7188,242.812,908.25,0.881601,1,1,1.0
1664,2,943.172,0.632812,148.594,488.25,0.922896,1,1,1.0
1664,1,541.688,77.9062,243.375,908.25,0.884963,1,1,1.0
1665,2,948.141,0.984375,151.219,484.875,0.923857,1,1,1.0
1665,1,541.125,78.75,243.375,906.75,0.886883,1,1,1.0
1666,2,951.328,0.234375,159.281,486,0.920015,1,1,1.0
1666,1,540.188,79.125,244.125,906.75,0.888804,1,1,1.0
1667,2,956.203,3.1875,154.5,486.75,0.918599,1,1,1.0
1667,1,539.531,81.0938,244.688,904.5,0.885443,1,1,1.0
1668,2,958.172,1.96875,163.312,489.375,0.915239,1,1,1.0
1668,1,538.781,82.3125,244.875,903,0.884482,1,1,1.0
1669,2,959.531,0.75,168.375,491.25,0.902761,1,1,1.0
1669,1,538.125,82.6875,245.438,903,0.886403,1,1,1.0
1670,2,960.281,0.328125,170.156,491.25,0.893642,1,1,1.0
1670,1,537.75,84.5625,246.562,902.25,0.881121,1,1,1.0
1671,2,960.141,-0.9375,173.062,489.375,0.892682,1,1,1.0
1671,1,537.938,86.4375,245.812,900,0.880161,1,1,1.0
1672,2,960.938,-1.3125,165.938,483.75,0.891685,1,1,1.0
1672,1,538.688,87.2812,245.25,899.25,0.875359,1,1,1.0
1673,2,963.562,-1.96875,165.375,480.75,0.887844,1,1,1.0
1673,1,539.344,88.7812,244.688,896.25,0.874879,1,1,1.0
1674,2,968.438,1.03125,160.5,474.75,0.858553,1,1,1.0
1674,1,540.094,88.5938,244.125,897,0.872478,1,1,1.0
1675,2,976.406,7.07812,156.75,461.25,0.824531,1,1,1.0
1675,1,540.75,90.0938,244.125,894.75,0.863835,1,1,1.0
1676,2,982.383,6.79688,158.25,453.75,0.83269,1,1,1.0
1676,1,540.938,90.2812,244.688,894,0.860474,1,1,1.0
1677,2,997.43,3.5625,150,450.375,0.849008,1,1,1.0
1677,1,541.781,91.0312,242.438,894,0.866716,1,1,1.0
1678,2,1009.64,6.23438,140.344,438.375,0.813416,1,1,1.0
1678,1,542.062,88.6875,243.375,896.25,0.863355,1,1,1.0
1679,2,1025.77,6.60938,122.344,431.625,0.738622,1,1,1.0
1679,1,542.719,87.375,244.875,897.75,0.848949,1,1,1.0
1680,2,1038.75,6.51562,107.812,430.5,0.568245,1,1,1.0
1680,1,544.031,86.7188,246.938,897.75,0.818698,1,1,1.0
1681,1,544.969,86.1562,249,897,0.797571,1,1,1.0
1682,1,547.5,86.1562,254.438,896.25,0.829262,1,1,1.0
1683,1,548.203,84.75,258.938,897.75,0.859033,1,1,1.0
1684,1,552.469,85.0547,261.188,898.5,0.891685,1,1,1.0
1685,1,554.297,83.6953,260.25,899.25,0.90417,1,1,1.0
1686,1,555.797,83.1797,261.562,899.25,0.914733,1,1,1.0
1687,1,556.125,82.5703,267.375,900,0.923857,1,1,1.0
1688,1,557.062,80.8828,271.688,901.5,0.930099,1,1,1.0
1689,1,556.172,79.125,280.312,903,0.9325,1,1,1.0
1690,1,558.703,78.2812,282.938,902.25,0.934421,1,1,1.0
1691,1,561.047,77.4375,285.75,902.25,0.935381,1,1,1.0
1692,1,566.578,75.6562,285,904.5,0.935861,1,1,1.0
1693,1,569.953,73.5,285.75,904.5,0.936821,1,1,1.0
1694,1,573.234,71.625,286.125,908.25,0.935861,1,1,1.0
1695,1,575.906,70.125,288.375,906.75,0.935381,1,1,1.0
1696,1,580.781,70.5938,288.75,902.25,0.937302,1,1,1.0
1697,1,582.188,72.4688,291,893.25,0.939703,1,1,1.0
1698,1,582.75,74.1562,292.875,885,0.940183,1,1,1.0
1699,1,586.125,76.3125,293.812,874.5,0.941143,1,1,1.0
1700,1,589.312,76.6875,294.562,864,0.941623,1,1,1.0
1701,1,593.344,78.1875,296.25,858.75,0.942103,1,1,1.0
1702,1,595.312,78.0938,300.562,848.25,0.941623,1,1,1.0
1703,1,596.25,75.9375,306.938,843.75,0.941143,1,1,1.0
1704,1,597.469,73.9688,321.188,841.5,0.940183,1,1,1.0
1705,1,599.344,71.3438,339.75,841.5,0.940183,1,1,1.0
1706,1,601.969,70.2188,349.875,839.25,0.942584,1,1,1.0
1707,1,605.531,71.0156,359.438,840.75,0.944984,1,1,1.0
1708,1,609.328,70.3125,363,841.5,0.947385,1,1,1.0
1709,1,613.312,70.0312,362.625,840,0.946905,1,1,1.0
1710,1,618.234,69.375,357.75,839.25,0.946425,1,1,1.0
1711,1,622.078,69.6562,351.375,839.25,0.946425,1,1,1.0
1712,1,626.016,69.5156,337.875,840,0.946425,1,1,1.0
1713,1,629.203,70.3594,314.438,838.5,0.941143,1,1,1.0
1714,1,631.734,70.7344,305.625,839.25,0.939703,1,1,1.0
1715,1,636.375,71.7188,306.375,839.25,0.942103,1,1,1.0
1716,1,640.219,71.7656,309.375,840,0.944984,1,1,1.0
1717,1,647.297,71.1562,307.688,840.75,0.945465,1,1,1.0
1718,1,654.984,69.9844,307.5,840,0.944504,1,1,1.0
1719,1,660.844,68.1094,310.5,838.5,0.944504,1,1,1.0
1720,1,666,66.375,312.938,840,0.944984,1,1,1.0
1721,1,670.594,64.2656,316.688,842.25,0.947385,1,1,1.0
1722,1,674.531,61.9219,319.5,843.75,0.948826,1,1,1.0
1723,1,677.812,59.5781,318.75,848.25,0.947865,1,1,1.0
1724,1,683.531,57.2344,315.188,851.25,0.945465,1,1,1.0
1725,1,689.531,57.2344,309,837,0.945465,1,1,1.0
1726,1,694.781,56.8594,300.375,833.25,0.945465,1,1,1.0
1727,1,701.062,56.3906,291,829.5,0.944504,1,1,1.0
1728,1,703.688,55.2188,283.125,828.75,0.945945,1,1,1.0
1729,1,700.688,55.0312,277.875,825.75,0.946905,1,1,1.0
1730,1,692.906,54.0938,277.688,827.25,0.946425,1,1,1.0
1731,1,688.219,54.1875,272.25,828.75,0.945945,1,1,1.0
1732,1,685.969,53.7656,264.75,836.25,0.944504,1,1,1.0
1733,1,685.125,52.5469,256.312,839.25,0.946425,1,1,1.0
1734,1,684.469,53.0156,244.688,844.5,0.941143,1,1,1.0
1735,1,681.891,53.1562,243.562,848.25,0.93298,1,1,1.0
1736,1,679.781,53.4844,244.875,853.5,0.928658,1,1,1.0
1737,1,678.562,53.1094,245.25,855.75,0.927218,1,1,1.0
1738,1,677.859,54.2812,246.938,855,0.927218,1,1,1.0
1739,1,677.484,55.5938,248.438,854.25,0.926258,1,1,1.0
1740,1,676.875,57.4688,249.938,855,0.926258,1,1,1.0
1741,1,674.578,60.0469,252.375,853.5,0.923857,1,1,1.0
1742,1,673.922,64.5469,254.625,849.75,0.925297,1,1,1.0
1743,1,672,69.8438,255.75,844.5,0.924817,1,1,1.0
1744,1,669.703,75.1875,257.438,840,0.923377,1,1,1.0
1745,1,666.891,80.3438,260.438,834.75,0.921936,1,1,1.0
1746,1,664.734,86.4375,258.938,828,0.920496,1,1,1.0
1747,1,661.125,90.9375,253.5,825.75,0.918095,1,1,1.0
1748,1,658.125,93.9375,241.875,823.5,0.920976,1,1,1.0
1749,1,655.5,96.2812,234.75,821.25,0.922416,1,1,1.0
1750,1,650.719,98.5312,240.938,819,0.926258,1,1,1.0
1751,1,647.344,101.25,245.812,816.75,0.929619,1,1,1.0
1752,1,644.906,103.688,249.938,814.5,0.930579,1,1,1.0
1753,1,642.75,108.562,255.188,809.25,0.929139,1,1,1.0
1754,1,640.781,112.312,259.875,804.75,0.930579,1,1,1.0
1755,1,638.344,115.594,263.812,807.75,0.928178,1,1,1.0
1756,1,630.938,118.219,271.875,826.5,0.879681,1,1,1.0
1757,1,623.531,120.141,280.312,842.25,0.82302,1,1,1.0
1758,1,598.219,124.312,303.188,874.5,0.93394,1,1,1.0
1759,1,591.844,128.016,307.688,883.5,0.935861,1,1,1.0
1760,1,589.219,131.297,308.062,891.75,0.930099,1,1,1.0
1761,1,584.156,135.562,310.125,898.5,0.924337,1,1,1.0
1762,1,572.156,138,319.688,909.75,0.923857,1,1,1.0
1763,1,558.656,139.969,330,918.75,0.920496,1,1,1.0
1764,1,550.547,138.469,332.812,924,0.926738,1,1,1.0
1765,1,538.219,138,339,926.25,0.930099,1,1,1.0
1766,1,527.484,135.375,341.625,929.25,0.93346,1,1,1.0
1767,1,514.312,131.906,348.188,933,0.9325,1,1,1.0
1768,1,501.75,125.438,356.25,942,0.935861,1,1,1.0
1769,1,489.844,124.031,366,944.25,0.941143,1,1,1.0
1770,1,483.117,122.344,369.562,946.5,0.943544,1,1,1.0
1771,1,479.414,121.688,371.438,948,0.944984,1,1,1.0
1772,1,475.125,121.125,375.75,948,0.944984,1,1,1.0
1773,1,470.836,122.062,380.438,946.5,0.944504,1,1,1.0
1774,1,467.203,123.375,385.125,944.25,0.943064,1,1,1.0
1775,1,465.188,122.25,388.875,946.5,0.943064,1,1,1.0
1776,1,464.93,123.656,390,944.25,0.942584,1,1,1.0
1777,1,465.914,126.844,391.125,939.75,0.942584,1,1,1.0
1778,1,468.75,127.688,395.25,936.75,0.941623,1,1,1.0
1779,1,472.594,128.25,399,936.75,0.942103,1,1,1.0
1780,1,478.781,129.562,399.75,936.75,0.940183,1,1,1.0
1781,1,486.469,129,391.125,938.25,0.939222,1,1,1.0
1782,1,494.672,127.5,382.688,938.25,0.937302,1,1,1.0
1783,1,503.672,126.938,373.875,938.25,0.938742,1,1,1.0
1784,1,510.703,125.062,366,939.75,0.939222,1,1,1.0
1785,1,517.688,124.125,357.188,942,0.938262,1,1,1.0
1786,1,526.781,125.062,349.125,942,0.936821,1,1,1.0
1787,1,532.922,125.25,345,944.25,0.934901,1,1,1.0
1788,1,539.625,127.406,343.125,942,0.93346,1,1,1.0
1789,1,548.906,128.719,339.375,939.75,0.93202,1,1,1.0
1790,1,554.906,129.375,339.75,939.75,0.93202,1,1,1.0
1791,1,557.812,128.25,345.375,938.25,0.93202,1,1,1.0
1792,1,564.281,127.875,347.25,939.75,0.93154,1,1,1.0
1793,1,567.469,124.219,351.75,949.5,0.931059,1,1,1.0
1794,1,579.844,120.844,345.375,953.25,0.928178,1,1,1.0
1795,1,594.211,116.531,332.062,954.75,0.929619,1,1,1.0
1796,1,606.281,116.062,326.812,953.25,0.93346,1,1,1.0
1797,1,614.719,115.312,324.75,954.75,0.93394,1,1,1.0
1798,1,627.281,116.906,319.688,951.75,0.93298,1,1,1.0
1799,1,638.344,117.094,314.812,953.25,0.93298,1,1,1.0
1800,1,654.703,117.188,303.562,957,0.9325,1,1,1.0
1801,1,659.578,118.781,307.5,954.75,0.93298,1,1,1.0
1802,1,663.188,121.219,315.375,953.25,0.937782,1,1,1.0
1803,1,669.375,121.688,310.125,951.75,0.939703,1,1,1.0
1804,1,676.406,122.062,301.5,949.5,0.940183,1,1,1.0
1805,1,685.125,122.438,293.812,949.5,0.939703,1,1,1.0
1806,1,690.656,120.75,288.938,951.75,0.934901,1,1,1.0
1807,1,697.969,118.5,282.562,954.75,0.930579,1,1,1.0
1808,1,702.188,115.031,279,958.5,0.927218,1,1,1.0
1809,1,708.188,111.281,274.688,962.25,0.927698,1,1,1.0
1810,1,712.5,109.125,272.25,963.75,0.926738,1,1,1.0
1811,1,717.82,104.625,271.312,967.5,0.927698,1,1,1.0
1812,1,720.773,103.031,271.312,969,0.928178,1,1,1.0
1813,1,722.508,103.359,273.562,967.5,0.929619,1,1,1.0
1814,1,723.938,102.891,275.062,969,0.928178,1,1,1.0
1815,1,724.008,102.703,277.312,969,0.929139,1,1,1.0
1816,1,724.781,101.438,282.188,971.25,0.928178,1,1,1.0
1817,1,724.5,101.344,286.312,971.25,0.931059,1,1,1.0
1818,1,724.688,99.7031,292.875,972.75,0.93202,1,1,1.0
1819,1,724.594,99.9375,299.438,971.25,0.93298,1,1,1.0
1820,1,724.5,99.75,303.938,971.25,0.93394,1,1,1.0
1821,1,723.375,99.9844,309,971.25,0.935381,1,1,1.0
1822,1,721.969,99.6094,314.062,971.25,0.935861,1,1,1.0
1823,1,720.188,98.9531,318,971.25,0.937302,1,1,1.0
1824,1,717.844,97.0781,321.938,972.75,0.938262,1,1,1.0
1825,1,713.344,94.9219,327.75,975,0.939703,1,1,1.0
1826,1,708.375,93.3281,333.375,977.25,0.942584,1,1,1.0
1827,1,703.594,91.0781,338.625,978.75,0.943544,1,1,1.0
1828,1,698.438,90.0469,343.875,980.25,0.944024,1,1,1.0
1829,1,693.188,88.4062,349.125,982.5,0.944504,1,1,1.0
1830,1,687.281,87.9375,353.625,982.5,0.944504,1,1,1.0
1831,1,683.156,87.0938,354.938,984,0.943064,1,1,1.0
1832,1,680.25,85.125,353.062,986.25,0.942103,1,1,1.0
1833,1,676.031,84.4688,350.812,986.25,0.942103,1,1,1.0
1834,1,670.594,84.3281,349.125,986.25,0.944024,1,1,1.0
1835,1,663.281,82.7344,346.875,987.75,0.945465,1,1,1.0
1836,1,657.75,82.125,343.875,989.25,0.944504,1,1,1.0
1837,1,650.719,82.0312,342.75,989.25,0.943544,1,1,1.0
1838,1,642,81.0469,344.062,991.5,0.943544,1,1,1.0
1839,1,633.141,79.5469,346.312,993,0.945465,1,1,1.0
1840,1,624.703,76.9219,352.312,997.5,0.947385,1,1,1.0
1841,1,615.141,75.7969,362.25,999,0.948346,1,1,1.0
1842,1,608.109,74.625,371.812,999,0.948346,1,1,1.0
1843,1,601.406,74.25,373.875,997.5,0.948346,1,1,1.0
1844,1,595.312,73.875,379.125,995.25,0.946905,1,1,1.0
1845,1,588.047,73.875,383.438,989.25,0.945465,1,1,1.0
1846,1,584.062,74.0156,384,978.75,0.944984,1,1,1.0
1847,1,581.719,72.1875,385.125,975,0.942584,1,1,1.0
1848,1,579.516,71.3906,385.5,962.25,0.931059,1,1,1.0
1849,1,576.375,68.4375,387.375,951.75,0.875839,1,1,1.0
1850,1,572.156,66.7969,382.688,949.5,0.874399,1,1,1.0
1851,1,569.156,66.0938,378.375,948,0.921456,1,1,1.0
1852,1,567.656,66.0938,374.438,948,0.93394,1,1,1.0
1853,1,565.5,66.8906,370.875,948,0.941143,1,1,1.0
1854,1,564.844,68.9062,368.25,946.5,0.944024,1,1,1.0
1855,1,564.75,70.5938,366,944.25,0.944504,1,1,1.0
1856,1,565.031,71.3438,364.688,944.25,0.944504,1,1,1.0
1857,1,565.969,73.5,361.125,942,0.945465,1,1,1.0
1858,1,566.906,75.9375,359.25,939.75,0.945945,1,1,1.0
1859,1,568.125,77.4375,357.75,938.25,0.945465,1,1,1.0
1860,1,570.188,79.6875,355.312,934.5,0.944984,1,1,1.0
1861,1,572.625,81.6562,352.688,933,0.943544,1,1,1.0
1862,1,576.469,83.5312,349.5,929.25,0.942103,1,1,1.0
1863,1,580.5,83.9531,345.75,929.25,0.940183,1,1,1.0
1864,1,584.625,84.7969,342,927.75,0.938262,1,1,1.0
1865,1,589.031,84.2344,338.438,927.75,0.93298,1,1,1.0
1866,1,593.062,83.5312,335.25,929.25,0.925297,1,1,1.0
1867,1,600.094,80.6719,329.625,933,0.903689,1,1,1.0
1868,1,603.75,77.2969,327.75,934.5,0.854231,1,1,1.0
1869,1,609.281,71.5312,324,942,0.841747,1,1,1.0
1870,1,611.719,66.6562,325.312,948,0.869597,1,1,1.0
1871,1,614.812,65.4375,324.375,949.5,0.896967,1,1,1.0
1872,1,616.453,64.8047,325.5,949.5,0.913773,1,1,1.0
1873,1,618.656,64.0781,325.875,951.75,0.926258,1,1,1.0
1874,1,621.938,66.4688,324.75,949.5,0.935381,1,1,1.0
1875,1,625.5,66.9375,323.438,949.5,0.939703,1,1,1.0
1876,1,629.25,67.9219,321.562,948,0.941623,1,1,1.0
1877,1,632.391,68.4844,319.688,942,0.940663,1,1,1.0
1878,1,633.656,69.6562,321,926.25,0.941143,1,1,1.0
1879,1,635.438,72,320.625,894,0.946425,1,1,1.0
1880,1,637.688,72,319.5,886.5,0.946905,1,1,1.0
1881,1,638.672,71.25,319.5,861,0.946425,1,1,1.0
1882,1,638.578,71.5312,319.688,852.75,0.946425,1,1,1.0
1883,1,638.859,71.25,319.5,844.5,0.945945,1,1,1.0
1884,1,638.906,70.5469,319.125,841.5,0.945465,1,1,1.0
1885,1,638.203,70.5469,318.75,840.75,0.944504,1,1,1.0
1886,1,636.094,70.7812,318.75,834,0.944504,1,1,1.0
1887,1,633.516,69.8438,319.125,833.25,0.944024,1,1,1.0
1888,1,630.562,69.3281,319.688,834.75,0.944024,1,1,1.0
1889,1,628.125,69.0938,319.5,835.5,0.943064,1,1,1.0
1890,1,624.609,68.4844,320.062,836.25,0.941623,1,1,1.0
1891,1,619.969,68.2031,320.625,835.5,0.938742,1,1,1.0
1892,1,616.125,66.6562,316.875,838.5,0.937302,1,1,1.0
1893,1,610.312,65.4375,318,839.25,0.938262,1,1,1.0
1894,1,603.656,63.9844,319.688,841.5,0.938742,1,1,1.0
1895,1,599.297,61.4531,316.875,843.75,0.939222,1,1,1.0
1896,1,595.125,59.8594,308.812,844.5,0.940663,1,1,1.0
1897,1,591.656,58.4062,304.5,843.75,0.942103,1,1,1.0
1898,1,587.062,55.4062,298.5,848.25,0.942584,1,1,1.0
1899,1,582.75,52.5469,295.5,851.25,0.942103,1,1,1.0
1900,1,577.406,51.75,296.625,836.25,0.941623,1,1,1.0
1901,1,572.344,51.4688,298.5,819.75,0.940183,1,1,1.0
1902,1,567.797,49.8281,302.438,813.75,0.938262,1,1,1.0
1903,1,565.125,47.25,303.188,815.25,0.937782,1,1,1.0
1904,1,564,45.4219,303.938,816.75,0.938262,1,1,1.0
1905,1,564.703,42.8906,301.875,819.75,0.939222,1,1,1.0
1906,1,566.062,40.5938,301.125,819.75,0.938742,1,1,1.0
1907,1,568.219,38.1562,298.5,822.75,0.937302,1,1,1.0
1908,1,571.688,35.8125,297.938,826.5,0.938742,1,1,1.0
1909,1,575.062,34.8281,297,826.5,0.938262,1,1,1.0
1910,1,579.844,34.6406,294.938,825.75,0.938262,1,1,1.0
1911,1,586.406,36.375,289.688,822.75,0.938742,1,1,1.0
1912,1,593.344,34.5469,283.125,825.75,0.936341,1,1,1.0
1913,1,599.062,32.1562,281.625,824.25,0.931059,1,1,1.0
1914,1,605.25,33.6562,277.312,821.25,0.930099,1,1,1.0
1915,1,611.625,31.9688,274.125,826.5,0.923857,1,1,1.0
1916,1,618.562,29.9062,272.25,829.5,0.90609,1,1,1.0
1917,1,624.281,23.625,273.938,834,0.848469,1,1,1.0
1918,1,632.812,20.5312,271.312,816,0.914733,1,1,1.0
1919,1,640.312,16.4062,269.625,800.25,0.93202,1,1,1.0
1920,1,646.969,13.7812,272.25,777,0.935381,1,1,1.0
1921,1,652.078,9.60938,274.125,759.375,0.935861,1,1,1.0
1922,1,655.172,8.57812,276,744,0.939703,1,1,1.0
1923,1,658.734,6.23438,273.562,732.75,0.942103,1,1,1.0
1924,1,660.703,3.98438,273,735.375,0.942584,1,1,1.0
1925,1,663.141,2.34375,272.625,736.875,0.941623,1,1,1.0
1926,1,665.578,3.32812,271.875,735.75,0.941623,1,1,1.0
1927,1,667.547,2.90625,270.938,735.375,0.941143,1,1,1.0
1928,1,670.5,3.04688,268.312,735.375,0.941623,1,1,1.0
1929,1,672.75,3.51562,265.312,735.75,0.941143,1,1,1.0
1930,1,674.953,4.07812,261.938,735.75,0.940663,1,1,1.0
1931,1,676.547,4.64062,258,734.625,0.940183,1,1,1.0
1932,1,679.312,5.34375,254.062,733.5,0.939222,1,1,1.0
1933,1,679.219,5.10938,253.5,732.75,0.939222,1,1,1.0
1934,1,679.781,4.3125,251.625,734.625,0.939222,1,1,1.0
1935,1,680.438,2.4375,249,732.75,0.937782,1,1,1.0
1936,1,680.391,1.92188,246.562,723.375,0.934901,1,1,1.0
1937,1,680.391,0.375,244.688,702.375,0.937782,1,1,1.0
1938,1,680.766,1.85156,242.812,685.125,0.939222,1,1,1.0
1939,1,683.438,3.21094,239.062,667.5,0.937302,1,1,1.0
1940,1,684.281,2.39062,234.562,643.875,0.936836,1,1,1.0
1941,1,686.109,1.52344,231.188,632.25,0.937796,1,1,1.0
1942,1,689.719,0,230.438,629.625,0.934421,1,1,1.0
1943,1,694.453,0.28125,225.375,625.5,0.93298,1,1,1.0
1944,1,700.266,0.5625,219,625.5,0.93202,1,1,1.0
1945,1,707.672,-0.75,208.5,630,0.930579,1,1,1.0
1946,1,714.188,-2.4375,199.312,633,0.927698,1,1,1.0
1947,1,721.875,-2.625,195.188,633,0.921936,1,1,1.0
1948,1,729.188,-2.25,194.812,631.875,0.924817,1,1,1.0
1949,1,736.594,-3.65625,188.25,632.25,0.923857,1,1,1.0
1950,1,747.609,-0.046875,178.875,624,0.924358,1,1,1.0
1951,1,754.172,-3.375,175.031,631.875,0.925297,1,1,1.0
1952,1,761.719,-1.21875,171.562,614.25,0.923377,1,1,1.0
1953,1,768.891,-2.25,169.969,608.625,0.920976,1,1,1.0
1954,1,774.703,-3.1875,170.344,591.375,0.918095,1,1,1.0
1955,1,779.109,-1.35938,175.031,570.375,0.922896,1,1,1.0
1956,1,784.945,-0.140625,178.031,556.875,0.932997,1,1,1.0
1957,1,789.164,2.90625,183.938,545.25,0.936356,1,1,1.0
1958,1,786.773,5.64844,195.188,537.375,0.934437,1,1,1.0
1959,1,784.078,4.875,207.188,538.5,0.930117,1,1,1.0
1960,1,784.734,4.82812,212.25,538.5,0.928677,1,1,1.0
1961,1,787.312,0.09375,216.938,548.625,0.929619,1,1,1.0
1962,1,790.219,0.84375,223.125,548.625,0.930579,1,1,1.0
1963,1,792.375,0.28125,230.062,549,0.93394,1,1,1.0
1964,1,795.703,-0.75,232.312,548.625,0.935381,1,1,1.0
1965,1,802.969,-1.03125,231.188,546.375,0.936821,1,1,1.0
1966,1,811.242,4.125,228.938,540,0.938756,1,1,1.0
1967,1,820.688,4.59375,225,539.625,0.938276,1,1,1.0
1968,1,834.234,5.20312,215.25,535.5,0.932517,1,1,1.0
1969,1,849.656,5.78906,204,526.5,0.924838,1,1,1.0
1970,1,863.016,6.35156,196.125,518.625,0.927717,1,1,1.0
1971,1,880.008,7.19531,183.375,511.125,0.928677,1,1,1.0
1972,1,898.875,5.71875,166.875,504.375,0.913319,1,1,1.0
1973,1,917.438,1.6875,148.594,496.875,0.910892,1,1,1.0
1974,1,934.875,4.64062,132.656,484.875,0.901289,1,1,1.0
1975,1,943.453,3.42188,135.469,489.375,0.910412,1,1,1.0
1976,1,945.844,3.14062,147.188,489.375,0.919535,1,1,1.0
1977,1,945.75,2.41406,154.688,486.75,0.916654,1,1,1.0
1978,1,945.375,1.78125,168,483.75,0.918095,1,1,1.0
1979,1,945.141,5.57812,179.156,483.375,0.90996,1,1,1.0
1980,1,944.344,4.6875,186,483.375,0.914279,1,1,1.0
1981,1,944.578,6.375,187.875,480.75,0.902761,1,1,1.0
1982,1,944.719,1.3125,183.562,488.25,0.898888,1,1,1.0
1983,1,944.766,0.375,175.031,486.75,0.875839,1,1,1.0
1984,1,947.766,-3.5625,173.906,484.875,0.859033,1,1,1.0
1985,1,955.219,-2.8125,172.875,478.5,0.857112,1,1,1.0
1986,1,966.516,1.5,173.156,471,0.799491,1,1,1.0
1987,1,991.57,7.5,154.969,455.25,0.817332,1,1,1.0
1988,1,1009.97,10.1016,135.844,443.25,0.600219,1,1,1.0