813,1,1023.19,6.84,121.69000000000005,453.75,1,1,1.0
814,1,1002.05,13.88,140.25,448.12,1,1,1.0
815,1,982.29,14.58,160.12000000000012,454.12,1,1,1.0
816,1,969.52,8.95,172.5,471.0,1,1,1.0
817,1,956.3,1.31,192.37000000000012,480.0,1,1,1.0
818,1,947.25,3.52,199.8699999999999,488.25,1,1,1.0
819,1,939.47,-0.35,197.44000000000005,493.5,1,1,1.0
820,1,931.59,1.31,196.4999999999999,496.13,1,1,1.0
821,1,925.97,1.69,198.19000000000005,508.87,1,1,1.0
822,1,919.59,0.28,206.43999999999994,517.13,1,1,1.0
823,1,916.03,0.56,202.1300000000001,516.75,1,1,1.0
824,1,915.38,0.28,196.5000000000001,516.0,1,1,1.0
825,1,913.59,1.03,194.07000000000005,515.25,1,1,1.0
826,1,912.42,1.03,183.0000000000001,516.0,1,1,1.0
827,1,911.72,0.0,181.69000000000005,516.0,1,1,1.0
828,1,914.3,0.28,171.55999999999995,514.5,1,1,1.0
829,1,915.38,-1.59,164.06000000000006,515.25,1,1,1.0
830,1,914.72,-0.56,157.97000000000003,514.5,1,1,1.0
831,1,907.97,0.0,159.27999999999997,513.38,1,1,1.0
832,1,898.55,1.64,163.59000000000015,511.5,1,1,1.0
833,1,882.89,3.02,173.5300000000001,512.25,1,1,1.0
834,1,863.25,2.25,187.1300000000001,525.0,1,1,1.0
835,1,847.78,1.88,196.30999999999995,538.87,1,1,1.0
836,1,840.0,1.97,197.44000000000005,544.87,1,1,1.0
837,1,836.6,0.42,196.88,552.0,1,1,1.0
838,1,842.11,0.09,185.81000000000006,560.25,1,1,1.0
839,1,839.32,-1.41,182.25,570.0,1,1,1.0
840,1,839.81,-1.69,174.66000000000008,573.3800000000001,1,1,1.0
841,1,838.41,0.47,169.5,570.37,1,1,1.0
842,1,831.66,0.0,168.93000000000006,570.38,1,1,1.0
843,1,821.25,-0.23,172.87,571.5,1,1,1.0
844,1,808.36,0.09,183.84000000000003,571.5,1,1,1.0
845,1,793.73,-0.33,199.88,570.38,1,1,1.0
846,1,781.22,-0.89,213.0,570.0,1,1,1.0
847,1,768.63,-1.27,225.19000000000005,571.13,1,1,1.0
848,1,760.34,-0.09,233.25,570.0,1,1,1.0
849,1,752.16,0.7,238.5,578.63,1,1,1.0
850,1,747.0,1.45,241.88,595.13,1,1,1.0
851,1,743.16,1.12,243.0,607.5,1,1,1.0
852,1,739.94,3.75,242.26,625.5,1,1,1.0
853,1,739.17,6.28,239.06000000000006,628.88,1,1,1.0
854,1,738.8,9.19,237.56000000000006,641.6199999999999,1,1,1.0
855,1,737.91,11.34,236.81000000000006,647.25,1,1,1.0
856,1,738.75,10.69,235.30999999999995,661.1199999999999,1,1,1.0
857,1,740.06,13.88,232.8800000000001,651.37,1,1,1.0
858,1,742.59,13.69,230.06999999999994,652.5,1,1,1.0
859,1,745.88,11.34,227.62,660.38,1,1,1.0
860,1,748.5,10.45,225.75,661.5,1,1,1.0
861,1,753.23,11.25,222.38,655.5,1,1,1.0
862,1,757.88,9.7,216.74,661.5,1,1,1.0
863,1,759.96,9.05,215.25,661.5,1,1,1.0
864,1,759.73,10.5,216.18999999999994,657.75,1,1,1.0
865,1,760.57,12.14,215.25,655.13,1,1,1.0
866,1,762.07,13.78,214.87,656.63,1,1,1.0
867,1,761.65,22.62,217.12,662.25,1,1,1.0
868,1,761.58,18.84,216.93999999999994,690.0,1,1,1.0
869,1,761.86,21.7,216.37,705.38,1,1,1.0
870,1,761.02,23.58,218.25,717.0,1,1,1.0
871,1,760.73,26.77,219.56999999999994,724.87,1,1,1.0
872,1,759.7,30.66,221.63,735.75,1,1,1.0
873,1,758.25,33.75,223.13,736.87,1,1,1.0
874,1,755.39,35.06,225.38,736.8800000000001,1,1,1.0
875,1,751.22,35.53,228.93999999999994,737.63,1,1,1.0
876,1,747.66,34.88,231.93000000000006,739.5,1,1,1.0
877,1,743.98,35.25,234.17999999999995,738.37,1,1,1.0
878,1,738.14,35.91,240.38,738.37,1,1,1.0
879,1,733.24,36.75,245.25,737.63,1,1,1.0
880,1,727.45,37.78,251.63,735.75,1,1,1.0
881,1,723.49,39.0,256.88,732.0,1,1,1.0
882,1,718.12,38.53,263.07000000000005,729.0,1,1,1.0
883,1,714.38,40.78,269.06000000000006,733.5,1,1,1.0
884,1,710.06,42.38,273.94000000000005,757.12,1,1,1.0
885,1,704.81,44.62,280.5,777.0,1,1,1.0
886,1,701.91,49.36,284.06000000000006,797.25,1,1,1.0
887,1,700.59,51.84,287.81999999999994,809.25,1,1,1.0
888,1,698.81,56.06,292.5,813.75,1,1,1.0
889,1,699.0,58.5,296.62,828.75,1,1,1.0
890,1,699.0,61.12,300.55999999999995,828.76,1,1,1.0
891,1,699.66,62.34,303.56000000000006,831.75,1,1,1.0
892,1,701.25,62.06,304.87,833.25,1,1,1.0
893,1,705.66,61.31,304.12,833.25,1,1,1.0
894,1,712.5,59.67,300.0,834.0,1,1,1.0
895,1,717.38,60.23,295.5,831.75,1,1,1.0
896,1,722.72,61.36,290.80999999999995,831.0,1,1,1.0
897,1,727.78,61.92,284.63,830.25,1,1,1.0
898,1,734.81,61.55,275.6300000000001,830.25,1,1,1.0
899,1,740.16,62.16,266.06000000000006,831.0,1,1,1.0
900,1,744.47,63.0,257.62,830.25,1,1,1.0
901,1,746.06,64.59,251.25,828.75,1,1,1.0
902,1,745.59,65.58,247.68999999999994,828.75,1,1,1.0
903,1,741.38,66.89,245.81000000000006,835.5,1,1,1.0
904,1,731.16,69.94,249.37,846.0,1,1,1.0
905,1,720.38,74.44,252.37,849.0,1,1,1.0
906,1,717.84,78.38,246.93999999999994,848.24,1,1,1.0
907,1,717.28,82.12,238.5,843.76,1,1,1.0
908,1,712.5,84.38,233.25,841.5,1,1,1.0
909,1,706.97,83.44,232.5,843.0,1,1,1.0
910,1,699.0,81.28,240.94000000000005,846.0,1,1,1.0
911,1,693.47,81.47,245.25,846.75,1,1,1.0
912,1,686.58,82.97,253.5,843.0,1,1,1.0
913,1,677.81,83.34,263.81000000000006,842.25,1,1,1.0
914,1,670.78,84.47,270.38,840.75,1,1,1.0
915,1,663.56,85.03,275.06000000000006,842.25,1,1,1.0
916,1,656.25,84.66,277.30999999999995,849.0,1,1,1.0
917,1,650.25,83.91,274.13,864.75,1,1,1.0
918,1,643.45,83.06,261.56999999999994,888.0,1,1,1.0
919,1,636.56,84.19,250.1300000000001,902.25,1,1,1.0
920,1,632.91,87.61,247.68000000000006,913.5,1,1,1.0
921,1,630.94,88.41,245.25,918.75,1,1,1.0
922,1,630.47,88.55,242.25,921.0,1,1,1.0
923,1,628.5,89.34,240.55999999999995,922.5,1,1,1.0
924,1,626.62,90.84,238.68999999999994,922.5,1,1,1.0
925,1,624.66,91.12,236.62,922.5,1,1,1.0
926,1,620.44,91.45,238.5,922.5,1,1,1.0
927,1,618.09,90.84,236.25,924.0,1,1,1.0
928,1,616.78,92.02,231.19000000000005,922.5,1,1,1.0
929,1,615.19,91.88,229.8699999999999,922.5,1,1,1.0
930,1,613.97,91.73,230.05999999999995,922.5,1,1,1.0
931,1,607.12,93.05,235.5,921.0,1,1,1.0
932,1,582.47,92.86,260.80999999999995,922.5,1,1,1.0
933,1,585.23,94.59,257.63,921.0,1,1,1.0
934,1,576.19,94.64,266.6199999999999,922.5,1,1,1.0
935,1,570.7,95.48,269.63,922.5,1,1,1.0
936,1,568.64,96.42,266.63,922.5,1,1,1.0
937,1,567.61,97.08,262.68999999999994,922.5,1,1,1.0
938,1,567.42,97.03,259.88,922.5,1,1,1.0
939,1,567.33,96.66,258.0,922.5,1,1,1.0
940,1,569.11,96.61,254.62,922.5,1,1,1.0
941,1,561.61,94.88,261.18999999999994,924.0,1,1,1.0
942,1,559.69,94.5,262.5,924.0,1,1,1.0
943,1,553.64,93.7,267.38,924.0,1,1,1.0
944,1,546.52,93.8,273.93000000000006,922.5,1,1,1.0
945,1,542.67,94.03,276.0,922.5,1,1,1.0
946,1,542.11,94.08,275.25,922.5,1,1,1.0
947,1,547.88,93.52,268.12,922.5,1,1,1.0
948,1,552.66,93.75,261.56000000000006,922.5,1,1,1.0
949,1,559.22,94.22,254.43999999999994,922.5,1,1,1.0
950,1,565.17,94.5,246.94000000000005,922.5,1,1,1.0
951,1,568.45,94.59,242.80999999999995,922.5,1,1,1.0
952,1,569.39,94.97,241.5,922.5,1,1,1.0
953,1,571.64,95.2,238.5,922.5,1,1,1.0
954,1,572.53,95.11,237.56000000000006,922.5,1,1,1.0
955,1,573.66,95.39,236.25,922.5,1,1,1.0
956,1,573.98,95.53,236.25,922.5,1,1,1.0
957,1,572.2,96.52,237.18999999999994,921.0,1,1,1.0
958,1,573.0,95.58,236.80999999999995,922.5,1,1,1.0
959,1,570.52,96.28,240.0,921.0,1,1,1.0
960,1,570.8,96.14,240.37,921.0,1,1,1.0
961,1,570.98,96.38,239.06999999999994,921.0,1,1,1.0
962,1,570.47,96.19,239.80999999999995,921.0,1,1,1.0
963,1,570.23,96.09,239.25,921.0,1,1,1.0
964,1,570.09,95.91,239.81999999999994,921.0,1,1,1.0
965,1,570.61,95.81,239.25,921.0,1,1,1.0
966,1,570.66,95.67,239.81000000000006,921.0,1,1,1.0
967,1,568.78,95.86,240.94000000000005,921.0,1,1,1.0
968,1,565.59,95.34,244.68999999999994,921.0,1,1,1.0
969,1,553.03,95.53,258.0,921.0,1,1,1.0
970,1,543.19,95.11,268.1199999999999,921.0,1,1,1.0
971,1,529.83,95.67,281.62,921.0,1,1,1.0
972,1,517.9,95.06,293.44000000000005,922.5,1,1,1.0
973,1,507.38,95.86,300.56000000000006,921.0,1,1,1.0
974,1,494.72,95.3,313.30999999999995,922.5,1,1,1.0
975,1,480.84,95.58,327.75000000000006,922.5,1,1,1.0
976,1,477.09,95.53,332.07,922.5,1,1,1.0
977,1,474.38,95.44,335.24,922.5,1,1,1.0
978,1,472.78,95.3,337.5,922.5,1,1,1.0
979,1,467.16,95.25,343.11999999999995,922.5,1,1,1.0
980,1,466.97,95.44,343.5,922.5,1,1,1.0
981,1,466.41,95.48,343.86999999999995,922.5,1,1,1.0
982,1,465.47,95.58,345.0,922.5,1,1,1.0
983,1,464.72,95.48,345.93999999999994,922.5,1,1,1.0
984,1,465.09,95.39,345.75000000000006,922.5,1,1,1.0
985,1,466.59,95.44,344.07,922.5,1,1,1.0
986,1,466.59,95.25,344.63000000000005,922.5,1,1,1.0
987,1,466.41,95.2,344.99999999999994,922.5,1,1,1.0
988,1,465.94,95.53,344.61999999999995,922.5,1,1,1.0
989,1,464.72,95.2,346.30999999999995,922.5,1,1,1.0
990,1,463.97,95.25,347.25,922.5,1,1,1.0
991,1,461.62,95.34,349.13,922.5,1,1,1.0
992,1,459.94,95.62,351.36999999999995,922.5,1,1,1.0
993,1,457.97,95.25,352.68999999999994,922.5,1,1,1.0
994,1,456.19,94.64,354.56,924.0,1,1,1.0
995,1,455.81,95.16,354.94,922.5,1,1,1.0
996,1,456.75,95.11,354.0,922.5,1,1,1.0
997,1,455.91,94.12,355.86999999999995,924.0,1,1,1.0
998,1,456.75,94.31,354.94000000000005,924.0,1,1,1.0
999,1,456.75,94.64,354.37,922.5,1,1,1.0
1000,1,456.56,93.7,354.94,924.0,1,1,1.0
1001,1,456.38,93.8,354.37,924.0,1,1,1.0
1002,1,456.94,93.94,354.00000000000006,924.0,1,1,1.0
1003,1,456.19,94.5,354.94,922.5,1,1,1.0
1004,1,455.34,94.73,356.25000000000006,922.5,1,1,1.0
1005,1,455.44,94.08,355.86999999999995,924.0,1,1,1.0
1006,1,455.91,93.75,355.86999999999995,924.0,1,1,1.0
1007,1,456.75,93.98,354.94000000000005,924.0,1,1,1.0
1008,1,457.31,93.94,354.56,924.0,1,1,1.0
1009,1,456.66,94.5,354.36999999999995,922.5,1,1,1.0
1010,1,456.09,94.55,354.57,922.5,1,1,1.0
1011,1,455.62,94.03,354.57000000000005,924.0,1,1,1.0
1012,1,456.56,94.22,354.38000000000005,924.0,1,1,1.0
1013,1,456.84,94.31,353.63000000000005,924.0,1,1,1.0
1014,1,456.94,94.22,354.00000000000006,924.0,1,1,1.0
1015,1,456.0,94.31,354.94000000000005,922.5,1,1,1.0
1016,1,455.34,93.84,355.88000000000005,924.0,1,1,1.0
1017,1,454.41,93.94,355.86999999999995,924.0,1,1,1.0
1018,1,455.16,94.22,355.86999999999995,924.0,1,1,1.0
1019,1,455.72,93.89,355.30999999999995,924.0,1,1,1.0
1020,1,456.38,94.08,354.92999999999995,924.0,1,1,1.0
1021,1,455.44,94.5,354.94,922.5,1,1,1.0
1022,1,455.62,94.03,354.57000000000005,924.0,1,1,1.0
1023,1,455.53,94.36,355.31000000000006,922.5,1,1,1.0
1024,1,456.56,94.5,353.99999999999994,922.5,1,1,1.0
1025,1,456.47,94.55,353.62,922.5,1,1,1.0
1026,1,457.69,94.45,352.69,922.5,1,1,1.0
1027,1,457.97,94.55,352.68999999999994,922.5,1,1,1.0
1028,1,457.97,94.03,352.68999999999994,924.0,1,1,1.0
1029,1,457.88,94.78,351.74,922.5,1,1,1.0
1030,1,456.94,94.36,352.69,922.5,1,1,1.0
1031,1,457.78,94.5,352.31000000000006,922.5,1,1,1.0
1032,1,458.06,94.73,352.31,922.5,1,1,1.0
1033,1,457.78,94.64,352.13,922.5,1,1,1.0
1034,1,457.59,94.92,352.13000000000005,922.5,1,1,1.0
1035,1,458.44,94.88,351.36999999999995,922.5,1,1,1.0
1036,1,461.06,94.41,349.13000000000005,924.0,1,1,1.0
1037,1,462.38,95.2,346.87,922.5,1,1,1.0
1038,1,461.53,95.02,347.63,922.5,1,1,1.0
1039,1,463.5,95.2,345.94000000000005,922.5,1,1,1.0
1040,1,465.75,95.16,344.63,922.5,1,1,1.0
1041,1,460.03,95.16,349.88,922.5,1,1,1.0
1042,1,459.19,95.02,350.06,922.5,1,1,1.0
1043,1,456.94,95.02,352.31,922.5,1,1,1.0
1044,1,457.88,94.97,352.31000000000006,922.5,1,1,1.0
1045,1,457.12,95.25,353.07000000000005,922.5,1,1,1.0
1046,1,455.91,95.06,354.36999999999995,922.5,1,1,1.0
1047,1,456.94,94.69,352.69,922.5,1,1,1.0
1048,1,456.19,95.11,354.00000000000006,922.5,1,1,1.0
1049,1,456.0,95.48,354.0,922.5,1,1,1.0
1050,1,455.72,94.45,354.55999999999995,924.0,1,1,1.0
1051,1,455.72,94.88,354.0,924.0,1,1,1.0
1052,1,454.41,94.59,355.31,924.0,1,1,1.0
1053,1,452.72,94.92,356.62,922.5,1,1,1.0
1054,1,453.0,95.02,356.80999999999995,922.5,1,1,1.0
1055,1,453.19,95.02,356.81,922.5,1,1,1.0
1056,1,453.38,95.2,356.62,922.5,1,1,1.0
1057,1,453.84,94.64,356.82,922.5,1,1,1.0
1058,1,454.78,94.73,355.31000000000006,922.5,1,1,1.0
1059,1,454.78,95.58,355.31000000000006,921.0,1,1,1.0
1060,1,455.34,95.39,354.94,921.0,1,1,1.0
1061,1,454.31,95.06,356.24999999999994,921.0,1,1,1.0
1062,1,454.03,95.72,356.25,921.0,1,1,1.0
1063,1,452.81,95.06,357.19,922.5,1,1,1.0
1064,1,452.72,95.25,357.75,922.5,1,1,1.0
1065,1,452.62,95.77,357.18999999999994,922.5,1,1,1.0
1066,1,452.34,95.58,358.13000000000005,922.5,1,1,1.0
1067,1,452.81,95.48,357.19,922.5,1,1,1.0
1068,1,453.09,95.39,356.63000000000005,922.5,1,1,1.0
1069,1,453.09,94.78,356.82,922.5,1,1,1.0
1070,1,453.0,94.5,357.19000000000005,922.5,1,1,1.0
1071,1,453.56,94.78,356.63000000000005,922.5,1,1,1.0
1072,1,453.19,94.78,356.61999999999995,922.5,1,1,1.0
1073,1,453.94,94.55,356.81,922.5,1,1,1.0
1074,1,453.84,94.97,356.82,922.5,1,1,1.0
1075,1,453.56,94.73,356.81,922.5,1,1,1.0
1076,1,452.91,94.78,357.74999999999994,922.5,1,1,1.0
1077,1,452.06,94.69,358.13000000000005,922.5,1,1,1.0
1078,1,452.81,94.64,357.74999999999994,922.5,1,1,1.0
1079,1,452.53,94.55,358.13,922.5,1,1,1.0
1080,1,452.25,94.55,357.75,922.5,1,1,1.0
1081,1,454.59,94.45,354.57,922.5,1,1,1.0
1082,1,455.91,95.16,353.99999999999994,921.0,1,1,1.0
1083,1,455.34,94.59,354.38000000000005,922.5,1,1,1.0
1084,1,457.97,94.97,352.12,922.5,1,1,1.0
1085,1,457.22,95.06,352.68999999999994,922.5,1,1,1.0
1086,1,457.59,95.06,351.75000000000006,922.5,1,1,1.0
1087,1,456.47,94.78,353.05999999999995,922.5,1,1,1.0
1088,1,455.25,94.59,354.55999999999995,922.5,1,1,1.0
1089,1,453.0,94.27,356.62,922.5,1,1,1.0
1090,1,452.06,94.5,358.13000000000005,922.5,1,1,1.0
1091,1,453.0,94.36,356.80999999999995,922.5,1,1,1.0
1092,1,452.44,94.27,357.19,922.5,1,1,1.0
1093,1,454.59,95.11,354.94,922.5,1,1,1.0
1094,1,454.03,94.69,355.88,922.5,1,1,1.0
1095,1,454.22,94.83,355.30999999999995,922.5,1,1,1.0
1096,1,455.34,94.78,354.94,922.5,1,1,1.0
1097,1,455.34,94.69,354.94,922.5,1,1,1.0
1098,1,455.81,94.78,354.94,922.5,1,1,1.0
1099,1,456.47,94.88,354.37,922.5,1,1,1.0
1100,1,457.59,95.11,352.69,922.5,1,1,1.0
1101,1,457.5,95.02,353.62,922.5,1,1,1.0
1102,1,457.69,95.16,353.61999999999995,922.5,1,1,1.0
1103,1,457.69,95.44,354.00000000000006,922.5,1,1,1.0
1104,1,456.94,95.3,354.00000000000006,922.5,1,1,1.0
1105,1,455.06,95.62,354.94,922.5,1,1,1.0
1106,1,454.12,95.44,356.26,922.5,1,1,1.0
1107,1,453.94,95.53,356.25000000000006,922.5,1,1,1.0
1108,1,454.22,95.62,355.87,922.5,1,1,1.0
1109,1,454.31,96.28,355.31,921.0,1,1,1.0
1110,1,454.41,95.72,355.31,921.0,1,1,1.0
1111,1,453.56,95.2,355.88000000000005,922.5,1,1,1.0
1112,1,455.34,95.39,354.57,922.5,1,1,1.0
1113,1,456.56,95.39,353.63000000000005,922.5,1,1,1.0
1114,1,457.69,96.05,352.31,921.0,1,1,1.0
1115,1,458.06,95.72,352.13000000000005,922.5,1,1,1.0
1116,1,457.69,95.77,352.69,922.5,1,1,1.0
1117,1,455.91,95.39,353.99999999999994,922.5,1,1,1.0
1118,1,455.16,95.16,354.93,922.5,1,1,1.0
1119,1,454.41,95.25,355.31,922.5,1,1,1.0
1120,1,454.78,95.39,354.94000000000005,922.5,1,1,1.0
1121,1,454.59,95.39,355.32,922.5,1,1,1.0
1122,1,455.06,95.53,355.31,922.5,1,1,1.0
1123,1,454.88,96.14,355.31000000000006,921.0,1,1,1.0
1124,1,454.78,96.09,355.31000000000006,921.0,1,1,1.0
1125,1,454.78,95.95,356.25,921.0,1,1,1.0
1126,1,456.0,96.0,354.55999999999995,921.0,1,1,1.0
1127,1,456.56,95.77,354.38000000000005,921.0,1,1,1.0
1128,1,456.84,95.39,354.00000000000006,922.5,1,1,1.0
1129,1,456.56,95.91,353.63000000000005,921.0,1,1,1.0
1130,1,457.78,95.86,353.06000000000006,921.0,1,1,1.0
1131,1,458.16,95.95,352.11999999999995,921.0,1,1,1.0
1132,1,458.81,96.23,351.74999999999994,921.0,1,1,1.0
1133,1,457.97,96.28,352.68999999999994,921.0,1,1,1.0
1134,1,456.84,96.23,354.00000000000006,921.0,1,1,1.0
1135,1,455.53,95.91,354.94000000000005,921.0,1,1,1.0
1136,1,455.62,96.33,354.93999999999994,921.0,1,1,1.0
1137,1,455.62,96.66,354.57000000000005,921.0,1,1,1.0
1138,1,455.62,96.38,354.57000000000005,921.0,1,1,1.0
1139,1,455.81,96.56,353.99999999999994,921.0,1,1,1.0
1140,1,455.81,96.7,354.38000000000005,921.0,1,1,1.0
1141,1,455.91,96.66,354.56,921.0,1,1,1.0
1142,1,455.44,96.66,354.56,921.0,1,1,1.0
1143,1,455.34,96.66,354.57,921.0,1,1,1.0
1144,1,455.72,97.12,354.37,921.0,1,1,1.0
1145,1,455.91,96.8,354.36999999999995,921.0,1,1,1.0
1146,1,456.0,96.61,354.0,921.0,1,1,1.0
1147,1,456.28,96.75,354.0,921.0,1,1,1.0
1148,1,456.75,96.14,353.05999999999995,922.5,1,1,1.0
1149,1,457.31,96.09,352.31,922.5,1,1,1.0
1150,1,458.25,95.62,351.37,922.5,1,1,1.0
1151,1,459.56,95.91,350.44,922.5,1,1,1.0
1152,1,460.5,96.42,349.12,921.0,1,1,1.0
1153,1,459.56,96.42,350.44,921.0,1,1,1.0
1154,1,459.66,95.77,350.43,922.5,1,1,1.0
1155,1,460.31,95.95,349.88000000000005,922.5,1,1,1.0
1156,1,460.41,95.95,349.86999999999995,922.5,1,1,1.0
1157,1,459.94,96.23,350.06,921.0,1,1,1.0
1158,1,458.44,95.53,351.75000000000006,922.5,1,1,1.0
1159,1,457.69,95.2,352.31,922.5,1,1,1.0
1160,1,457.22,95.34,352.68999999999994,922.5,1,1,1.0
1161,1,457.12,95.67,353.63,922.5,1,1,1.0
1162,1,458.44,95.3,352.31,922.5,1,1,1.0
1163,1,458.81,95.16,351.74999999999994,922.5,1,1,1.0
1164,1,458.44,95.48,351.75000000000006,922.5,1,1,1.0
1165,1,459.47,96.09,350.43999999999994,921.0,1,1,1.0
1166,1,461.34,95.62,349.13000000000005,922.5,1,1,1.0
1167,1,461.34,96.38,348.57,921.0,1,1,1.0
1168,1,461.62,95.48,348.18999999999994,922.5,1,1,1.0
1169,1,461.62,96.09,348.0,921.0,1,1,1.0
1170,1,461.53,95.48,348.19000000000005,922.5,1,1,1.0
1171,1,462.47,95.72,347.25,921.0,1,1,1.0
1172,1,461.25,95.25,348.55999999999995,922.5,1,1,1.0
1173,1,459.28,95.3,350.81000000000006,922.5,1,1,1.0
1174,1,458.81,95.44,351.74999999999994,922.5,1,1,1.0
1175,1,459.66,95.39,350.81,922.5,1,1,1.0
1176,1,460.31,95.44,349.88000000000005,922.5,1,1,1.0
1177,1,460.41,95.11,350.06,922.5,1,1,1.0
1178,1,460.59,95.11,349.88000000000005,922.5,1,1,1.0
1179,1,459.84,95.2,349.88000000000005,922.5,1,1,1.0
1180,1,460.03,95.39,350.06000000000006,922.5,1,1,1.0
1181,1,459.47,95.02,350.80999999999995,922.5,1,1,1.0
1182,1,458.62,95.34,351.76,922.5,1,1,1.0
1183,1,459.19,95.48,351.36999999999995,922.5,1,1,1.0
1184,1,459.19,95.11,351.75000000000006,922.5,1,1,1.0
1185,1,459.38,95.34,350.81000000000006,922.5,1,1,1.0
1186,1,459.75,95.39,349.87,922.5,1,1,1.0
1187,1,459.94,95.48,350.06,922.5,1,1,1.0
1188,1,459.75,95.44,350.44000000000005,922.5,1,1,1.0
1189,1,459.38,95.16,351.37,922.5,1,1,1.0
1190,1,459.47,95.2,350.80999999999995,922.5,1,1,1.0
1191,1,459.47,95.44,350.43999999999994,922.5,1,1,1.0
1192,1,459.56,95.25,350.44,922.5,1,1,1.0
1193,1,459.09,95.25,351.75000000000006,922.5,1,1,1.0
1194,1,459.56,95.44,350.81,922.5,1,1,1.0
1195,1,459.19,95.48,351.36999999999995,922.5,1,1,1.0
1196,1,459.75,95.2,350.80999999999995,922.5,1,1,1.0
1197,1,459.09,95.86,350.82,922.5,1,1,1.0
1198,1,459.0,95.48,351.75,922.5,1,1,1.0
1199,1,459.09,95.53,351.75000000000006,922.5,1,1,1.0
1200,1,458.81,95.25,352.13000000000005,922.5,1,1,1.0
1201,1,457.88,94.59,353.06000000000006,924.0,1,1,1.0
1202,1,457.22,95.16,353.62,922.5,1,1,1.0
1203,1,457.41,95.02,353.06,922.5,1,1,1.0
1204,1,458.16,95.25,352.11999999999995,922.5,1,1,1.0
1205,1,458.25,94.78,352.13,922.5,1,1,1.0
1206,1,459.56,94.73,350.81,922.5,1,1,1.0
1207,1,460.88,94.45,349.12,924.0,1,1,1.0
1208,1,462.56,95.2,347.24999999999994,922.5,1,1,1.0
1209,1,463.03,94.88,346.31000000000006,922.5,1,1,1.0
1210,1,465.56,95.2,343.49999999999994,922.5,1,1,1.0
1211,1,472.31,95.39,336.74999999999994,922.5,1,1,1.0
1212,1,470.72,94.69,339.75,924.0,1,1,1.0
1213,1,467.72,95.16,342.18999999999994,922.5,1,1,1.0
1214,1,469.31,95.11,340.31,922.5,1,1,1.0
1215,1,470.06,95.72,339.38000000000005,922.5,1,1,1.0
1216,1,471.38,95.58,338.42999999999995,922.5,1,1,1.0
1217,1,474.47,95.58,334.87,922.5,1,1,1.0
1218,1,481.5,95.58,327.38,922.5,1,1,1.0
1219,1,472.31,95.06,337.13000000000005,922.5,1,1,1.0
1220,1,470.44,94.88,339.75000000000006,922.5,1,1,1.0
1221,1,470.16,95.16,339.36999999999995,922.5,1,1,1.0
1222,1,471.09,95.02,338.44,922.5,1,1,1.0
1223,1,473.91,94.73,335.24999999999994,924.0,1,1,1.0
1224,1,474.84,94.88,334.69,924.0,1,1,1.0
1225,1,474.94,95.58,334.31,922.5,1,1,1.0
1226,1,477.28,94.83,331.69000000000005,924.0,1,1,1.0
1227,1,478.97,95.67,330.55999999999995,922.5,1,1,1.0
1228,1,480.94,95.16,328.11999999999995,924.0,1,1,1.0
1229,1,477.28,95.2,331.69000000000005,924.0,1,1,1.0
1230,1,473.25,95.72,336.55999999999995,922.5,1,1,1.0
1231,1,470.81,94.83,338.63000000000005,924.0,1,1,1.0
1232,1,475.5,95.58,333.94000000000005,922.5,1,1,1.0
1233,1,477.28,95.02,331.69000000000005,924.0,1,1,1.0
1234,1,473.44,94.88,336.19,924.0,1,1,1.0
1235,1,472.78,95.48,336.56000000000006,922.5,1,1,1.0
1236,1,472.5,95.62,337.12,922.5,1,1,1.0
1237,1,475.5,95.2,333.38,922.5,1,1,1.0
1238,1,474.47,95.06,334.87,922.5,1,1,1.0
1239,1,472.5,95.25,336.55999999999995,922.5,1,1,1.0
1240,1,473.62,95.16,335.63,922.5,1,1,1.0
1241,1,472.41,95.16,337.11999999999995,922.5,1,1,1.0
1242,1,472.12,95.48,336.76,922.5,1,1,1.0
1243,1,472.12,95.48,337.13,922.5,1,1,1.0
1244,1,473.44,94.97,335.25000000000006,924.0,1,1,1.0
1245,1,474.38,95.25,334.67999999999995,922.5,1,1,1.0
1246,1,472.31,95.39,336.74999999999994,922.5,1,1,1.0
1247,1,470.91,95.58,337.86999999999995,922.5,1,1,1.0
1248,1,470.62,95.3,338.63,922.5,1,1,1.0
1249,1,472.78,95.39,337.13,922.5,1,1,1.0
1250,1,472.88,95.3,337.12,922.5,1,1,1.0
1251,1,472.22,95.3,337.87,922.5,1,1,1.0
1252,1,475.22,95.06,334.68999999999994,922.5,1,1,1.0
1253,1,475.88,95.34,333.0,922.5,1,1,1.0
1254,1,475.88,95.62,333.37,922.5,1,1,1.0
1255,1,477.38,95.39,331.67999999999995,922.5,1,1,1.0
1256,1,477.0,95.11,332.44000000000005,924.0,1,1,1.0
1257,1,472.69,94.64,336.75000000000006,924.0,1,1,1.0
1258,1,478.78,95.2,331.69000000000005,922.5,1,1,1.0
1259,1,481.69,95.3,326.81,922.5,1,1,1.0
1260,1,476.81,95.53,331.69,922.5,1,1,1.0
1261,1,474.75,94.36,334.30999999999995,924.0,1,1,1.0
1262,1,476.34,94.88,333.00000000000006,922.5,1,1,1.0
1263,1,478.88,94.64,330.0,922.5,1,1,1.0
1264,1,476.81,94.69,331.69,922.5,1,1,1.0
1265,1,476.53,94.17,332.44000000000005,924.0,1,1,1.0
1266,1,475.31,95.11,333.38000000000005,922.5,1,1,1.0
1267,1,474.38,94.45,335.24,924.0,1,1,1.0
1268,1,474.47,95.11,335.62,922.5,1,1,1.0
1269,1,474.56,95.2,334.88000000000005,922.5,1,1,1.0
1270,1,475.59,95.2,333.38000000000005,922.5,1,1,1.0
1271,1,475.03,95.16,333.94000000000005,922.5,1,1,1.0
1272,1,476.44,95.2,332.44,922.5,1,1,1.0
1273,1,477.56,95.44,331.49999999999994,922.5,1,1,1.0
1274,1,479.06,94.59,329.99999999999994,924.0,1,1,1.0
1275,1,479.16,95.2,329.99999999999994,922.5,1,1,1.0
1276,1,480.66,94.97,328.31,922.5,1,1,1.0
1277,1,480.47,95.06,328.68999999999994,922.5,1,1,1.0
1278,1,481.03,94.88,327.75,922.5,1,1,1.0
1279,1,480.0,94.45,328.69000000000005,924.0,1,1,1.0
1280,1,480.66,95.11,328.11999999999995,922.5,1,1,1.0
1281,1,481.12,95.06,329.07000000000005,922.5,1,1,1.0
1282,1,481.22,94.5,328.68999999999994,922.5,1,1,1.0
1283,1,480.94,94.97,328.69,922.5,1,1,1.0
1284,1,480.66,94.64,329.06,922.5,1,1,1.0
1285,1,481.31,94.45,328.69,922.5,1,1,1.0
1286,1,481.12,94.88,328.68999999999994,922.5,1,1,1.0
1287,1,480.0,94.45,330.0,924.0,1,1,1.0
1288,1,480.0,94.69,329.62,924.0,1,1,1.0
1289,1,479.72,95.3,330.55999999999995,922.5,1,1,1.0
1290,1,478.97,94.69,331.5,924.0,1,1,1.0
1291,1,478.12,95.2,332.07000000000005,922.5,1,1,1.0
1292,1,478.41,94.59,331.68,924.0,1,1,1.0
1293,1,478.03,94.59,332.06000000000006,924.0,1,1,1.0
1294,1,479.06,94.5,330.56,924.0,1,1,1.0
1295,1,478.97,94.17,330.93999999999994,924.0,1,1,1.0
1296,1,478.5,94.45,331.5,924.0,1,1,1.0
1297,1,479.16,94.45,329.61999999999995,924.0,1,1,1.0
1298,1,478.88,94.83,329.62,922.5,1,1,1.0
1299,1,478.69,95.02,330.56,922.5,1,1,1.0
1300,1,478.69,94.22,330.19,924.0,1,1,1.0
1301,1,479.06,94.45,329.63000000000005,924.0,1,1,1.0
1302,1,479.62,94.55,329.07000000000005,922.5,1,1,1.0
1303,1,479.53,94.69,329.63,922.5,1,1,1.0
1304,1,479.72,94.83,329.62,922.5,1,1,1.0
1305,1,480.47,94.27,328.68999999999994,924.0,1,1,1.0
1306,1,480.28,94.17,329.06000000000006,924.0,1,1,1.0
1307,1,480.09,94.36,330.00000000000006,924.0,1,1,1.0
1308,1,479.91,94.41,330.18,924.0,1,1,1.0
1309,1,481.12,94.41,327.76,924.0,1,1,1.0
1310,1,481.12,95.16,328.68999999999994,922.5,1,1,1.0
1311,1,481.41,94.92,328.68,922.5,1,1,1.0
1312,1,481.41,94.45,328.11999999999995,922.5,1,1,1.0
1313,1,481.22,94.12,328.30999999999995,924.0,1,1,1.0
1314,1,481.41,93.94,328.11999999999995,924.0,1,1,1.0
1315,1,481.78,93.89,327.38,924.0,1,1,1.0
1316,1,481.69,94.36,327.36999999999995,922.5,1,1,1.0
1317,1,481.22,94.45,327.37,924.0,1,1,1.0
1318,1,481.03,94.97,328.31000000000006,922.5,1,1,1.0
1319,1,481.22,94.27,328.12,924.0,1,1,1.0
1320,1,481.31,94.22,328.69,924.0,1,1,1.0
1321,1,481.31,94.22,327.74999999999994,924.0,1,1,1.0
1322,1,481.5,93.98,328.30999999999995,924.0,1,1,1.0
1323,1,481.5,94.22,328.69000000000005,924.0,1,1,1.0
1324,1,481.41,94.12,328.68,924.0,1,1,1.0
1325,1,481.31,94.22,329.06,924.0,1,1,1.0
1326,1,481.59,93.94,328.32,924.0,1,1,1.0
1327,1,481.59,94.97,328.69,922.5,1,1,1.0
1328,1,481.59,94.27,328.32,924.0,1,1,1.0
1329,1,480.84,94.41,329.63000000000005,924.0,1,1,1.0
1330,1,480.56,94.45,329.99999999999994,924.0,1,1,1.0
1331,1,480.38,94.55,330.0,924.0,1,1,1.0
1332,1,480.38,94.45,330.17999999999995,924.0,1,1,1.0
1333,1,481.03,95.44,328.69000000000005,922.5,1,1,1.0
1334,1,481.12,94.41,329.07000000000005,924.0,1,1,1.0
1335,1,481.22,94.78,328.30999999999995,922.5,1,1,1.0
1336,1,480.66,94.64,328.68,922.5,1,1,1.0
1337,1,480.66,94.97,328.11999999999995,922.5,1,1,1.0
1338,1,481.22,94.36,327.75,924.0,1,1,1.0
1339,1,481.88,94.41,327.37,924.0,1,1,1.0
1340,1,481.78,94.27,327.38,924.0,1,1,1.0
1341,1,481.78,94.55,326.81000000000006,924.0,1,1,1.0
1342,1,481.78,94.36,327.38,924.0,1,1,1.0
1343,1,480.94,94.36,328.31,924.0,1,1,1.0
1344,1,481.22,94.97,328.12,922.5,1,1,1.0
1345,1,481.5,94.5,328.30999999999995,922.5,1,1,1.0
1346,1,481.5,94.88,327.75,922.5,1,1,1.0
1347,1,481.31,94.73,328.13000000000005,922.5,1,1,1.0
1348,1,482.25,94.97,326.25,922.5,1,1,1.0
1349,1,484.22,94.92,324.0,922.5,1,1,1.0
1350,1,484.97,94.88,323.43999999999994,922.5,1,1,1.0
1351,1,486.56,94.45,321.94,924.0,1,1,1.0
1352,1,485.62,94.45,322.5,924.0,1,1,1.0
1353,1,485.62,94.55,322.5,924.0,1,1,1.0
1354,1,486.47,95.02,322.30999999999995,922.5,1,1,1.0
1355,1,486.47,95.02,322.30999999999995,922.5,1,1,1.0
1356,1,485.81,94.97,323.06,922.5,1,1,1.0
1357,1,486.09,94.97,323.07,922.5,1,1,1.0
1358,1,485.91,94.88,323.43,922.5,1,1,1.0
1359,1,484.78,94.69,325.31000000000006,922.5,1,1,1.0
1360,1,485.25,94.36,323.80999999999995,924.0,1,1,1.0
1361,1,484.5,94.55,324.38,924.0,1,1,1.0
1362,1,484.59,94.55,324.00000000000006,924.0,1,1,1.0
1363,1,483.56,95.11,325.31,922.5,1,1,1.0
1364,1,484.03,94.97,324.38,922.5,1,1,1.0
1365,1,483.66,95.34,324.36999999999995,922.5,1,1,1.0
1366,1,483.94,94.59,324.36999999999995,924.0,1,1,1.0
1367,1,484.12,94.97,324.0,922.5,1,1,1.0
1368,1,484.03,94.97,325.31000000000006,922.5,1,1,1.0
1369,1,483.47,94.92,325.30999999999995,922.5,1,1,1.0
1370,1,483.47,94.78,325.87,922.5,1,1,1.0
1371,1,483.66,95.11,325.49999999999994,922.5,1,1,1.0
1372,1,484.78,95.3,324.0,922.5,1,1,1.0
1373,1,484.69,95.48,324.00000000000006,922.5,1,1,1.0
1374,1,484.12,95.11,325.32000000000005,922.5,1,1,1.0
1375,1,484.41,95.11,324.36999999999995,922.5,1,1,1.0
1376,1,485.16,95.34,323.43,922.5,1,1,1.0
1377,1,484.88,95.02,323.42999999999995,922.5,1,1,1.0
1378,1,485.06,95.11,323.99999999999994,922.5,1,1,1.0
1379,1,485.25,94.83,323.80999999999995,922.5,1,1,1.0
1380,1,485.25,94.69,323.44000000000005,922.5,1,1,1.0
1381,1,486.56,94.55,322.31,922.5,1,1,1.0
1382,1,488.44,94.88,319.69,922.5,1,1,1.0
1383,1,489.84,94.12,318.00000000000006,924.0,1,1,1.0
1384,1,491.16,94.55,317.24999999999994,922.5,1,1,1.0
1385,1,496.97,94.03,311.25,924.0,1,1,1.0
1386,1,502.78,93.52,305.44000000000005,924.0,1,1,1.0
1387,1,502.22,93.33,306.55999999999995,924.0,1,1,1.0
1388,1,507.66,92.91,302.06,924.0,1,1,1.0
1389,1,519.49,92.62,294.0,924.0,1,1,1.0
1390,1,524.02,92.72,290.06000000000006,924.0,1,1,1.0
1391,1,536.62,93.14,278.26,924.0,1,1,1.0
1392,1,554.67,92.91,260.25,924.0,1,1,1.0
1393,1,564.0,93.14,251.80999999999995,924.0,1,1,1.0
1394,1,571.31,92.06,244.1300000000001,926.25,1,1,1.0
1395,1,567.23,92.34,248.43999999999994,926.25,1,1,1.0
1396,1,566.91,92.16,248.06000000000006,929.25,1,1,1.0
1397,1,567.19,92.11,248.43999999999994,931.5,1,1,1.0
1398,1,566.02,92.95,249.93000000000006,933.0,1,1,1.0
1399,1,565.12,93.56,251.07000000000005,933.0,1,1,1.0
1400,1,564.94,93.7,251.25,933.0,1,1,1.0
1401,1,565.73,94.45,250.13,931.5,1,1,1.0
1402,1,564.23,95.02,251.63,931.5,1,1,1.0
1403,1,564.05,95.39,251.62,931.5000000000001,1,1,1.0
1404,1,564.7,96.61,250.13,929.2499999999999,1,1,1.0
1405,1,564.84,96.8,249.56999999999994,929.25,1,1,1.0
1406,1,565.03,97.27,249.0,929.25,1,1,1.0
1407,1,564.7,98.2,249.0,927.75,1,1,1.0
1408,1,564.94,98.11,249.3699999999999,927.7499999999999,1,1,1.0
1409,1,564.52,99.28,250.12,926.25,1,1,1.0
1410,1,563.95,99.66,251.06999999999994,926.2500000000001,1,1,1.0
1411,1,563.86,100.27,251.62,926.25,1,1,1.0
1412,1,563.34,101.72,251.81999999999994,924.0,1,1,1.0
1413,1,562.64,101.91,252.38,924.0000000000001,1,1,1.0
1414,1,562.27,101.95,252.93000000000006,924.0,1,1,1.0
1415,1,561.56,102.56,252.94000000000005,922.5,1,1,1.0
1416,1,561.28,102.14,253.13,924.0000000000001,1,1,1.0
1417,1,560.53,102.89,253.88,922.5000000000001,1,1,1.0
1418,1,560.2,102.84,254.05999999999995,922.4999999999999,1,1,1.0
1419,1,560.02,103.36,253.87,922.4999999999999,1,1,1.0
1420,1,559.45,103.41,254.63,922.5000000000001,1,1,1.0
1421,1,559.31,103.45,254.6300000000001,922.5,1,1,1.0
1422,1,558.75,104.39,255.19000000000005,921.0000000000001,1,1,1.0
1423,1,558.42,104.53,255.38,921.0,1,1,1.0
1424,1,557.81,104.72,255.3800000000001,921.0,1,1,1.0
1425,1,556.41,104.44,256.87,921.0,1,1,1.0
1426,1,554.11,104.39,260.25,921.0000000000001,1,1,1.0
1427,1,551.48,104.3,263.81999999999994,921.0,1,1,1.0
1428,1,549.47,104.39,267.55999999999995,921.0000000000001,1,1,1.0
1429,1,548.2,103.64,271.31999999999994,921.0000000000001,1,1,1.0
1430,1,545.81,103.5,275.6300000000001,921.0,1,1,1.0
1431,1,544.45,102.47,279.38,922.5,1,1,1.0
1432,1,543.23,102.14,281.63,922.5000000000001,1,1,1.0
1433,1,542.48,101.16,285.18999999999994,922.5,1,1,1.0
1434,1,541.92,100.12,288.38,923.9999999999999,1,1,1.0
1435,1,542.58,99.8,291.37,924.0,1,1,1.0
1436,1,543.75,98.62,293.80999999999995,926.2600000000001,1,1,1.0
1437,1,545.39,97.83,296.63,927.7499999999999,1,1,1.0
1438,1,547.5,96.38,299.05999999999995,929.2399999999999,1,1,1.0
1439,1,550.83,94.36,300.0,929.25,1,1,1.0
1440,1,552.98,92.44,302.43999999999994,929.25,1,1,1.0
1441,1,555.33,90.84,302.80999999999995,929.25,1,1,1.0
1442,1,557.3,89.67,303.94000000000005,915.0,1,1,1.0
1443,1,558.89,92.16,305.63,879.75,1,1,1.0
1444,1,561.47,90.38,304.87,879.0,1,1,1.0
1445,1,564.42,89.34,302.06000000000006,877.5,1,1,1.0
1446,1,566.58,88.12,300.0,877.5,1,1,1.0
1447,1,568.17,87.09,298.31000000000006,879.0,1,1,1.0
1448,1,570.56,85.97,296.6300000000001,878.25,1,1,1.0
1449,1,571.41,85.41,296.25,879.75,1,1,1.0
1450,1,576.56,84.28,292.5,881.25,1,1,1.0
1451,1,585.94,84.66,284.05999999999995,879.75,1,1,1.0
1452,1,587.53,84.66,283.13,879.75,1,1,1.0
1453,1,587.81,83.53,284.25,881.25,1,1,1.0
1454,1,588.66,83.25,284.25,881.25,1,1,1.0
1455,1,590.81,82.97,283.1300000000001,881.25,1,1,1.0
1456,1,594.28,81.38,280.5,882.74,1,1,1.0
1457,1,598.59,79.41,276.0,884.25,1,1,1.0
1458,1,602.53,75.75,271.88,874.5,1,1,1.0
1459,1,604.88,70.69,269.81000000000006,840.0,1,1,1.0
1460,1,607.97,64.83,268.12,840.75,1,1,1.0
1461,1,609.94,60.28,269.25,825.75,1,1,1.0
1462,1,613.69,57.98,268.68999999999994,804.0,1,1,1.0
1463,1,616.59,54.47,269.81999999999994,769.5,1,1,1.0
1464,1,617.06,49.41,274.1300000000001,762.37,1,1,1.0
1465,1,618.47,48.56,276.18999999999994,759.3800000000001,1,1,1.0
1466,1,623.06,46.78,276.0,763.13,1,1,1.0
1467,1,625.8,47.16,276.0,764.25,1,1,1.0
1468,1,627.26,46.69,276.19000000000005,765.0,1,1,1.0
1469,1,629.16,46.22,276.0,765.0,1,1,1.0
1470,1,630.84,46.22,273.38,760.87,1,1,1.0
1471,1,634.69,46.31,270.3699999999999,760.8800000000001,1,1,1.0
1472,1,639.19,47.06,267.55999999999995,760.1300000000001,1,1,1.0
1473,1,642.7,46.31,268.68999999999994,760.1300000000001,1,1,1.0
1474,1,647.16,46.03,265.87,762.0,1,1,1.0
1475,1,651.19,43.22,262.5,759.37,1,1,1.0
1476,1,656.34,39.47,258.18999999999994,752.62,1,1,1.0
1477,1,661.31,32.53,252.19000000000005,727.5,1,1,1.0
1478,1,667.03,29.16,245.44000000000005,706.87,1,1,1.0
1479,1,670.41,27.42,240.56000000000006,687.0,1,1,1.0
1480,1,673.17,25.5,235.69000000000005,675.75,1,1,1.0
1481,1,676.27,22.55,230.06000000000006,668.25,1,1,1.0
1482,1,679.88,20.3,224.81000000000006,669.75,1,1,1.0
1483,1,682.31,17.48,220.31000000000006,672.38,1,1,1.0
1484,1,684.89,17.2,215.63,671.63,1,1,1.0
1485,1,686.95,15.38,213.0,673.87,1,1,1.0
1486,1,688.45,14.67,210.75,674.63,1,1,1.0
1487,1,690.42,15.05,208.5,672.75,1,1,1.0
1488,1,690.09,15.23,207.93999999999994,672.38,1,1,1.0
1489,1,690.75,15.52,206.25,672.75,1,1,1.0
1490,1,690.23,14.72,205.31999999999994,670.5,1,1,1.0
1491,1,689.53,14.81,204.19000000000005,669.75,1,1,1.0
1492,1,689.67,14.6,200.81000000000006,664.5,1,1,1.0
1493,1,688.92,12.45,197.63,655.5,1,1,1.0
1494,1,687.61,10.41,198.0,641.62,1,1,1.0
1495,1,687.38,7.69,196.5,637.5,1,1,1.0
1496,1,685.78,7.22,197.44000000000005,619.12,1,1,1.0
1497,1,685.31,5.91,199.31000000000006,601.12,1,1,1.0
1498,1,684.56,3.75,203.06000000000006,596.25,1,1,1.0
1499,1,684.0,2.16,205.88,593.62,1,1,1.0
1500,1,685.88,1.27,206.42999999999995,591.75,1,1,1.0
1501,1,686.11,1.17,206.80999999999995,593.63,1,1,1.0
1502,1,686.02,1.41,206.25,593.62,1,1,1.0
1503,1,686.95,2.44,204.75,591.75,1,1,1.0
1504,1,687.42,2.11,202.69000000000005,593.62,1,1,1.0
1505,1,687.09,0.38,201.93999999999994,595.12,1,1,1.0
1506,1,686.81,0.56,200.25,594.75,1,1,1.0
1507,1,686.34,0.61,198.56999999999994,592.5,1,1,1.0
1508,1,687.05,2.11,196.31000000000006,590.25,1,1,1.0
1509,1,686.81,0.09,194.81000000000006,593.63,1,1,1.0
1510,1,685.78,-0.42,192.75,594.0,1,1,1.0
1511,1,688.06,-0.52,191.24,590.63,1,1,1.0
1512,1,687.75,-0.33,189.37,578.25,1,1,1.0
1513,1,687.61,0.19,186.37,568.8699999999999,1,1,1.0
1514,1,687.07,-1.12,185.33999999999992,563.24,1,1,1.0
1515,1,686.11,-0.14,184.5,543.0,1,1,1.0
1516,1,684.75,0.59,184.87,533.62,1,1,1.0
1517,1,683.62,-0.02,184.68999999999994,532.87,1,1,1.0
1518,1,683.51,-0.05,183.09000000000003,532.5,1,1,1.0
1519,1,682.01,0.21,183.75,530.25,1,1,1.0
1520,1,681.84,0.23,183.38,529.13,1,1,1.0
1521,1,681.66,1.01,183.93000000000006,528.37,1,1,1.0
1522,1,680.84,-0.26,185.05999999999995,529.5,1,1,1.0
1523,1,680.34,0.47,185.35000000000002,529.12,1,1,1.0
1524,1,678.28,1.22,186.94000000000005,528.37,1,1,1.0
1525,1,676.34,0.21,188.25,528.0,1,1,1.0
1526,1,675.73,1.38,188.05999999999995,527.25,1,1,1.0
1527,1,675.07,1.22,188.63,526.5,1,1,1.0
1528,1,674.27,0.73,189.85000000000002,527.25,1,1,1.0
1529,1,672.98,1.85,191.25,526.5,1,1,1.0
1530,1,673.83,1.03,189.27999999999997,523.88,1,1,1.0
1531,1,675.59,2.79,186.75,512.25,1,1,1.0
1532,1,677.91,1.55,182.81000000000006,508.87,1,1,1.0
1533,1,682.06,3.75,176.43000000000006,493.13,1,1,1.0
1534,1,685.71,3.7,169.5,480.75,1,1,1.0
1535,1,689.7,3.19,163.12,475.87,1,1,1.0
1536,1,694.41,3.56,155.62,474.0,1,1,1.0
1537,1,698.56,2.95,150.18000000000006,472.13,1,1,1.0
1538,1,701.91,3.8,145.39999999999998,471.75,1,1,1.0
1539,1,707.46,3.7,142.13,471.75,1,1,1.0
1540,1,712.29,3.47,143.34000000000003,474.0,1,1,1.0
1541,1,716.34,2.91,151.40999999999997,473.61999999999995,1,1,1.0
1542,1,722.3,3.23,156.47000000000003,474.0,1,1,1.0
1543,1,726.84,2.88,157.9699999999999,475.13,1,1,1.0
1544,1,731.58,3.26,153.4699999999999,473.62,1,1,1.0
1545,1,736.36,1.24,149.05999999999995,476.25,1,1,1.0
1546,1,740.34,1.24,144.4699999999999,473.63,1,1,1.0
1547,2,1024.78,6.94,121.30999999999995,437.25,1,1,1.0
1547,1,743.81,1.95,140.91000000000008,469.5,1,1,1.0
1548,2,1020.73,6.07,116.25,438.0,1,1,1.0
1548,1,745.08,3.7,140.14999999999998,457.13,1,1,1.0
1549,2,1015.36,4.34,110.43999999999994,439.5,1,1,1.0
1549,1,748.59,3.96,138.0,450.0,1,1,1.0
1550,2,1009.62,3.87,111.28000000000009,438.37,1,1,1.0
1550,1,752.62,1.57,138.85000000000002,440.63,1,1,1.0
1551,2,1001.72,4.55,115.30999999999995,438.0,1,1,1.0
1551,1,759.12,2.88,139.22000000000003,432.38,1,1,1.0
1552,2,993.47,3.66,125.80999999999995,436.5,1,1,1.0
1552,1,766.34,2.41,136.5,432.38,1,1,1.0
1553,2,986.72,3.0,127.11999999999989,436.5,1,1,1.0
1553,1,776.39,0.02,136.31000000000006,434.25,1,1,1.0
1554,2,977.56,2.72,134.71000000000004,440.25,1,1,1.0
1554,1,791.34,1.12,130.88,430.88,1,1,1.0
1555,2,950.95,5.86,157.97000000000003,436.5,1,1,1.0
1555,1,799.45,2.06,131.52999999999997,430.88,1,1,1.0
1556,2,925.97,3.52,183.55999999999995,442.5,1,1,1.0
1556,1,806.79,0.94,135.56000000000006,430.87,1,1,1.0
1557,2,913.03,3.84,189.94000000000005,445.88000000000005,1,1,1.0
1557,1,811.36,0.73,139.22000000000003,430.87,1,1,1.0
1558,2,901.92,0.59,197.43999999999994,453.0,1,1,1.0
1558,1,815.39,2.44,143.34000000000003,427.87,1,1,1.0
1559,2,893.91,-1.31,203.2500000000001,461.62,1,1,1.0
1559,1,816.7,3.07,147.55999999999995,429.0,1,1,1.0
1560,2,891.8,-1.57,201.94000000000005,466.5,1,1,1.0
1560,1,817.55,0.73,150.19000000000005,432.0,1,1,1.0
1561,2,892.5,-1.57,194.80999999999995,472.5,1,1,1.0
1561,1,817.41,1.36,144.18000000000006,431.62,1,1,1.0
1562,2,888.0,-0.54,192.3800000000001,475.13,1,1,1.0
1562,1,818.23,0.35,137.34000000000003,430.88,1,1,1.0
1563,2,886.78,-0.26,189.10000000000014,476.25,1,1,1.0
1563,1,817.8,3.54,138.85000000000002,425.62,1,1,1.0
1564,2,886.12,-2.09,185.82000000000005,478.13,1,1,1.0
1564,1,820.78,4.41,135.75,421.86999999999995,1,1,1.0
1565,2,882.61,2.25,187.9699999999999,474.0,1,1,1.0
1566,2,886.69,2.27,177.3699999999999,473.63,1,1,1.0
1567,2,884.09,3.66,169.87,471.75,1,1,1.0
1568,2,875.72,3.98,168.75,472.13,1,1,1.0
1569,2,865.41,5.77,166.67999999999995,471.0,1,1,1.0
1570,2,857.25,5.34,166.13,468.38000000000005,1,1,1.0
1571,2,851.62,4.9,168.0,470.62,1,1,1.0
1572,2,845.16,1.24,183.0000000000001,480.75,1,1,1.0
1573,2,838.55,0.66,181.22000000000003,486.0,1,1,1.0
1574,2,833.58,3.16,177.64999999999998,473.63,1,1,1.0
1575,2,826.88,2.48,175.5,475.13,1,1,1.0
1575,1,949.03,-0.94,147.55999999999995,408.38,1,1,1.0
1576,2,821.62,2.02,174.57000000000005,526.5,1,1,1.0
1576,1,945.4,-0.52,168.64999999999998,401.63,1,1,1.0
1577,2,818.11,3.38,178.02999999999997,531.0,1,1,1.0
1577,1,943.38,0.0,183.57000000000005,399.38,1,1,1.0
1578,2,813.05,4.52,178.0300000000001,531.38,1,1,1.0
1578,1,940.1,-2.02,190.68999999999994,401.25,1,1,1.0
1579,2,809.58,3.0,180.75,539.62,1,1,1.0
1579,1,940.45,-2.67,191.80999999999995,403.5,1,1,1.0
1580,2,806.91,2.77,181.87,543.75,1,1,1.0
1580,1,943.01,-0.84,185.80999999999995,403.11999999999995,1,1,1.0
1581,2,804.84,3.38,181.31999999999994,543.74,1,1,1.0
1581,1,945.05,3.42,184.97000000000003,395.25,1,1,1.0
1582,2,802.45,1.88,181.9699999999999,546.74,1,1,1.0
1582,1,953.2,3.66,177.65999999999985,397.11999999999995,1,1,1.0
1583,2,798.94,1.59,184.68999999999994,547.13,1,1,1.0
1583,1,973.27,2.91,151.77999999999997,397.11999999999995,1,1,1.0
1584,2,795.66,1.71,186.93000000000006,546.75,1,1,1.0
1584,1,989.53,4.78,137.80999999999995,395.25,1,1,1.0
1585,2,793.08,2.34,188.25,546.75,1,1,1.0
1585,1,1004.58,7.38,129.65999999999997,398.25,1,1,1.0
1586,2,790.17,3.35,190.13,545.25,1,1,1.0
1586,1,1023.89,10.76,113.25000000000011,388.5,1,1,1.0
1587,2,787.83,4.57,190.39999999999998,541.88,1,1,1.0
1588,2,785.6,5.27,190.40999999999997,540.75,1,1,1.0
1589,2,783.89,5.02,189.84000000000003,543.0,1,1,1.0
1590,2,782.27,2.3,188.25,552.0,1,1,1.0
1591,2,779.51,2.72,188.25,565.12,1,1,1.0
1592,2,775.31,1.59,189.94000000000005,582.0,1,1,1.0
1593,2,772.31,1.17,190.1300000000001,594.0,1,1,1.0
1594,2,767.67,0.56,192.75,603.0,1,1,1.0
1595,2,762.26,0.38,196.31000000000006,613.5,1,1,1.0
1596,2,758.62,0.94,197.43999999999994,623.6199999999999,1,1,1.0
1597,2,753.49,1.59,199.88,627.38,1,1,1.0
1598,2,747.96,0.56,202.13,627.75,1,1,1.0
1599,2,741.38,0.38,202.67999999999995,627.74,1,1,1.0
1600,2,735.94,-0.47,205.8699999999999,627.75,1,1,1.0
1601,2,731.34,-0.19,208.68999999999994,627.3800000000001,1,1,1.0
1602,2,725.91,0.47,212.06000000000006,625.5,1,1,1.0
1603,2,721.31,-0.47,215.06000000000006,625.13,1,1,1.0
1604,2,717.09,-0.66,216.93999999999994,619.88,1,1,1.0
1605,2,713.44,-1.31,217.8699999999999,621.0,1,1,1.0
1606,2,709.69,-1.97,219.55999999999995,628.88,1,1,1.0
1607,2,707.39,2.91,216.94000000000005,641.62,1,1,1.0
1608,2,703.92,2.27,217.88,664.5,1,1,1.0
1609,2,701.06,2.77,218.44000000000005,682.87,1,1,1.0
1610,2,696.61,1.12,222.93999999999994,702.38,1,1,1.0
1611,2,695.39,4.55,221.44000000000005,702.37,1,1,1.0
1612,2,694.03,8.58,222.38,714.0,1,1,1.0
1613,2,692.06,12.05,225.0,717.0,1,1,1.0
1614,2,688.83,13.73,228.93999999999994,717.75,1,1,1.0
1615,2,687.52,14.16,230.62,717.75,1,1,1.0
1616,2,684.89,13.73,233.63,718.88,1,1,1.0
1617,2,683.06,13.69,236.06000000000006,718.8699999999999,1,1,1.0
1618,2,680.81,12.33,238.5,721.87,1,1,1.0
1619,2,679.03,11.77,239.06000000000006,722.62,1,1,1.0
1620,2,678.09,13.55,238.68999999999994,720.75,1,1,1.0
1621,2,676.5,12.56,239.25,721.8800000000001,1,1,1.0
1622,2,676.27,17.11,237.56000000000006,714.75,1,1,1.0
1623,2,674.16,18.05,238.68000000000006,717.0,1,1,1.0
1624,2,671.86,21.8,240.37,736.87,1,1,1.0
1625,2,667.45,26.62,241.5,752.63,1,1,1.0
1626,2,660.14,27.94,246.94000000000005,775.5,1,1,1.0
1627,2,652.45,31.59,251.80999999999995,780.75,1,1,1.0
1628,2,644.3,35.53,255.18000000000006,791.25,1,1,1.0
1629,2,631.78,40.97,259.13,794.25,1,1,1.0
1630,2,625.97,46.17,256.87,797.25,1,1,1.0
1631,2,618.19,47.16,259.1199999999999,796.5,1,1,1.0
1632,2,609.66,49.03,259.68000000000006,795.75,1,1,1.0
1633,2,599.91,49.83,262.68000000000006,792.75,1,1,1.0
1634,2,592.41,49.97,266.06000000000006,791.25,1,1,1.0
1635,2,587.06,48.66,270.3800000000001,793.5,1,1,1.0
1636,2,580.83,46.22,276.93999999999994,797.25,1,1,1.0
1637,2,576.0,43.8,281.44000000000005,799.5,1,1,1.0
1638,2,571.17,41.16,285.19000000000005,807.0,1,1,1.0
1639,2,568.12,40.64,282.0,838.5,1,1,1.0
1640,2,564.23,39.7,274.68999999999994,874.5,1,1,1.0
1641,2,562.22,40.59,259.68999999999994,908.25,1,1,1.0
1642,2,564.09,39.56,246.0,927.75,1,1,1.0
1643,2,565.31,40.59,233.81000000000006,942.0,1,1,1.0
1644,2,563.2,40.12,229.5,939.76,1,1,1.0
1645,2,564.19,40.03,227.05999999999995,953.25,1,1,1.0
1646,2,563.3,42.75,227.06000000000006,962.25,1,1,1.0
1647,2,561.66,44.81,228.0,963.75,1,1,1.0
1648,2,559.41,48.75,229.87,960.0,1,1,1.0
1649,2,557.44,51.38,234.75,960.0,1,1,1.0
1650,2,558.98,51.0,232.5,962.25,1,1,1.0
1651,2,551.81,50.53,237.19000000000005,963.75,1,1,1.0
1652,2,544.69,50.91,244.30999999999995,963.75,1,1,1.0
1653,2,525.0,49.88,268.69000000000005,967.5,1,1,1.0
1654,2,525.66,50.81,272.62,965.25,1,1,1.0
1655,2,518.25,52.59,287.25,963.75,1,1,1.0
1656,2,511.59,54.28,297.94,962.25,1,1,1.0
1657,2,505.97,55.69,307.68999999999994,960.0,1,1,1.0
1658,2,500.62,56.62,318.0,958.5,1,1,1.0
1659,2,493.03,58.43,329.63,958.5,1,1,1.0
1660,2,484.5,60.75,340.30999999999995,954.75,1,1,1.0
1661,2,476.91,62.74,351.36999999999995,951.75,1,1,1.0
1662,2,468.09,67.78,364.13000000000005,960.0,1,1,1.0
1663,2,458.06,71.72,377.99999999999994,989.25,1,1,1.0
1664,2,444.0,73.45,392.25,1001.25,1,1,1.0
1665,2,432.38,74.25,400.5,1001.25,1,1,1.0
1666,2,418.5,78.19,408.38,991.5,1,1,1.0
1667,2,410.06,80.06,413.24999999999994,991.5,1,1,1.0
1668,2,401.91,81.84,414.36999999999995,991.4999999999999,1,1,1.0
1669,2,401.77,82.64,400.87,991.5000000000001,1,1,1.0
1670,2,404.72,83.48,379.12,991.5,1,1,1.0
1671,2,408.94,83.81,354.56,991.5,1,1,1.0
1672,2,418.31,85.55,347.99999999999994,989.25,1,1,1.0
1673,2,429.0,87.47,348.0,986.25,1,1,1.0
1674,2,437.44,89.91,348.00000000000006,982.5000000000001,1,1,1.0
1675,2,447.28,92.62,344.63,978.7600000000001,1,1,1.0
1676,2,456.0,94.83,336.19000000000005,974.9999999999999,1,1,1.0
1677,2,463.69,92.86,326.25000000000006,977.2499999999999,1,1,1.0
1678,2,469.59,89.77,314.82,980.25,1,1,1.0
1679,2,475.31,86.3,308.99999999999994,984.0,1,1,1.0
1680,2,479.91,85.31,308.99999999999994,984.0,1,1,1.0
1681,2,483.94,85.17,312.94,984.0000000000001,1,1,1.0
1682,2,488.72,84.89,312.75,984.0000000000001,1,1,1.0
1683,2,493.5,84.98,311.25,984.0,1,1,1.0
1684,2,499.03,85.78,306.94000000000005,984.0,1,1,1.0
1685,2,505.03,85.55,298.31000000000006,984.0,1,1,1.0
1686,2,514.88,83.39,283.12,986.2500000000001,1,1,1.0
1687,2,523.2,81.33,275.24,987.7499999999999,1,1,1.0
1688,2,529.31,77.81,269.6300000000001,991.5,1,1,1.0
1689,2,531.07,76.31,268.68999999999994,991.5,1,1,1.0
1690,2,533.62,73.31,267.57000000000005,995.25,1,1,1.0
1691,2,535.03,71.67,265.88,995.2500000000001,1,1,1.0
1692,2,536.86,70.36,263.80999999999995,997.4999999999999,1,1,1.0
1693,2,543.89,69.0,255.94000000000005,997.5,1,1,1.0
1694,2,551.81,70.22,247.1300000000001,995.25,1,1,1.0
1695,2,558.61,73.22,239.25,993.0,1,1,1.0
1696,2,568.73,73.88,228.93999999999994,991.5000000000001,1,1,1.0
1697,2,575.86,72.42,228.0,993.0000000000001,1,1,1.0
1698,2,581.39,67.92,235.5,999.0000000000001,1,1,1.0
1699,2,583.55,68.34,240.56000000000006,995.2499999999999,1,1,1.0
1700,2,588.38,64.41,245.24,1002.7500000000001,1,1,1.0
1701,2,593.2,62.16,246.93999999999994,999.0000000000001,1,1,1.0
1702,2,598.22,60.0,247.68999999999994,999.0,1,1,1.0
1703,2,602.44,59.81,253.8699999999999,993.0,1,1,1.0
1704,2,609.0,58.5,275.05999999999995,989.25,1,1,1.0
1705,2,613.31,58.27,275.06000000000006,978.75,1,1,1.0
1706,2,618.09,58.5,269.63,972.75,1,1,1.0
1707,2,622.22,58.41,265.30999999999995,965.25,1,1,1.0
1708,2,626.06,59.25,260.25,965.25,1,1,1.0
1709,2,630.47,59.81,255.18999999999994,963.75,1,1,1.0
1710,2,631.41,60.47,254.06000000000006,963.75,1,1,1.0
1711,2,628.59,59.25,259.88,965.25,1,1,1.0
1712,2,623.44,57.8,264.3699999999999,967.5,1,1,1.0
1713,2,616.41,58.03,271.68000000000006,962.25,1,1,1.0
1714,2,611.53,58.03,282.94000000000005,965.25,1,1,1.0
1715,2,604.88,60.84,299.42999999999995,963.7499999999999,1,1,1.0
1716,2,598.69,63.23,318.0,962.25,1,1,1.0
1717,2,595.5,65.48,330.19000000000005,958.5,1,1,1.0
1718,2,594.09,68.72,337.5,954.75,1,1,1.0
1719,2,593.06,70.45,345.0,953.25,1,1,1.0
1720,2,593.16,72.84,348.56000000000006,951.7499999999999,1,1,1.0
1721,2,593.48,73.69,350.81999999999994,951.75,1,1,1.0
1722,2,593.67,75.05,352.13,949.5,1,1,1.0
1723,2,592.69,75.52,353.05999999999995,949.5,1,1,1.0
1724,2,592.17,74.58,352.69000000000005,951.7499999999999,1,1,1.0
1725,2,589.12,75.84,355.88,949.4999999999999,1,1,1.0
1726,2,584.34,75.7,359.43999999999994,948.0,1,1,1.0
1727,2,582.75,77.06,360.0,948.0,1,1,1.0
1728,2,580.22,80.16,361.12,944.2500000000001,1,1,1.0
1729,2,577.97,85.41,361.87,939.7500000000001,1,1,1.0
1730,2,574.69,89.58,363.3699999999999,936.7499999999999,1,1,1.0
1731,2,570.09,94.31,366.93999999999994,931.5,1,1,1.0
1732,2,567.84,100.73,367.68999999999994,924.0,1,1,1.0
1733,2,567.38,106.73,366.92999999999995,917.25,1,1,1.0
1734,2,568.69,110.11,363.75,913.5,1,1,1.0
1735,2,570.0,111.7,361.12,912.0,1,1,1.0
1736,2,572.16,113.02,356.62,909.75,1,1,1.0
1737,2,572.16,111.84,354.37,912.0,1,1,1.0
1738,2,571.12,111.52,353.07000000000005,912.0,1,1,1.0
1739,2,568.78,110.39,353.06000000000006,913.5,1,1,1.0
1740,2,566.25,109.17,353.05999999999995,915.0000000000001,1,1,1.0
1741,2,564.0,108.94,352.69000000000005,915.0,1,1,1.0
1742,2,562.31,107.44,351.75,917.25,1,1,1.0
1743,2,560.62,107.77,350.43999999999994,917.25,1,1,1.0
1744,2,558.94,106.45,348.55999999999995,918.75,1,1,1.0
1745,2,556.12,106.08,347.26,918.7499999999999,1,1,1.0
1746,2,552.28,105.38,345.94000000000005,921.0000000000001,1,1,1.0
1747,2,546.7,103.92,345.93999999999994,922.5000000000001,1,1,1.0
1748,2,541.92,103.59,345.38,922.4999999999999,1,1,1.0
1749,2,537.19,102.42,345.3699999999999,924.0000000000001,1,1,1.0
1750,2,530.48,99.38,349.5,927.7399999999999,1,1,1.0
1751,2,521.62,97.97,358.88,931.5,1,1,1.0
1752,2,515.77,96.14,366.0,931.5000000000001,1,1,1.0
1753,2,509.34,95.67,373.88000000000005,929.2500000000001,1,1,1.0
1754,2,501.8,96.05,382.68,929.25,1,1,1.0
1755,2,494.62,94.69,389.63,917.25,1,1,1.0
1756,2,488.62,92.81,397.5,907.5,1,1,1.0
1757,2,483.75,91.5,399.37,904.5,1,1,1.0
1758,2,478.12,91.88,403.13,893.24,1,1,1.0
1759,2,473.06,90.75,405.38000000000005,885.75,1,1,1.0
1760,2,469.12,90.94,408.0,880.5,1,1,1.0
1761,2,467.16,89.62,407.61999999999995,873.76,1,1,1.0
1762,2,466.03,90.56,406.88,868.5,1,1,1.0
1763,2,465.56,90.94,407.63000000000005,864.75,1,1,1.0
1764,2,464.91,89.81,403.86999999999995,863.25,1,1,1.0
1765,2,465.0,90.0,399.0,862.5,1,1,1.0
1766,2,464.91,90.0,397.49999999999994,862.5,1,1,1.0
1767,2,464.62,90.0,399.0,862.5,1,1,1.0
1768,2,465.09,89.25,399.00000000000006,863.25,1,1,1.0
1769,2,464.91,87.56,398.24999999999994,867.0,1,1,1.0
1770,2,465.28,85.88,398.25,868.5,1,1,1.0
1771,2,465.19,85.88,398.25000000000006,868.5,1,1,1.0
1772,2,465.09,86.44,399.38000000000005,867.0,1,1,1.0
1773,2,465.0,86.81,398.25,867.0,1,1,1.0
1774,2,465.66,88.12,397.49999999999994,864.76,1,1,1.0
1775,2,465.66,88.69,397.49999999999994,864.75,1,1,1.0
1776,2,466.12,89.44,396.0,863.25,1,1,1.0
1777,2,466.22,90.38,396.75,863.24,1,1,1.0
1778,2,465.94,90.75,396.75000000000006,863.25,1,1,1.0
1779,2,465.75,90.38,397.5,862.5,1,1,1.0
1780,2,465.28,89.81,396.75,862.5,1,1,1.0
1781,2,465.38,90.0,396.74,863.25,1,1,1.0
1782,2,465.75,89.25,396.75,863.25,1,1,1.0
1783,2,466.03,89.44,398.25,863.25,1,1,1.0
1784,2,467.44,89.81,398.25000000000006,862.5,1,1,1.0
1785,2,468.38,89.44,396.0,864.75,1,1,1.0
1786,2,468.94,89.81,394.86999999999995,864.75,1,1,1.0
1787,2,470.72,90.94,391.87,864.75,1,1,1.0
1788,2,472.5,91.12,393.38,864.76,1,1,1.0
1789,2,475.5,90.94,386.25,865.5,1,1,1.0
1790,2,478.69,90.94,384.75000000000006,867.0,1,1,1.0
1791,2,481.97,89.44,381.55999999999995,873.75,1,1,1.0
1792,2,486.28,89.62,381.56000000000006,874.5,1,1,1.0
1793,2,492.28,88.69,375.19000000000005,887.25,1,1,1.0
1794,2,498.0,88.12,370.5,894.76,1,1,1.0
1795,2,507.7,91.88,357.19,894.74,1,1,1.0
1796,2,513.28,91.31,353.06000000000006,894.0,1,1,1.0
1797,2,519.47,91.97,346.30999999999995,896.25,1,1,1.0
1798,2,527.44,90.47,339.3699999999999,897.75,1,1,1.0
1799,2,535.45,89.25,336.18999999999994,899.25,1,1,1.0
1800,2,543.14,88.78,336.19000000000005,898.5,1,1,1.0
1801,2,552.09,88.03,337.5,898.5,1,1,1.0
1802,2,559.59,87.19,340.5,898.5,1,1,1.0
1803,2,565.22,87.0,342.18999999999994,899.25,1,1,1.0
1804,2,573.94,87.66,342.0,898.5,1,1,1.0
1805,2,580.22,86.53,343.12,899.25,1,1,1.0
1806,2,584.53,86.91,345.0,899.25,1,1,1.0
1807,2,595.03,86.25,342.19000000000005,899.25,1,1,1.0
1808,2,600.98,85.5,345.0,902.25,1,1,1.0
1809,2,607.17,84.38,344.63,904.5,1,1,1.0
1810,2,610.83,84.19,344.62,904.5,1,1,1.0
1811,2,615.19,84.19,341.25,904.5,1,1,1.0
1812,2,618.19,84.66,338.6199999999999,904.5,1,1,1.0
1813,2,620.53,84.47,336.19000000000005,904.5,1,1,1.0
1814,2,623.11,84.66,332.80999999999995,903.0,1,1,1.0
1815,2,624.94,84.19,330.18999999999994,904.5,1,1,1.0
1816,2,628.78,85.41,325.88,903.0,1,1,1.0
1817,2,629.62,84.38,324.38,906.74,1,1,1.0
1818,2,630.09,84.49,323.06999999999994,909.75,1,1,1.0
1819,2,629.81,83.16,321.94000000000005,915.0,1,1,1.0
1820,2,627.98,80.58,322.5,929.25,1,1,1.0
1821,2,626.34,81.05,321.93999999999994,936.75,1,1,1.0
1822,2,625.97,81.89,319.5,948.0000000000001,1,1,1.0
1823,2,624.61,81.14,318.0,954.7500000000001,1,1,1.0
1824,2,622.69,81.05,315.75,960.0,1,1,1.0
1825,2,621.52,80.91,312.75,965.2500000000001,1,1,1.0
1826,2,619.92,80.91,310.5,967.5000000000001,1,1,1.0
1827,2,617.34,80.86,307.68999999999994,972.7499999999999,1,1,1.0
1828,2,614.91,80.91,306.0,972.7500000000001,1,1,1.0
1829,2,610.76,81.23,304.5,971.25,1,1,1.0
1830,2,602.06,81.7,307.69000000000005,972.75,1,1,1.0
1831,2,595.03,83.2,307.69000000000005,972.75,1,1,1.0
1832,2,588.0,86.11,308.44000000000005,972.7499999999999,1,1,1.0
1833,2,579.28,87.94,310.13,971.25,1,1,1.0
1834,2,570.47,92.2,312.0,965.25,1,1,1.0
1835,2,564.94,98.02,310.8699999999999,960.0,1,1,1.0
1836,2,555.66,100.55,314.06000000000006,960.0,1,1,1.0
1837,2,540.8,103.55,326.25,960.0,1,1,1.0
1838,2,525.66,110.11,341.62,953.2499999999999,1,1,1.0
1839,2,511.73,116.44,355.31999999999994,948.0,1,1,1.0
1840,2,499.41,123.19,364.11999999999995,939.75,1,1,1.0
1841,2,484.73,126.28,373.13,936.75,1,1,1.0
1842,2,472.15,129.38,380.06000000000006,933.0000000000001,1,1,1.0
1843,2,462.19,132.09,385.86999999999995,929.2499999999999,1,1,1.0
1844,2,447.75,131.06,394.87,931.5,1,1,1.0
1845,2,440.44,133.78,398.61999999999995,927.75,1,1,1.0
1846,2,434.34,134.81,401.25000000000006,927.75,1,1,1.0
1847,2,429.56,135.47,401.99999999999994,927.75,1,1,1.0
1848,2,427.41,135.0,397.86999999999995,927.75,1,1,1.0
1849,2,424.27,136.31,396.75,926.25,1,1,1.0
1850,2,421.59,137.53,400.50000000000006,924.0,1,1,1.0
1851,2,418.69,137.72,403.50000000000006,924.0,1,1,1.0
1852,2,416.06,137.72,404.99999999999994,924.0,1,1,1.0
1853,2,412.88,137.34,408.74,923.9999999999999,1,1,1.0
1854,2,410.58,135.56,411.37000000000006,926.25,1,1,1.0
1855,2,407.86,135.66,415.5,926.2500000000001,1,1,1.0
1856,2,407.25,135.94,420.75,926.25,1,1,1.0
1857,2,406.17,137.16,424.87999999999994,924.0000000000001,1,1,1.0
1858,2,405.38,138.28,428.24,922.5,1,1,1.0
1859,2,405.61,139.12,426.75,922.4999999999999,1,1,1.0
1860,2,405.56,140.91,424.13000000000005,921.0000000000001,1,1,1.0
1861,2,405.7,141.19,422.63000000000005,921.0,1,1,1.0
1862,2,405.94,142.88,422.61999999999995,918.7399999999999,1,1,1.0
1863,2,405.61,143.06,420.75,918.75,1,1,1.0
1864,2,405.52,142.22,418.5,921.0,1,1,1.0
1865,2,405.23,142.41,418.13,921.0000000000001,1,1,1.0
1866,2,405.66,143.34,416.61999999999995,918.7499999999999,1,1,1.0
1867,2,406.08,142.69,414.37000000000006,921.0,1,1,1.0
1868,2,407.06,142.5,410.24999999999994,921.0,1,1,1.0
1869,2,408.75,141.84,408.37,920.9999999999999,1,1,1.0
1870,2,411.66,141.84,403.86999999999995,920.9999999999999,1,1,1.0
1871,2,414.52,141.84,399.37,920.9999999999999,1,1,1.0
1872,2,417.28,141.0,396.75,921.0,1,1,1.0
1873,2,419.53,139.03,396.75,924.0,1,1,1.0
1874,2,422.72,136.88,392.25,926.2399999999999,1,1,1.0
1875,2,425.77,134.53,390.0,927.75,1,1,1.0
1876,2,428.86,132.28,387.37,929.25,1,1,1.0
1877,2,433.03,129.47,382.31000000000006,931.5,1,1,1.0
1878,2,438.0,127.59,379.12,932.9999999999999,1,1,1.0
1879,2,442.22,125.72,377.25,934.5,1,1,1.0
1880,2,449.06,124.41,371.81,936.7500000000001,1,1,1.0
1881,2,455.62,123.38,367.88,936.7399999999999,1,1,1.0
1882,2,462.75,122.16,363.0,936.7500000000001,1,1,1.0
1883,2,469.03,119.62,362.25,939.7600000000001,1,1,1.0
1884,2,476.41,116.16,357.19,944.2500000000001,1,1,1.0
1885,2,481.92,113.2,352.31,946.5,1,1,1.0
1886,2,487.73,110.25,347.25,949.5,1,1,1.0
1887,2,496.64,103.45,341.63,958.5,1,1,1.0
1888,2,506.67,99.05,338.44,960.0,1,1,1.0
1889,2,514.5,93.66,339.0,965.2500000000001,1,1,1.0
1890,2,524.16,87.8,333.93000000000006,972.75,1,1,1.0
1891,2,535.55,82.41,325.5,971.2500000000001,1,1,1.0
1892,2,545.34,73.88,320.63,953.2399999999999,1,1,1.0
1893,2,552.89,68.25,320.06000000000006,931.5,1,1,1.0
1894,2,561.75,65.34,317.25,908.25,1,1,1.0
1895,2,568.59,63.56,318.0,893.25,1,1,1.0
1896,2,575.62,61.88,317.63,874.5,1,1,1.0
1897,2,579.09,58.78,319.13,873.75,1,1,1.0
1898,2,581.81,58.5,318.75,874.5,1,1,1.0
1899,2,584.16,58.31,317.62,874.5,1,1,1.0
1900,2,585.84,57.56,316.31999999999994,876.75,1,1,1.0
1901,2,587.44,57.09,314.43999999999994,878.25,1,1,1.0
1902,2,592.97,58.22,308.80999999999995,874.5,1,1,1.0
1903,2,597.94,58.12,303.93999999999994,873.76,1,1,1.0
1904,2,605.84,57.09,297.92999999999995,874.5,1,1,1.0
1905,2,610.05,54.94,293.44000000000005,874.5,1,1,1.0
1906,2,612.45,52.64,290.05999999999995,872.25,1,1,1.0
1907,2,614.2,49.83,288.38,882.0,1,1,1.0
1908,2,615.96,44.2,284.63,881.25,1,1,1.0
1909,2,616.41,40.73,282.56000000000006,844.5,1,1,1.0
1910,2,617.16,30.38,280.31000000000006,842.24,1,1,1.0
1911,2,617.72,23.72,279.93999999999994,823.5,1,1,1.0
1912,2,621.0,20.81,280.30999999999995,800.25,1,1,1.0
1913,2,623.16,15.56,279.93000000000006,784.5,1,1,1.0
1914,2,622.8,14.06,282.0,766.8800000000001,1,1,1.0
1915,2,623.88,13.5,282.19000000000005,765.0,1,1,1.0
1916,2,624.82,10.5,282.55999999999995,765.75,1,1,1.0
1917,2,630.28,11.77,276.0,768.0,1,1,1.0
1918,2,634.12,8.86,272.63,771.75,1,1,1.0
1919,2,639.66,8.2,267.37,772.5,1,1,1.0
1920,2,647.25,7.5,260.80999999999995,771.75,1,1,1.0
1921,2,654.19,7.88,255.18999999999994,768.74,1,1,1.0
1922,2,660.0,7.97,252.19000000000005,768.75,1,1,1.0
1923,2,667.92,9.14,249.0,769.5,1,1,1.0
1924,2,678.38,9.28,243.37,768.75,1,1,1.0
1925,2,686.02,8.48,240.56000000000006,753.38,1,1,1.0
1926,2,695.77,6.98,232.31000000000006,738.38,1,1,1.0
1927,2,702.47,5.2,228.18999999999994,724.88,1,1,1.0
1928,2,706.5,2.58,229.30999999999995,702.37,1,1,1.0
1929,2,705.75,1.88,232.30999999999995,684.37,1,1,1.0
1930,2,703.22,2.81,237.55999999999995,662.25,1,1,1.0
1931,2,700.22,2.44,243.0,658.8699999999999,1,1,1.0
1932,2,698.91,3.02,245.25,656.63,1,1,1.0
1933,2,698.62,3.26,246.57000000000005,655.5,1,1,1.0
1934,2,699.56,3.23,246.56000000000006,654.75,1,1,1.0
1935,2,701.06,2.39,246.56000000000006,655.5,1,1,1.0
1936,2,703.31,2.11,244.8800000000001,656.62,1,1,1.0
1937,2,704.91,2.95,243.37,654.75,1,1,1.0
1938,2,706.78,3.91,241.13,654.75,1,1,1.0
1939,2,709.12,3.73,238.5,654.75,1,1,1.0
1940,2,712.5,3.94,234.19000000000005,653.6199999999999,1,1,1.0
1941,2,715.88,3.87,231.17999999999995,654.0,1,1,1.0
1942,2,721.5,4.76,225.0,646.5,1,1,1.0
1943,2,726.75,-0.84,220.30999999999995,639.37,1,1,1.0
1944,2,732.0,-2.34,215.80999999999995,625.5,1,1,1.0
1945,2,738.0,-3.05,212.25,604.13,1,1,1.0
1946,2,746.44,-1.97,207.93999999999994,583.5,1,1,1.0
1947,2,751.2,-0.23,206.80999999999995,577.5,1,1,1.0
1948,2,758.46,0.7,201.55999999999995,571.5,1,1,1.0
1949,2,762.56,1.69,198.19000000000005,567.75,1,1,1.0
1950,2,767.62,2.2,193.13,566.63,1,1,1.0
1951,2,772.55,2.06,186.84000000000003,568.5,1,1,1.0
1952,2,779.58,1.69,179.52999999999997,570.0,1,1,1.0
1953,2,784.92,1.78,180.85000000000002,571.5,1,1,1.0
1954,2,794.44,2.3,179.25,571.12,1,1,1.0
1955,2,803.44,1.41,172.30999999999995,571.5,1,1,1.0
1956,2,809.72,3.05,165.0,566.25,1,1,1.0
1957,2,815.77,1.08,160.31000000000006,565.87,1,1,1.0
1958,2,820.12,-0.33,159.28999999999996,564.38,1,1,1.0
1959,2,823.17,1.88,163.0300000000001,550.12,1,1,1.0
1960,2,824.25,1.69,172.69000000000005,537.75,1,1,1.0
1961,2,829.83,1.59,173.89999999999998,526.5,1,1,1.0
1962,2,837.61,2.34,176.34000000000003,517.13,1,1,1.0
1963,2,849.8,2.62,176.34000000000015,515.26,1,1,1.0
1964,2,859.27,6.28,181.87000000000012,503.63000000000005,1,1,1.0
1965,2,874.01,7.48,178.12000000000012,501.75,1,1,1.0
1966,2,881.93,8.11,181.31000000000006,501.75,1,1,1.0
1967,2,883.45,8.62,192.75,501.38,1,1,1.0
1968,2,885.7,7.57,200.62999999999988,503.25,1,1,1.0
1969,2,888.75,2.72,203.05999999999995,511.87,1,1,1.0
1970,2,891.42,4.41,197.43999999999994,510.74999999999994,1,1,1.0
1971,2,895.78,3.75,195.75,511.5,1,1,1.0
1972,2,900.89,2.44,195.93999999999994,512.6199999999999,1,1,1.0
1973,2,904.83,2.53,200.9999999999999,511.88,1,1,1.0
1974,2,904.97,3.28,206.80999999999995,507.75,1,1,1.0
1975,2,910.36,1.59,189.56000000000006,501.38000000000005,1,1,1.0
1976,2,918.05,0.61,182.52999999999997,498.75,1,1,1.0
1977,2,937.55,2.09,163.02999999999997,488.25,1,1,1.0
1978,2,952.36,3.38,151.7800000000001,476.24,1,1,1.0
1979,2,968.02,2.48,141.37000000000012,469.5,1,1,1.0
1980,2,990.23,1.73,121.31999999999994,468.0,1,1,1.0
1981,2,1012.29,4.22,104.05999999999995,465.75,1,1,1.0
1982,2,1019.7,2.11,103.58999999999992,471.0,1,1,1.0
1983,2,1023.38,1.12,100.50000000000011,468.76,1,1,1.0
1984,2,1023.26,5.67,88.97000000000003,460.88,1,1,1.0
1985,2,1023.33,3.66,95.90999999999997,463.5,1,1,1.0
1986,2,1022.55,2.58,107.25,463.5,1,1,1.0
1987,2,1022.95,4.17,114.83999999999992,460.88,1,1,1.0
1988,2,1023.98,6.0,119.05999999999995,457.5,1,1,1.0
1989,2,1023.75,7.41,115.86999999999989,456.75,1,1,1.0
1990,2,1023.89,6.4,122.25000000000011,460.87,1,1,1.0
