1098,1,940.69,0.0,207.94000000000005,487.5,1,1,1.0
1099,1,932.44,6.23,216.94000000000005,486.0,1,1,1.0
1100,1,925.31,5.06,218.44000000000005,489.38,1,1,1.0
1101,1,919.22,3.84,224.80999999999995,491.63000000000005,1,1,1.0
1102,1,915.28,2.81,228.0,492.0,1,1,1.0
1103,1,916.78,1.69,220.30999999999995,493.5,1,1,1.0
1104,1,921.56,2.46,208.69000000000005,492.0,1,1,1.0
1105,1,928.08,1.5,184.9699999999999,493.12,1,1,1.0
1106,1,934.97,1.8,171.55999999999995,493.13,1,1,1.0
1107,1,938.3,2.11,156.47000000000003,493.12,1,1,1.0
1108,1,937.64,2.02,154.0300000000001,492.0,1,1,1.0
1109,1,930.52,0.45,156.46000000000004,494.25,1,1,1.0
1110,1,920.3,0.94,163.59000000000015,493.12,1,1,1.0
1111,1,891.47,0.61,186.27999999999997,493.12,1,1,1.0
1112,1,869.09,3.56,201.92999999999995,496.13,1,1,1.0
1113,1,852.38,2.95,212.81000000000006,509.25000000000006,1,1,1.0
1114,1,844.17,4.12,215.2500000000001,516.76,1,1,1.0
1115,1,837.75,3.05,216.75,525.0,1,1,1.0
1116,1,838.69,2.11,208.69000000000005,532.12,1,1,1.0
1117,1,838.31,0.26,202.1300000000001,543.0,1,1,1.0
1118,1,843.09,0.98,190.13,546.0,1,1,1.0
1119,1,842.16,0.61,181.68000000000006,547.12,1,1,1.0
1120,1,837.7,0.09,182.52999999999997,547.5,1,1,1.0
1121,1,829.97,1.17,192.75,546.38,1,1,1.0
1122,1,819.47,0.7,205.1199999999999,547.5,1,1,1.0
1123,1,810.09,0.28,214.13,547.13,1,1,1.0
1124,1,801.66,-0.19,221.62,547.5,1,1,1.0
1125,1,793.27,0.84,227.43000000000006,547.13,1,1,1.0
1126,1,788.95,1.22,227.06999999999994,549.0,1,1,1.0
1127,1,785.77,0.56,225.0,557.25,1,1,1.0
1128,1,782.2,-0.84,221.25,575.62,1,1,1.0
1129,1,780.56,-0.14,219.75,594.75,1,1,1.0
1130,1,776.06,0.66,220.31000000000006,607.5,1,1,1.0
1131,1,774.0,3.56,218.80999999999995,613.5,1,1,1.0
1132,1,771.38,7.41,219.37,616.5,1,1,1.0
1133,1,771.14,10.78,218.25,622.88,1,1,1.0
1134,1,769.5,10.69,221.05999999999995,627.75,1,1,1.0
1135,1,769.69,12.47,222.3699999999999,633.0,1,1,1.0
1136,1,769.83,12.28,224.05999999999995,635.25,1,1,1.0
1137,1,770.39,12.0,225.94000000000005,635.25,1,1,1.0
1138,1,772.36,11.34,226.12,634.5,1,1,1.0
1139,1,775.12,10.5,225.57000000000005,635.25,1,1,1.0
1140,1,778.55,8.53,225.56000000000006,637.5,1,1,1.0
1141,1,782.25,7.31,224.80999999999995,637.5,1,1,1.0
1142,1,784.22,7.97,225.55999999999995,637.12,1,1,1.0
1143,1,784.92,9.09,228.19000000000005,633.0,1,1,1.0
1144,1,784.73,10.88,232.31999999999994,634.5,1,1,1.0
1145,1,785.25,11.72,235.69000000000005,650.25,1,1,1.0
1146,1,785.2,12.56,239.05999999999995,674.6300000000001,1,1,1.0
1147,1,784.92,14.06,242.81000000000006,687.3800000000001,1,1,1.0
1148,1,784.69,17.77,246.55999999999995,704.62,1,1,1.0
1149,1,783.23,20.86,250.69000000000005,707.62,1,1,1.0
1150,1,781.97,24.89,254.05999999999995,723.38,1,1,1.0
1151,1,780.66,30.33,257.62,724.87,1,1,1.0
1152,1,778.83,33.52,260.2499999999999,722.62,1,1,1.0
1153,1,777.42,34.22,261.56000000000006,722.62,1,1,1.0
1154,1,774.75,33.66,262.1300000000001,723.37,1,1,1.0
1155,1,773.25,32.25,261.55999999999995,724.87,1,1,1.0
1156,1,771.66,32.16,258.92999999999995,724.87,1,1,1.0
1157,1,771.52,32.34,255.37000000000012,724.13,1,1,1.0
1158,1,769.27,32.11,255.37000000000012,724.12,1,1,1.0
1159,1,765.42,32.34,258.19000000000005,723.38,1,1,1.0
1160,1,760.69,32.91,262.68999999999994,722.62,1,1,1.0
1161,1,755.44,34.78,269.80999999999995,719.63,1,1,1.0
1162,1,750.66,37.69,277.31000000000006,735.3699999999999,1,1,1.0
1163,1,745.69,39.19,285.75,760.8699999999999,1,1,1.0
1164,1,741.38,40.88,294.0000000000001,783.74,1,1,1.0
1165,1,738.33,44.06,302.43999999999994,799.5,1,1,1.0
1166,1,735.8,47.91,308.80999999999995,827.25,1,1,1.0
1167,1,734.72,52.55,314.05999999999995,826.5,1,1,1.0
1168,1,733.59,55.69,321.18999999999994,831.75,1,1,1.0
1169,1,731.77,58.03,328.1200000000001,831.0,1,1,1.0
1170,1,727.45,58.12,337.5,833.26,1,1,1.0
1171,1,726.19,56.95,342.19000000000005,834.75,1,1,1.0
1172,1,728.34,56.06,341.2499999999999,835.5,1,1,1.0
1173,1,735.23,56.06,333.0,836.25,1,1,1.0
1174,1,743.67,56.3,319.5000000000001,835.5,1,1,1.0
1175,1,749.06,57.19,306.55999999999995,834.75,1,1,1.0
1176,1,754.5,57.19,293.05999999999995,835.5,1,1,1.0
1177,1,760.12,57.8,277.68999999999994,835.5,1,1,1.0
1178,1,764.02,58.17,261.93000000000006,834.75,1,1,1.0
1179,1,763.41,59.16,246.0,834.0,1,1,1.0
1180,1,761.39,61.03,237.19000000000005,831.75,1,1,1.0
1181,1,752.44,63.05,233.6199999999999,831.75,1,1,1.0
1182,1,736.69,65.39,238.68999999999994,835.5,1,1,1.0
1183,1,717.09,69.05,247.68999999999994,842.25,1,1,1.0
1184,1,714.38,72.28,241.87,846.75,1,1,1.0
1185,1,714.09,76.31,237.18999999999994,842.25,1,1,1.0
1186,1,711.94,78.84,238.1199999999999,840.75,1,1,1.0
1187,1,706.97,78.28,242.80999999999995,841.5,1,1,1.0
1188,1,701.91,78.0,249.0,840.75,1,1,1.0
1189,1,694.88,76.59,256.87,842.25,1,1,1.0
1190,1,686.34,78.38,265.31999999999994,840.0,1,1,1.0
1191,1,677.48,79.22,273.93999999999994,839.25,1,1,1.0
1192,1,669.66,81.19,279.37,835.5,1,1,1.0
1193,1,663.84,80.25,280.31999999999994,840.75,1,1,1.0
1194,1,656.95,80.91,274.13,844.5,1,1,1.0
1195,1,651.19,80.16,268.1199999999999,861.0,1,1,1.0
1196,1,644.95,80.16,251.25,884.25,1,1,1.0
1197,1,635.16,82.12,238.5,898.5,1,1,1.0
1198,1,630.94,85.12,229.30999999999995,917.26,1,1,1.0
1199,1,622.97,86.16,234.37,915.0,1,1,1.0
1200,1,615.56,87.0,240.0,922.5,1,1,1.0
1201,1,610.31,88.55,242.81000000000006,929.25,1,1,1.0
1202,1,605.91,89.72,242.43000000000006,931.5,1,1,1.0
1203,1,600.0,90.23,244.88,933.0,1,1,1.0
1204,1,593.16,92.86,249.56000000000006,931.4999999999999,1,1,1.0
1205,1,589.92,94.55,250.13,929.25,1,1,1.0
1206,1,584.06,95.48,253.5,927.75,1,1,1.0
1207,1,576.0,96.98,260.80999999999995,926.25,1,1,1.0
1208,1,570.52,98.86,266.62,924.0,1,1,1.0
1209,1,567.75,100.5,269.05999999999995,922.5,1,1,1.0
1210,1,562.5,100.97,273.55999999999995,922.5,1,1,1.0
1211,1,556.73,101.95,279.0,921.0,1,1,1.0
1212,1,551.3,103.08,279.94000000000005,920.9999999999999,1,1,1.0
1213,1,547.59,103.83,279.93999999999994,920.9999999999999,1,1,1.0
1214,1,545.58,104.3,275.62,921.0,1,1,1.0
1215,1,541.83,104.72,269.05999999999995,921.0,1,1,1.0
1216,1,538.97,106.08,268.12,918.7499999999999,1,1,1.0
1217,1,535.38,106.12,267.56000000000006,918.7600000000001,1,1,1.0
1218,1,531.16,106.41,269.07000000000005,918.7500000000001,1,1,1.0
1219,1,531.21,106.41,265.88,918.7500000000001,1,1,1.0
1220,1,530.65,105.7,265.12,921.0,1,1,1.0
1221,1,533.13,104.72,261.19000000000005,921.0,1,1,1.0
1222,1,535.41,103.31,258.56000000000006,922.5,1,1,1.0
1223,1,535.29,102.33,256.69000000000005,923.9999999999999,1,1,1.0
1224,1,534.84,102.05,252.38,922.5,1,1,1.0
1225,1,534.38,102.14,251.06000000000006,922.5000000000001,1,1,1.0
1226,1,535.59,101.48,249.93999999999994,922.5,1,1,1.0
1227,1,534.56,100.73,250.1300000000001,924.0,1,1,1.0
1228,1,534.84,100.36,249.0,923.9999999999999,1,1,1.0
1229,1,534.66,99.28,249.0,926.25,1,1,1.0
1230,1,535.03,99.28,249.38,926.25,1,1,1.0
1231,1,535.95,98.34,249.92999999999995,927.7499999999999,1,1,1.0
1232,1,536.16,97.92,250.68000000000006,927.7500000000001,1,1,1.0
1233,1,536.27,96.84,249.94000000000005,929.2499999999999,1,1,1.0
1234,1,536.6,97.41,249.38,929.2500000000001,1,1,1.0
1235,1,537.02,96.94,248.44000000000005,929.25,1,1,1.0
1236,1,536.93,96.28,248.06000000000006,929.25,1,1,1.0
1237,1,537.42,96.56,247.69000000000005,929.25,1,1,1.0
1238,1,537.52,95.53,247.5,931.5,1,1,1.0
1239,1,537.94,95.67,247.1199999999999,931.5000000000001,1,1,1.0
1240,1,538.76,95.44,246.0,931.5,1,1,1.0
1241,1,538.88,95.67,245.81000000000006,931.5000000000001,1,1,1.0
1242,1,540.33,95.95,244.12,931.5,1,1,1.0
1243,1,539.98,95.91,244.12,931.5000000000001,1,1,1.0
1244,1,541.64,95.72,243.0,931.5,1,1,1.0
1245,1,543.73,95.25,241.87,931.5,1,1,1.0
1246,1,544.48,95.02,241.5,931.5,1,1,1.0
1247,1,544.5,95.2,241.12,931.5,1,1,1.0
1248,1,545.7,94.88,239.05999999999995,931.5000000000001,1,1,1.0
1249,1,545.65,94.78,238.5,933.0,1,1,1.0
1250,1,546.12,95.2,238.12,931.5,1,1,1.0
1251,1,547.29,94.69,237.56000000000006,933.0,1,1,1.0
1252,1,547.73,94.92,236.81999999999994,933.0000000000001,1,1,1.0
1253,1,547.69,95.16,237.18999999999994,931.5000000000001,1,1,1.0
1254,1,547.36,94.97,237.55999999999995,931.5,1,1,1.0
1255,1,547.88,94.92,237.17999999999995,931.5000000000001,1,1,1.0
1256,1,546.98,95.06,237.93999999999994,931.5,1,1,1.0
1257,1,547.71,95.02,237.18999999999994,931.5,1,1,1.0
1258,1,547.76,95.25,236.62,931.5,1,1,1.0
1259,1,547.17,95.11,236.81000000000006,931.4999999999999,1,1,1.0
1260,1,547.43,95.02,236.81000000000006,931.5,1,1,1.0
1261,1,546.28,94.73,237.56000000000006,933.0,1,1,1.0
1262,1,546.59,95.06,236.62,931.5,1,1,1.0
1263,1,546.54,94.78,237.56000000000006,931.5,1,1,1.0
1264,1,545.91,94.12,239.06000000000006,931.4999999999999,1,1,1.0
1265,1,546.19,94.41,237.18999999999994,931.5000000000001,1,1,1.0
1266,1,546.4,94.27,236.81000000000006,931.5,1,1,1.0
1267,1,546.28,95.48,236.63,929.25,1,1,1.0
1268,1,546.45,94.55,237.17999999999995,931.5,1,1,1.0
1269,1,544.97,94.83,239.25,931.4999999999999,1,1,1.0
1270,1,545.37,95.06,239.05999999999995,931.5,1,1,1.0
1271,1,544.62,95.11,240.37,931.4999999999999,1,1,1.0
1272,1,544.52,94.92,240.56000000000006,931.5000000000001,1,1,1.0
1273,1,545.27,94.83,238.69000000000005,931.4999999999999,1,1,1.0
1274,1,544.71,95.62,239.80999999999995,931.4999999999999,1,1,1.0
1275,1,544.41,95.91,240.0,931.5000000000001,1,1,1.0
1276,1,544.12,95.67,240.0,931.5000000000001,1,1,1.0
1277,1,543.56,96.61,241.5,929.2499999999999,1,1,1.0
1278,1,543.12,95.86,241.5,931.4999999999999,1,1,1.0
1279,1,542.27,96.23,241.88,931.5,1,1,1.0
1280,1,542.23,97.31,241.87,929.25,1,1,1.0
1281,1,541.2,96.7,243.0,929.25,1,1,1.0
1282,1,540.26,96.84,244.12,929.2499999999999,1,1,1.0
1283,1,540.05,96.75,244.31000000000006,929.25,1,1,1.0
1284,1,538.15,96.94,246.0,929.25,1,1,1.0
1285,1,536.98,96.75,246.93999999999994,929.25,1,1,1.0
1286,1,535.41,97.64,247.12,927.7500000000001,1,1,1.0
1287,1,536.46,96.23,247.68999999999994,929.25,1,1,1.0
1288,1,536.7,96.84,247.67999999999995,927.7499999999999,1,1,1.0
1289,1,535.78,96.89,249.0,927.7500000000001,1,1,1.0
1290,1,535.66,97.08,249.0,927.7499999999999,1,1,1.0
1291,1,536.41,97.31,246.94000000000005,927.75,1,1,1.0
1292,1,535.78,98.11,247.69000000000005,926.2499999999999,1,1,1.0
1293,1,533.81,98.72,247.69000000000005,926.25,1,1,1.0
1294,1,534.19,99.66,247.68999999999994,924.0,1,1,1.0
1295,1,534.35,98.67,249.55999999999995,926.2500000000001,1,1,1.0
1296,1,532.69,98.67,249.55999999999995,926.2500000000001,1,1,1.0
1297,1,531.38,99.8,251.62,924.0,1,1,1.0
1298,1,529.97,99.42,253.5,924.0,1,1,1.0
1299,1,529.03,99.56,254.06000000000006,924.0,1,1,1.0
1300,1,528.56,100.31,255.19000000000005,922.5,1,1,1.0
1301,1,527.53,100.27,256.31000000000006,922.5,1,1,1.0
1302,1,526.78,100.92,256.88,922.5,1,1,1.0
1303,1,526.22,101.72,257.62,921.0,1,1,1.0
1304,1,525.84,101.67,258.0,922.5000000000001,1,1,1.0
1305,1,525.28,101.34,259.13,922.5,1,1,1.0
1306,1,525.19,102.42,261.18999999999994,921.0,1,1,1.0
1307,1,525.09,101.86,262.13,922.4999999999999,1,1,1.0
1308,1,525.28,102.23,262.13,922.5,1,1,1.0
1309,1,524.72,102.42,262.12,922.5000000000001,1,1,1.0
1310,1,524.72,102.23,261.93999999999994,922.5,1,1,1.0
1311,1,524.72,102.23,260.43999999999994,922.5,1,1,1.0
1312,1,524.62,102.47,260.26,922.5,1,1,1.0
1313,1,524.91,102.38,259.87,922.5000000000001,1,1,1.0
1314,1,524.53,102.33,259.69000000000005,922.4999999999999,1,1,1.0
1315,1,524.62,102.52,259.68999999999994,921.0,1,1,1.0
1316,1,524.62,102.89,258.93999999999994,921.0,1,1,1.0
1317,1,525.09,102.42,258.56999999999994,922.5000000000001,1,1,1.0
1318,1,525.28,102.7,258.94000000000005,921.0,1,1,1.0
1319,1,525.19,102.56,258.55999999999995,921.0,1,1,1.0
1320,1,525.0,102.89,259.12,921.0,1,1,1.0
1321,1,524.62,102.7,258.57000000000005,921.0,1,1,1.0
1322,1,525.09,103.22,258.18999999999994,921.0,1,1,1.0
1323,1,524.16,102.89,258.93000000000006,921.0,1,1,1.0
1324,1,523.78,102.61,259.88,922.4999999999999,1,1,1.0
1325,1,523.22,102.28,260.25,922.5,1,1,1.0
1326,1,523.12,102.19,260.43999999999994,922.5,1,1,1.0
1327,1,522.38,102.47,261.56000000000006,922.5,1,1,1.0
1328,1,521.81,101.95,261.94000000000005,922.5,1,1,1.0
1329,1,521.91,102.42,261.93000000000006,922.5000000000001,1,1,1.0
1330,1,521.44,102.75,263.05999999999995,922.5,1,1,1.0
1331,1,522.0,102.75,262.5,922.5,1,1,1.0
1332,1,521.72,102.8,262.12,922.5,1,1,1.0
1333,1,521.16,102.23,262.5,922.5,1,1,1.0
1334,1,521.34,102.28,262.5,922.5,1,1,1.0
1335,1,521.72,102.84,261.55999999999995,922.4999999999999,1,1,1.0
1336,1,521.44,102.61,262.1199999999999,922.4999999999999,1,1,1.0
1337,1,521.72,102.84,261.55999999999995,922.4999999999999,1,1,1.0
1338,1,521.25,102.38,262.13,922.5000000000001,1,1,1.0
1339,1,521.53,102.7,262.13,922.5,1,1,1.0
1340,1,521.34,102.61,262.5,922.4999999999999,1,1,1.0
1341,1,520.97,102.94,263.05999999999995,921.0,1,1,1.0
1342,1,520.69,102.33,262.68999999999994,922.4999999999999,1,1,1.0
1343,1,520.31,102.14,263.44000000000005,922.5000000000001,1,1,1.0
1344,1,520.69,102.66,262.68999999999994,922.5000000000001,1,1,1.0
1345,1,520.5,102.52,262.5,922.5,1,1,1.0
1346,1,520.22,103.45,262.5,921.0,1,1,1.0
1347,1,520.22,102.52,261.93999999999994,922.5,1,1,1.0
1348,1,520.31,103.59,262.69000000000005,920.9999999999999,1,1,1.0
1349,1,519.47,103.64,263.43999999999994,921.0000000000001,1,1,1.0
1350,1,519.75,103.5,263.44000000000005,921.0,1,1,1.0
1351,1,519.19,103.12,264.18999999999994,922.4999999999999,1,1,1.0
1352,1,519.28,103.64,263.81000000000006,921.0000000000001,1,1,1.0
1353,1,519.84,103.55,263.06999999999994,922.5,1,1,1.0
1354,1,519.84,103.36,263.06999999999994,922.4999999999999,1,1,1.0
1355,1,520.12,103.45,262.68999999999994,922.5,1,1,1.0
1356,1,520.12,103.55,262.68999999999994,922.5,1,1,1.0
1357,1,520.69,103.88,262.68999999999994,921.0000000000001,1,1,1.0
1358,1,520.59,103.78,262.13,921.0,1,1,1.0
1359,1,521.44,103.36,261.18999999999994,920.9999999999999,1,1,1.0
1360,1,521.44,103.41,261.18999999999994,921.0000000000001,1,1,1.0
1361,1,521.91,103.55,260.81000000000006,921.0,1,1,1.0
1362,1,521.91,103.64,261.18000000000006,921.0000000000001,1,1,1.0
1363,1,522.47,103.55,260.43999999999994,921.0,1,1,1.0
1364,1,522.56,103.03,260.25,922.5,1,1,1.0
1365,1,522.94,103.45,259.68999999999994,921.0,1,1,1.0
1366,1,523.59,103.27,259.88,921.0,1,1,1.0
1367,1,523.78,102.75,259.13,922.5,1,1,1.0
1368,1,523.59,102.8,259.88,922.5,1,1,1.0
1369,1,523.22,102.84,260.25,922.4999999999999,1,1,1.0
1370,1,523.88,102.7,259.67999999999995,922.5,1,1,1.0
1371,1,524.44,102.98,258.93999999999994,922.5,1,1,1.0
1372,1,524.72,102.94,258.18999999999994,922.5,1,1,1.0
1373,1,524.62,102.61,258.57000000000005,922.4999999999999,1,1,1.0
1374,1,525.75,101.95,258.0,924.0,1,1,1.0
1375,1,526.97,102.98,256.87,922.5,1,1,1.0
1376,1,527.91,102.89,255.93000000000006,922.5000000000001,1,1,1.0
1377,1,528.09,102.19,255.75,922.5,1,1,1.0
1378,1,529.31,101.58,254.44000000000005,923.9999999999999,1,1,1.0
1379,1,531.0,100.92,254.62,924.0000000000001,1,1,1.0
1380,1,532.08,99.7,254.05999999999995,926.25,1,1,1.0
1381,1,533.62,99.56,251.82000000000005,924.0,1,1,1.0
1382,1,534.19,99.94,250.68999999999994,924.0,1,1,1.0
1383,1,534.42,99.61,250.13,924.0,1,1,1.0
1384,1,535.41,99.05,249.37,926.25,1,1,1.0
1385,1,537.23,98.53,247.13,926.25,1,1,1.0
1386,1,538.15,98.48,246.0,926.25,1,1,1.0
1387,1,539.18,98.44,244.88,926.25,1,1,1.0
1388,1,539.51,98.34,244.69000000000005,926.2499999999999,1,1,1.0
1389,1,539.84,97.59,244.30999999999995,927.7499999999999,1,1,1.0
1390,1,540.66,97.22,243.0,927.75,1,1,1.0
1391,1,540.91,98.02,243.38,926.25,1,1,1.0
1392,1,541.95,97.41,242.25,927.7500000000001,1,1,1.0
1393,1,541.22,97.36,242.80999999999995,929.2499999999999,1,1,1.0
1394,1,542.2,97.36,242.25,929.2499999999999,1,1,1.0
1395,1,542.67,97.17,241.5,929.2500000000001,1,1,1.0
1396,1,542.77,97.27,241.5,929.25,1,1,1.0
1397,1,543.28,97.27,241.5,929.25,1,1,1.0
1398,1,543.87,97.92,241.12,927.7500000000001,1,1,1.0
1399,1,543.77,97.88,240.94000000000005,927.7399999999999,1,1,1.0
1400,1,545.04,97.27,240.0,929.25,1,1,1.0
1401,1,545.44,97.27,239.25,929.25,1,1,1.0
1402,1,545.18,97.83,239.25,927.7499999999999,1,1,1.0
1403,1,545.46,97.78,239.05999999999995,927.75,1,1,1.0
1404,1,546.07,97.17,238.68999999999994,929.2500000000001,1,1,1.0
1405,1,546.09,97.88,237.93999999999994,927.7399999999999,1,1,1.0
1406,1,546.77,97.45,236.81000000000006,927.75,1,1,1.0
1407,1,546.3,97.73,237.19000000000005,927.75,1,1,1.0
1408,1,546.45,97.45,237.55999999999995,927.75,1,1,1.0
1409,1,545.79,97.88,238.5,927.7399999999999,1,1,1.0
1410,1,545.86,97.36,239.05999999999995,927.7499999999999,1,1,1.0
1411,1,546.35,96.89,238.5,929.2500000000001,1,1,1.0
1412,1,545.44,97.55,239.80999999999995,927.75,1,1,1.0
1413,1,544.69,96.8,240.55999999999995,929.25,1,1,1.0
1414,1,544.5,97.31,240.0,927.75,1,1,1.0
1415,1,544.03,96.28,241.13,929.25,1,1,1.0
1416,1,543.59,96.52,241.12,929.25,1,1,1.0
1417,1,543.12,97.03,241.87,927.75,1,1,1.0
1418,1,543.75,97.45,241.87,927.75,1,1,1.0
1419,1,543.56,96.94,242.44000000000005,929.25,1,1,1.0
1420,1,544.12,97.17,242.82000000000005,927.7500000000001,1,1,1.0
1421,1,544.31,97.88,242.81000000000006,926.2399999999999,1,1,1.0
1422,1,543.75,97.88,242.25,926.2399999999999,1,1,1.0
1423,1,544.71,97.55,240.55999999999995,927.75,1,1,1.0
1424,1,544.43,97.36,240.56000000000006,927.7499999999999,1,1,1.0
1425,1,544.76,97.31,240.56000000000006,927.75,1,1,1.0
1426,1,545.98,97.36,239.05999999999995,927.7499999999999,1,1,1.0
1427,1,546.26,97.36,239.06000000000006,927.7499999999999,1,1,1.0
1428,1,545.13,97.78,240.0,927.75,1,1,1.0
1429,1,545.79,98.2,239.06000000000006,927.75,1,1,1.0
1430,1,545.65,97.41,239.06000000000006,929.2500000000001,1,1,1.0
1431,1,545.34,98.16,239.25,927.7500000000001,1,1,1.0
1432,1,544.62,98.3,240.55999999999995,927.75,1,1,1.0
1433,1,544.9,97.69,239.81000000000006,927.75,1,1,1.0
1434,1,545.06,97.88,240.56000000000006,927.7399999999999,1,1,1.0
1435,1,544.71,97.03,240.55999999999995,929.25,1,1,1.0
1436,1,544.31,96.89,240.94000000000005,929.2500000000001,1,1,1.0
1437,1,544.41,96.75,240.56000000000006,929.25,1,1,1.0
1438,1,543.84,96.7,241.5,929.25,1,1,1.0
1439,1,543.54,96.42,241.5,929.2500000000001,1,1,1.0
1440,1,543.21,96.38,242.80999999999995,929.2399999999999,1,1,1.0
1441,1,544.03,96.7,242.44000000000005,929.25,1,1,1.0
1442,1,543.49,97.12,242.80999999999995,927.7600000000001,1,1,1.0
1443,1,543.54,96.61,241.87,929.2499999999999,1,1,1.0
1444,1,543.16,96.84,241.88,929.2499999999999,1,1,1.0
1445,1,543.54,96.94,241.5,929.25,1,1,1.0
1446,1,544.48,96.8,240.37,929.25,1,1,1.0
1447,1,544.5,97.41,240.0,927.7500000000001,1,1,1.0
1448,1,544.1,97.55,240.38,927.75,1,1,1.0
1449,1,543.82,97.41,240.93999999999994,927.7500000000001,1,1,1.0
1450,1,544.43,97.45,240.37,927.75,1,1,1.0
1451,1,544.34,96.89,240.37,929.2500000000001,1,1,1.0
1452,1,544.59,96.89,240.0,929.2500000000001,1,1,1.0
1453,1,544.97,97.17,239.25,929.2500000000001,1,1,1.0
1454,1,544.88,97.83,239.24,927.7499999999999,1,1,1.0
1455,1,544.31,97.45,240.56000000000006,927.75,1,1,1.0
1456,1,543.84,97.08,241.5,929.2499999999999,1,1,1.0
1457,1,544.69,97.5,240.55999999999995,927.75,1,1,1.0
1458,1,545.06,96.89,240.3800000000001,929.2500000000001,1,1,1.0
1459,1,544.85,96.61,240.0,929.2499999999999,1,1,1.0
1460,1,544.97,96.47,240.37,929.25,1,1,1.0
1461,1,544.5,96.38,240.94000000000005,929.2399999999999,1,1,1.0
1462,1,545.37,96.61,239.25,929.2499999999999,1,1,1.0
1463,1,545.25,97.12,239.25,927.7600000000001,1,1,1.0
1464,1,545.34,97.27,239.81999999999994,927.75,1,1,1.0
1465,1,544.24,96.98,240.55999999999995,929.25,1,1,1.0
1466,1,545.13,96.94,239.81000000000006,929.25,1,1,1.0
1467,1,545.34,96.84,240.0,929.2499999999999,1,1,1.0
1468,1,545.79,96.75,239.06000000000006,929.25,1,1,1.0
1469,1,545.44,97.08,239.25,927.7499999999999,1,1,1.0
1470,1,545.65,96.47,239.06000000000006,929.25,1,1,1.0
1471,1,545.88,96.61,239.25,929.2499999999999,1,1,1.0
1472,1,545.13,96.52,240.0,929.25,1,1,1.0
1473,1,546.0,96.23,239.25,929.25,1,1,1.0
1474,1,544.99,96.38,239.80999999999995,929.2399999999999,1,1,1.0
1475,1,545.27,97.03,239.25,927.75,1,1,1.0
1476,1,545.23,96.8,239.25,929.25,1,1,1.0
1477,1,544.48,96.05,240.0,929.25,1,1,1.0
1478,1,544.22,96.94,240.37,927.75,1,1,1.0
1479,1,543.07,97.08,241.13,927.7499999999999,1,1,1.0
1480,1,543.28,96.94,240.94000000000005,927.75,1,1,1.0
1481,1,542.32,96.52,242.25,929.25,1,1,1.0
1482,1,541.76,96.61,243.0,929.2499999999999,1,1,1.0
1483,1,541.36,96.38,243.37,929.2399999999999,1,1,1.0
1484,1,541.17,96.84,243.56000000000006,927.7499999999999,1,1,1.0
1485,1,540.75,96.33,243.55999999999995,929.2499999999999,1,1,1.0
1486,1,540.73,96.75,244.68999999999994,927.75,1,1,1.0
1487,1,540.52,97.03,244.68000000000006,927.75,1,1,1.0
1488,1,540.73,96.98,244.87,927.75,1,1,1.0
1489,1,541.64,96.28,243.0,929.25,1,1,1.0
1490,1,542.02,96.75,242.81000000000006,927.75,1,1,1.0
1491,1,542.44,96.7,241.8699999999999,927.75,1,1,1.0
1492,1,543.23,96.8,241.13,927.75,1,1,1.0
1493,1,543.33,97.12,240.37,927.7600000000001,1,1,1.0
1494,1,544.22,97.78,239.80999999999995,927.75,1,1,1.0
1495,1,544.97,97.88,238.68999999999994,926.2399999999999,1,1,1.0
1496,1,544.78,97.03,239.06000000000006,927.75,1,1,1.0
1497,1,544.95,97.08,239.05999999999995,927.7499999999999,1,1,1.0
1498,1,544.5,97.31,239.80999999999995,927.75,1,1,1.0
1499,1,544.48,96.94,240.0,927.75,1,1,1.0
1500,1,543.96,97.55,240.38,927.75,1,1,1.0
1501,1,544.15,97.36,240.0,927.7499999999999,1,1,1.0
1502,1,544.29,97.12,240.0,927.7600000000001,1,1,1.0
1503,1,544.03,97.12,240.0,927.7600000000001,1,1,1.0
1504,1,544.22,97.45,240.37,927.75,1,1,1.0
1505,1,542.86,97.45,241.87,927.75,1,1,1.0
1506,1,543.68,96.84,240.94000000000005,929.2499999999999,1,1,1.0
1507,1,543.66,97.31,241.12,929.25,1,1,1.0
1508,1,543.09,97.17,242.43999999999994,929.2500000000001,1,1,1.0
1509,1,542.84,97.27,242.42999999999995,929.25,1,1,1.0
1510,1,543.09,97.78,242.25,927.75,1,1,1.0
1511,1,543.4,96.98,240.94000000000005,929.25,1,1,1.0
1512,1,543.75,97.64,240.55999999999995,927.7500000000001,1,1,1.0
1513,1,544.03,97.55,240.0,927.75,1,1,1.0
1514,1,544.12,97.31,240.57000000000005,927.75,1,1,1.0
1515,1,544.03,96.98,240.0,927.75,1,1,1.0
1516,1,544.5,97.22,240.38,927.75,1,1,1.0
1517,1,544.12,97.64,240.38,926.25,1,1,1.0
1518,1,543.4,97.27,241.5,927.75,1,1,1.0
1519,1,542.44,97.12,241.8699999999999,927.7600000000001,1,1,1.0
1520,1,542.2,97.27,242.25,927.75,1,1,1.0
1521,1,541.64,96.8,243.0,929.25,1,1,1.0
1522,1,540.89,96.94,244.69000000000005,929.25,1,1,1.0
1523,1,540.38,97.12,245.24,929.2600000000001,1,1,1.0
1524,1,539.23,97.41,246.55999999999995,929.2500000000001,1,1,1.0
1525,1,538.73,97.73,246.93999999999994,927.75,1,1,1.0
1526,1,538.36,97.03,247.68999999999994,929.25,1,1,1.0
1527,1,538.36,97.27,247.5,929.25,1,1,1.0
1528,1,538.36,97.03,247.5,929.25,1,1,1.0
1529,1,538.1,97.03,248.43999999999994,929.25,1,1,1.0
1530,1,538.5,97.12,248.80999999999995,929.2600000000001,1,1,1.0
1531,1,538.41,97.41,248.06000000000006,929.2500000000001,1,1,1.0
1532,1,538.1,97.22,247.68999999999994,929.25,1,1,1.0
1533,1,537.94,97.36,247.68999999999994,929.2499999999999,1,1,1.0
1534,1,537.91,97.83,247.13,927.7499999999999,1,1,1.0
1535,1,537.56,97.69,247.69000000000005,927.75,1,1,1.0
1536,1,537.89,97.73,246.94000000000005,927.75,1,1,1.0
1537,1,538.36,98.02,246.93999999999994,927.75,1,1,1.0
1538,1,538.22,98.67,246.55999999999995,926.2500000000001,1,1,1.0
1539,1,538.01,98.67,247.5,926.2500000000001,1,1,1.0
1540,1,537.4,97.88,248.06000000000006,927.7399999999999,1,1,1.0
1541,1,536.46,98.44,249.0,926.25,1,1,1.0
1542,1,536.51,98.25,249.0,926.25,1,1,1.0
1543,1,536.62,98.39,249.0,926.2500000000001,1,1,1.0
1544,1,535.83,98.11,250.12,926.2499999999999,1,1,1.0
1545,1,535.85,97.22,249.93999999999994,927.75,1,1,1.0
1546,1,535.48,97.83,250.12,927.7499999999999,1,1,1.0
1547,1,535.64,97.97,249.56000000000006,927.75,1,1,1.0
1548,1,535.27,97.31,250.68000000000006,929.25,1,1,1.0
1549,1,535.27,97.92,250.68000000000006,927.7500000000001,1,1,1.0
1550,1,534.61,97.69,251.05999999999995,927.75,1,1,1.0
1551,1,534.47,97.69,251.62,927.75,1,1,1.0
1552,1,534.73,97.64,251.62,927.7500000000001,1,1,1.0
1553,1,534.59,97.27,251.62,929.25,1,1,1.0
1554,1,534.45,97.78,251.80999999999995,927.75,1,1,1.0
1555,1,534.26,97.64,251.62,927.7500000000001,1,1,1.0
1556,1,534.96,97.73,249.93999999999994,927.75,1,1,1.0
1557,1,534.8,98.2,249.94000000000005,926.25,1,1,1.0
1558,1,535.2,98.34,249.55999999999995,926.2499999999999,1,1,1.0
1559,1,535.66,98.81,249.57000000000005,926.25,1,1,1.0
1560,1,535.27,98.53,249.93000000000006,926.25,1,1,1.0
1561,1,533.44,99.98,250.1199999999999,924.0,1,1,1.0
1562,1,533.62,99.98,250.13,924.0,1,1,1.0
1563,1,534.19,99.94,249.3699999999999,924.0,1,1,1.0
1564,1,534.19,99.47,249.3699999999999,926.25,1,1,1.0
1565,1,534.38,99.84,249.0,924.0,1,1,1.0
1566,1,534.56,99.94,249.0,924.0,1,1,1.0
1567,1,533.91,99.42,249.37,926.2500000000001,1,1,1.0
1568,1,534.77,98.58,251.07000000000005,926.2499999999999,1,1,1.0
1569,1,534.16,98.91,251.63,926.2500000000001,1,1,1.0
1570,1,534.09,98.48,252.38,927.75,1,1,1.0
1571,1,533.6,98.06,253.5,927.75,1,1,1.0
1572,1,534.28,98.34,252.38,927.7499999999999,1,1,1.0
1573,1,532.88,98.91,251.06000000000006,926.2500000000001,1,1,1.0
1574,1,532.69,99.56,251.6199999999999,926.25,1,1,1.0
1575,1,534.16,98.34,252.38,927.7499999999999,1,1,1.0
1576,1,533.91,99.28,252.37,926.25,1,1,1.0
1577,1,534.02,99.42,251.82000000000005,926.2500000000001,1,1,1.0
1578,1,533.91,99.33,252.37,926.2499999999999,1,1,1.0
1579,1,533.62,99.28,251.82000000000005,926.25,1,1,1.0
1580,1,533.74,99.66,251.05999999999995,926.2500000000001,1,1,1.0
1581,1,533.91,99.47,251.06000000000006,926.25,1,1,1.0
1582,1,534.26,99.56,251.06000000000006,926.25,1,1,1.0
1583,1,534.63,99.52,250.13,926.25,1,1,1.0
1584,1,534.4,100.69,251.06000000000006,924.0,1,1,1.0
1585,1,532.12,100.45,251.26,924.0,1,1,1.0
1586,1,532.12,101.44,251.26,922.5,1,1,1.0
1587,1,531.56,101.44,251.6300000000001,922.5,1,1,1.0
1588,1,531.09,101.48,252.18999999999994,922.5,1,1,1.0
1589,1,530.72,100.92,252.37,924.0000000000001,1,1,1.0
1590,1,530.53,100.92,253.13,924.0000000000001,1,1,1.0
1591,1,530.62,101.25,253.5,924.0,1,1,1.0
1592,1,529.78,101.53,253.88,924.0,1,1,1.0
1593,1,529.78,101.91,254.06000000000006,924.0000000000001,1,1,1.0
1594,1,529.78,101.72,254.06000000000006,924.0,1,1,1.0
1595,1,528.66,102.19,255.75,924.0,1,1,1.0
1596,1,528.84,102.47,255.75,922.5,1,1,1.0
1597,1,528.0,101.53,256.30999999999995,924.0,1,1,1.0
1598,1,528.66,101.72,255.75,924.0,1,1,1.0
1599,1,529.12,101.67,255.38,924.0000000000001,1,1,1.0
1600,1,528.75,101.77,255.75,924.0,1,1,1.0
1601,1,528.94,101.72,255.3699999999999,924.0,1,1,1.0
1602,1,529.22,102.33,254.62,922.4999999999999,1,1,1.0
1603,1,529.88,102.23,253.87,922.5,1,1,1.0
1604,1,530.06,101.67,253.8800000000001,922.5000000000001,1,1,1.0
1605,1,530.06,102.0,254.06000000000006,922.5,1,1,1.0
1606,1,530.44,102.09,253.8699999999999,922.4999999999999,1,1,1.0
1607,1,532.48,101.11,253.5,922.5,1,1,1.0
1608,1,531.56,101.77,252.3800000000001,922.5,1,1,1.0
1609,1,532.22,101.81,251.05999999999995,922.5,1,1,1.0
1610,1,533.6,100.69,252.18999999999994,924.0,1,1,1.0
1611,1,534.09,100.73,251.63,924.0,1,1,1.0
1612,1,534.19,100.64,251.80999999999995,924.0000000000001,1,1,1.0
1613,1,534.35,100.69,251.63,924.0,1,1,1.0
1614,1,534.52,100.88,251.06000000000006,924.0000000000001,1,1,1.0
1615,1,534.68,100.78,251.06000000000006,924.0,1,1,1.0
1616,1,534.54,99.47,251.25,926.25,1,1,1.0
1617,1,533.91,101.48,249.56000000000006,924.0,1,1,1.0
1618,1,534.87,99.47,250.68999999999994,927.75,1,1,1.0
1619,1,535.17,99.28,251.06000000000006,927.75,1,1,1.0
1620,1,535.36,99.28,250.68999999999994,927.75,1,1,1.0
1621,1,535.64,99.84,250.13,926.2499999999999,1,1,1.0
1622,1,535.43,100.17,251.06000000000006,926.2500000000001,1,1,1.0
1623,1,536.02,99.61,249.56000000000006,926.2499999999999,1,1,1.0
1624,1,536.48,100.03,248.43999999999994,926.25,1,1,1.0
1625,1,536.88,99.98,248.06000000000006,926.25,1,1,1.0
1626,1,537.42,99.42,247.5,926.2500000000001,1,1,1.0
1627,1,537.7,99.66,246.93999999999994,926.2500000000001,1,1,1.0
1628,1,538.31,99.8,246.0,926.25,1,1,1.0
1629,1,537.94,99.47,247.1199999999999,926.25,1,1,1.0
1630,1,537.8,99.47,248.06000000000006,926.25,1,1,1.0
1631,1,537.19,99.56,248.43999999999994,926.25,1,1,1.0
1632,1,537.07,99.09,248.43999999999994,927.7499999999999,1,1,1.0
1633,1,536.93,99.19,248.44000000000005,926.25,1,1,1.0
1634,1,536.81,98.44,249.0,927.75,1,1,1.0
1635,1,536.62,99.14,249.0,926.2500000000001,1,1,1.0
1636,1,536.44,98.39,249.3699999999999,927.7500000000001,1,1,1.0
1637,1,536.81,98.53,249.3800000000001,927.75,1,1,1.0
1638,1,536.65,98.72,251.25,927.75,1,1,1.0
1639,1,536.13,98.72,251.63,927.75,1,1,1.0
1640,1,536.13,99.56,251.63,926.25,1,1,1.0
1641,1,535.95,99.19,250.67999999999995,927.75,1,1,1.0
1642,1,536.25,99.98,250.13,926.25,1,1,1.0
1643,1,536.58,99.66,250.12,926.2500000000001,1,1,1.0
1644,1,536.25,99.47,251.05999999999995,926.25,1,1,1.0
1645,1,535.97,98.95,251.25,926.25,1,1,1.0
1646,1,536.58,98.72,250.12,926.25,1,1,1.0
1647,1,536.55,99.0,249.38,926.25,1,1,1.0
1648,1,536.55,99.05,250.13,926.25,1,1,1.0
1649,1,536.72,99.28,250.12,926.25,1,1,1.0
1650,1,537.3,99.09,250.13,926.2499999999999,1,1,1.0
1651,1,537.77,98.86,249.0,926.2499999999999,1,1,1.0
1652,1,537.07,98.91,249.55999999999995,926.2500000000001,1,1,1.0
1653,1,536.98,99.0,249.93999999999994,926.25,1,1,1.0
1654,1,537.54,99.14,249.56000000000006,926.2500000000001,1,1,1.0
1655,1,537.42,98.95,250.13,926.25,1,1,1.0
1656,1,537.4,99.0,249.94000000000005,926.25,1,1,1.0
1657,1,537.14,99.05,249.94000000000005,926.25,1,1,1.0
1658,1,537.12,98.34,250.12,927.7499999999999,1,1,1.0
1659,1,536.93,98.67,250.69000000000005,927.7500000000001,1,1,1.0
1660,1,536.48,98.86,251.81999999999994,927.7499999999999,1,1,1.0
1661,1,536.65,98.58,251.25,927.7499999999999,1,1,1.0
1662,1,536.62,98.86,251.82000000000005,927.7499999999999,1,1,1.0
1663,1,536.48,99.09,251.81999999999994,927.7499999999999,1,1,1.0
1664,1,536.48,99.33,251.63,926.2499999999999,1,1,1.0
1665,1,536.48,99.42,251.25,926.2500000000001,1,1,1.0
1666,1,536.7,99.52,250.12,926.25,1,1,1.0
1667,1,536.7,99.61,250.12,926.2499999999999,1,1,1.0
1668,1,536.53,99.66,249.94000000000005,926.2500000000001,1,1,1.0
1669,1,537.0,99.56,248.80999999999995,926.25,1,1,1.0
1670,1,536.93,99.56,249.37,926.25,1,1,1.0
1671,1,537.21,99.28,249.38,926.25,1,1,1.0
1672,1,537.16,100.55,249.38,924.0,1,1,1.0
1673,1,537.3,100.45,249.38,924.0,1,1,1.0
1674,1,537.09,100.36,249.0,923.9999999999999,1,1,1.0
1675,1,537.4,99.61,249.0,926.2499999999999,1,1,1.0
1676,1,537.49,99.23,248.80999999999995,926.25,1,1,1.0
1677,1,537.56,99.52,248.44000000000005,926.25,1,1,1.0
1678,1,536.91,99.42,249.37,926.2500000000001,1,1,1.0
1679,1,537.26,99.14,249.0,926.2500000000001,1,1,1.0
1680,1,536.65,99.28,249.94000000000005,926.25,1,1,1.0
1681,1,536.6,99.8,249.38,926.25,1,1,1.0
1682,1,536.48,98.91,249.38,927.7500000000001,1,1,1.0
1683,1,536.46,98.62,249.38,927.7600000000001,1,1,1.0
1684,1,536.58,99.0,249.37,926.25,1,1,1.0
1685,1,536.27,98.91,249.57000000000005,926.2500000000001,1,1,1.0
1686,1,536.93,98.16,249.0,929.2500000000001,1,1,1.0
1687,1,537.21,98.86,249.55999999999995,927.7499999999999,1,1,1.0
1688,1,538.36,98.53,247.68999999999994,927.75,1,1,1.0
1689,1,537.89,97.78,248.44000000000005,929.25,1,1,1.0
1690,1,538.69,96.75,247.68999999999994,931.5,1,1,1.0
1691,1,539.2,96.7,247.5,931.5,1,1,1.0
1692,1,539.86,97.27,246.93999999999994,927.75,1,1,1.0
1693,1,541.97,97.41,244.87,927.7500000000001,1,1,1.0
1694,1,542.16,97.59,245.43000000000006,931.4999999999999,1,1,1.0
1695,1,544.1,98.67,242.43999999999994,933.0000000000001,1,1,1.0
1696,1,545.37,99.8,243.37,933.0,1,1,1.0
1697,1,547.52,100.69,244.13,933.0,1,1,1.0
1698,1,549.05,101.48,245.25,933.0,1,1,1.0
1699,1,550.92,100.45,244.88,934.5,1,1,1.0
1700,1,551.34,99.28,246.93999999999994,934.5,1,1,1.0
1701,1,552.42,98.11,251.06000000000006,934.4999999999999,1,1,1.0
1702,1,551.48,96.7,258.56999999999994,936.75,1,1,1.0
1703,1,548.81,96.89,268.31000000000006,934.5000000000001,1,1,1.0
1704,1,545.72,95.53,278.62,936.75,1,1,1.0
1705,1,544.41,96.33,292.12,934.4999999999999,1,1,1.0
1706,1,545.34,95.81,304.13,934.5,1,1,1.0
1707,1,546.84,95.53,308.81999999999994,934.5,1,1,1.0
1708,1,550.78,93.89,305.44000000000005,936.7500000000001,1,1,1.0
1709,1,556.5,93.23,300.38,934.5,1,1,1.0
1710,1,562.27,89.86,299.06000000000006,938.2499999999999,1,1,1.0
1711,1,569.48,84.61,297.93999999999994,939.7499999999999,1,1,1.0
1712,1,577.88,82.78,297.37,909.75,1,1,1.0
1713,1,589.03,81.47,293.81000000000006,882.75,1,1,1.0
1714,1,603.09,76.78,285.75,864.75,1,1,1.0
1715,1,616.8,70.78,276.57000000000005,849.75,1,1,1.0
1716,1,625.24,67.36,270.75,829.5,1,1,1.0
1717,1,633.94,63.61,264.18999999999994,818.25,1,1,1.0
1718,1,641.2,63.66,259.13,816.0,1,1,1.0
1719,1,645.23,62.77,255.38,816.75,1,1,1.0
1720,1,649.83,62.02,251.62,818.25,1,1,1.0
1721,1,653.77,62.06,247.68000000000006,818.25,1,1,1.0
1722,1,657.0,61.92,244.30999999999995,818.25,1,1,1.0
1723,1,658.55,62.25,242.81000000000006,816.75,1,1,1.0
1724,1,659.16,62.58,241.87,815.25,1,1,1.0
1725,1,659.3,62.39,241.87,813.75,1,1,1.0
1726,1,659.02,62.25,241.87,811.5,1,1,1.0
1727,1,657.75,62.58,242.44000000000005,804.75,1,1,1.0
1728,1,658.03,60.09,241.5,803.25,1,1,1.0
1729,1,658.55,57.33,239.81000000000006,785.25,1,1,1.0
1730,1,657.42,54.33,239.81000000000006,783.0,1,1,1.0
1731,1,655.31,49.22,243.56000000000006,746.62,1,1,1.0
1732,1,655.92,48.0,243.56000000000006,686.25,1,1,1.0
1733,1,656.11,43.22,245.25,684.0,1,1,1.0
1734,1,658.45,36.28,244.68999999999994,693.0,1,1,1.0
1735,1,660.33,30.89,244.12,691.5,1,1,1.0
1736,1,661.5,28.45,244.69000000000005,693.0,1,1,1.0
1737,1,663.33,27.0,244.12,696.38,1,1,1.0
1738,1,664.27,26.16,243.37,696.37,1,1,1.0
1739,1,666.52,26.16,242.25,696.75,1,1,1.0
1740,1,668.95,26.34,240.93999999999994,696.75,1,1,1.0
1741,1,671.2,27.38,238.5,694.5,1,1,1.0
1742,1,673.78,28.45,236.81000000000006,692.25,1,1,1.0
1743,1,676.73,28.08,234.38,692.25,1,1,1.0
1744,1,678.56,28.03,232.8800000000001,693.75,1,1,1.0
1745,1,682.45,27.61,227.43999999999994,693.75,1,1,1.0
1746,1,686.77,24.82,220.87,691.13,1,1,1.0
1747,1,691.5,22.36,216.38,675.0,1,1,1.0
1748,1,694.78,17.67,212.06000000000006,667.5,1,1,1.0
1749,1,695.95,17.44,210.56999999999994,646.1199999999999,1,1,1.0
1750,1,696.19,13.97,208.68999999999994,609.0,1,1,1.0
1750,2,1003.36,5.09,142.7800000000001,394.5,1,1,1.0
1751,1,697.31,12.28,206.81000000000006,607.5,1,1,1.0
1751,2,999.47,-2.95,142.30999999999995,401.62,1,1,1.0
1752,1,698.72,9.66,204.18999999999994,602.62,1,1,1.0
1752,2,1000.83,-2.25,131.7199999999999,403.5,1,1,1.0
1753,1,699.33,8.44,203.05999999999995,603.0,1,1,1.0
1753,2,998.16,-3.89,138.17999999999995,411.0,1,1,1.0
1754,1,702.38,7.22,198.56000000000006,604.12,1,1,1.0
1754,2,999.05,-4.69,137.34000000000015,414.38,1,1,1.0
1755,1,703.41,6.28,197.06000000000006,604.88,1,1,1.0
1755,2,998.62,-4.88,136.88,415.5,1,1,1.0
1756,1,704.25,6.28,196.5,603.0,1,1,1.0
1756,2,998.11,-4.22,132.65999999999997,414.75,1,1,1.0
1757,1,704.91,6.47,196.31000000000006,606.75,1,1,1.0
1757,2,996.52,-4.31,131.52999999999997,414.37,1,1,1.0
1758,1,706.69,6.09,194.05999999999995,605.25,1,1,1.0
1758,2,995.81,-3.0,128.6300000000001,414.75,1,1,1.0
1759,1,706.55,6.77,194.25,606.0,1,1,1.0
1759,2,993.0,-2.44,128.05999999999995,415.5,1,1,1.0
1760,1,705.94,6.77,196.1199999999999,605.25,1,1,1.0
1760,2,989.39,-3.19,125.15999999999997,418.5,1,1,1.0
1761,1,706.03,6.45,197.06000000000006,606.0,1,1,1.0
1761,2,986.16,-1.03,128.06000000000006,416.61999999999995,1,1,1.0
1762,1,705.28,8.53,199.13,603.0,1,1,1.0
1762,2,981.87,-0.47,127.12,415.88000000000005,1,1,1.0
1763,1,706.12,6.66,198.57000000000005,602.62,1,1,1.0
1763,2,976.27,-0.77,124.77999999999997,413.62,1,1,1.0
1764,1,707.44,5.3,198.55999999999995,586.12,1,1,1.0
1764,2,971.95,0.42,125.80999999999995,412.5,1,1,1.0
1765,1,708.75,3.0,198.75,579.0,1,1,1.0
1765,2,968.16,1.05,126.92999999999995,412.5,1,1,1.0
1766,1,712.12,1.83,196.5,567.0,1,1,1.0
1766,2,964.62,-0.77,128.62,412.5,1,1,1.0
1767,1,716.8,-0.33,193.13,555.0,1,1,1.0
1767,2,952.76,-1.22,139.97000000000003,412.5,1,1,1.0
1768,1,720.14,-0.12,190.13,540.0,1,1,1.0
1768,2,935.95,-3.56,155.72000000000003,416.62,1,1,1.0
1769,1,723.61,0.77,187.5,534.38,1,1,1.0
1769,2,920.67,-3.47,165.93999999999994,416.63000000000005,1,1,1.0
1770,1,728.13,1.43,183.38,529.5,1,1,1.0
1770,2,906.47,-2.06,177.08999999999992,416.62,1,1,1.0
1771,1,732.26,1.2,178.02999999999997,528.37,1,1,1.0
1771,2,898.22,-2.81,181.22000000000003,417.75,1,1,1.0
1772,1,736.01,1.41,173.44000000000005,527.25,1,1,1.0
1772,2,893.11,-2.91,179.2499999999999,417.75,1,1,1.0
1773,1,740.34,0.84,171.0,527.25,1,1,1.0
1773,2,896.02,-2.16,172.87000000000012,415.88000000000005,1,1,1.0
1774,1,744.52,0.45,174.64999999999998,530.25,1,1,1.0
1774,2,898.55,-0.75,165.37000000000012,414.75,1,1,1.0
1775,1,749.88,-0.59,177.38,532.5,1,1,1.0
1775,2,898.27,-0.56,163.02999999999997,415.87,1,1,1.0
1776,1,757.59,0.26,177.56999999999994,532.5,1,1,1.0
1776,2,896.58,-2.25,159.27999999999986,418.87,1,1,1.0
1777,1,764.11,-0.12,173.80999999999995,532.88,1,1,1.0
1777,2,896.16,-1.97,156.45999999999992,418.5,1,1,1.0
1778,1,769.92,-0.28,166.88,532.5,1,1,1.0
1778,2,897.73,0.16,154.97000000000003,414.75,1,1,1.0
1779,1,775.27,-0.66,160.59000000000003,532.88,1,1,1.0
1779,2,900.7,-1.69,149.05999999999995,418.5,1,1,1.0
1780,1,782.58,-1.66,152.80999999999995,532.5,1,1,1.0
1780,2,904.17,-2.91,144.18999999999994,420.38000000000005,1,1,1.0
1781,1,786.33,0.05,150.75,521.25,1,1,1.0
1781,2,902.81,-2.25,146.16000000000008,420.75,1,1,1.0
1782,1,790.12,0.94,148.32000000000005,505.12,1,1,1.0
1782,2,897.98,-1.12,147.56999999999994,418.5,1,1,1.0
1783,1,796.29,3.0,152.25,496.12,1,1,1.0
1783,2,889.08,2.44,153.18999999999994,414.37,1,1,1.0
1784,1,800.91,4.55,152.25,478.87,1,1,1.0
1784,2,895.78,3.66,136.60000000000014,417.75,1,1,1.0
1785,1,806.62,3.61,152.82000000000005,478.87,1,1,1.0
1785,2,889.45,8.13,126.84999999999991,428.25,1,1,1.0
1786,1,816.05,5.86,152.62,474.0,1,1,1.0
1786,2,903.98,9.45,106.78999999999996,414.0,1,1,1.0
1787,1,821.58,6.33,156.93999999999994,472.12,1,1,1.0
1788,1,813.75,-0.94,171.55999999999995,480.75,1,1,1.0
1789,1,803.11,3.09,185.34000000000003,477.0,1,1,1.0
1790,1,797.72,2.37,202.12,478.12,1,1,1.0
1791,1,790.55,1.92,214.69000000000005,477.38,1,1,1.0
1792,1,785.77,0.4,226.12,479.62,1,1,1.0
1793,1,860.11,4.31,154.68999999999994,477.75,1,1,1.0
1793,2,903.98,9.45,106.78999999999996,414.0,1,1,1.0
1794,1,860.86,3.89,160.30999999999995,480.0,1,1,1.0
1794,2,783.98,2.44,146.15999999999997,438.0,1,1,1.0
1795,1,861.94,2.25,165.64999999999986,480.75,1,1,1.0
1795,2,784.31,0.21,149.81000000000006,434.25,1,1,1.0
1796,1,861.7,2.25,169.69000000000005,478.87,1,1,1.0
1796,2,785.77,1.5,141.93000000000006,436.5,1,1,1.0
1797,1,862.69,1.55,174.08999999999992,477.75,1,1,1.0
1797,2,788.39,-0.66,134.63,443.63000000000005,1,1,1.0
1798,1,862.27,3.56,176.62000000000012,474.0,1,1,1.0
1798,2,791.95,-0.8,136.68999999999994,447.0,1,1,1.0
1799,1,864.7,3.0,175.77999999999997,473.25,1,1,1.0
1799,2,795.7,-0.3,134.05999999999995,451.5,1,1,1.0
1800,1,869.82,3.23,176.07000000000005,465.0,1,1,1.0
1800,2,796.22,-1.95,135.0,458.63,1,1,1.0
1801,1,871.0,3.47,172.5,460.86999999999995,1,1,1.0
1801,2,796.5,0.28,137.62,460.88000000000005,1,1,1.0
1802,1,880.71,5.72,163.12999999999988,453.75,1,1,1.0
1802,2,796.12,-0.38,140.26,464.63,1,1,1.0
1803,1,897.4,4.85,150.4699999999999,438.0,1,1,1.0
1803,2,794.06,2.11,141.0,461.25,1,1,1.0
1804,1,909.33,-1.64,149.81000000000006,445.87,1,1,1.0
1804,2,789.38,2.06,145.87,461.25,1,1,1.0
1805,1,921.56,-0.14,147.55999999999995,437.25,1,1,1.0
1805,2,782.11,2.91,142.12,460.86999999999995,1,1,1.0
1806,1,944.7,3.09,136.68000000000006,431.63000000000005,1,1,1.0
1806,2,774.98,1.64,146.43999999999994,462.75,1,1,1.0
1807,1,967.66,5.13,116.25000000000011,428.25,1,1,1.0
1807,2,771.09,1.69,148.78999999999996,463.5,1,1,1.0
1808,1,973.36,3.42,117.46999999999991,432.0,1,1,1.0
1808,2,763.27,2.91,155.25,461.25,1,1,1.0
1809,1,974.16,3.84,114.56000000000006,429.0,1,1,1.0
1809,2,756.8,1.83,160.12,460.12,1,1,1.0
1810,1,972.0,4.71,135.75,428.25,1,1,1.0
1810,2,749.25,1.88,166.87,460.12,1,1,1.0
1811,1,973.08,9.94,132.93999999999994,421.5,1,1,1.0
1811,2,745.76,2.2,167.81000000000006,459.75,1,1,1.0
1812,3,1017.28,5.3,127.97000000000003,474.0,1,1,1.0
1812,2,741.09,1.83,168.56999999999994,459.75,1,1,1.0
1813,3,1022.39,1.64,122.90999999999997,488.25,1,1,1.0
1813,2,736.24,1.22,170.15999999999997,462.0,1,1,1.0
1814,3,1014.28,1.88,121.88000000000011,488.24,1,1,1.0
1814,2,732.96,1.83,171.0,465.0,1,1,1.0
1815,3,994.69,-2.25,139.8699999999999,492.0,1,1,1.0
1815,2,730.03,0.63,172.88,474.0,1,1,1.0
1816,3,965.86,-1.17,152.81000000000006,476.62,1,1,1.0
1816,2,728.02,-0.98,172.68000000000006,483.37,1,1,1.0
1817,3,954.05,-2.32,171.84000000000015,498.37,1,1,1.0
1817,2,725.86,-1.22,172.87,490.88000000000005,1,1,1.0
1818,3,947.2,1.92,175.02999999999997,496.13,1,1,1.0
1818,2,723.75,0.23,172.69000000000005,493.5,1,1,1.0
1819,3,942.94,1.41,171.55999999999995,499.86999999999995,1,1,1.0
1819,2,722.34,1.03,171.38,494.63000000000005,1,1,1.0
1820,3,941.72,0.66,176.05999999999995,504.0,1,1,1.0
1820,2,720.52,0.21,170.34000000000003,497.25,1,1,1.0
1821,3,935.11,0.38,177.65999999999997,508.87,1,1,1.0
1821,2,715.59,3.12,171.85000000000002,497.25,1,1,1.0
1822,3,934.45,1.17,173.90999999999985,509.25,1,1,1.0
1822,2,711.47,2.81,173.14999999999998,504.75,1,1,1.0
1823,3,935.81,1.88,168.94000000000005,507.74,1,1,1.0
1823,2,707.39,0.26,174.09000000000003,515.25,1,1,1.0
1824,3,937.59,0.05,165.57000000000005,507.75,1,1,1.0
1824,2,703.22,1.83,177.75,518.62,1,1,1.0
1824,4,881.81,3.14,103.60000000000002,402.0,1,1,1.0
1825,3,939.14,-0.14,156.65999999999997,508.87,1,1,1.0
1825,2,699.8,0.77,179.72000000000003,523.13,1,1,1.0
1825,4,885.19,2.91,94.11999999999989,404.61999999999995,1,1,1.0
1826,3,937.45,1.12,153.47000000000003,507.38,1,1,1.0
1826,2,698.02,2.11,178.5,522.75,1,1,1.0
1826,4,880.99,8.6,91.26999999999998,396.38,1,1,1.0
1827,3,928.27,0.94,156.18000000000006,506.62,1,1,1.0
1827,2,696.82,-0.02,178.12,525.0,1,1,1.0
1827,4,878.34,10.95,88.45999999999992,393.37,1,1,1.0
1828,3,918.89,0.94,159.7500000000001,506.62,1,1,1.0
1828,2,696.3,2.46,176.44000000000005,523.13,1,1,1.0
1828,4,876.38,12.12,92.38999999999999,391.5,1,1,1.0
1829,3,915.05,0.52,158.72000000000003,508.87,1,1,1.0
1829,2,695.02,4.62,176.06000000000006,520.87,1,1,1.0
1829,4,873.23,13.22,96.38,391.11999999999995,1,1,1.0
1830,3,907.55,2.48,163.87000000000012,510.75,1,1,1.0
1830,2,693.98,2.79,174.93999999999994,523.12,1,1,1.0
1830,4,869.11,11.81,99.37,395.63,1,1,1.0
1831,3,902.11,2.3,168.4699999999999,518.25,1,1,1.0
1831,2,692.18,5.23,174.94000000000005,519.75,1,1,1.0
1831,4,858.89,1.27,99.84000000000003,404.62,1,1,1.0
1832,3,897.61,0.0,171.37,523.5,1,1,1.0
1832,2,690.96,5.11,176.25,519.75,1,1,1.0
1832,4,855.0,2.53,107.25,406.88000000000005,1,1,1.0
1833,3,896.77,1.64,168.93000000000006,510.75,1,1,1.0
1833,2,689.34,4.27,176.25,520.87,1,1,1.0
1833,4,848.11,1.2,108.0,413.25,1,1,1.0
1834,3,894.28,1.45,169.69000000000005,516.75,1,1,1.0
1834,2,687.7,6.68,172.13,518.62,1,1,1.0
1834,4,841.78,-0.47,103.22000000000003,420.0,1,1,1.0
1835,3,891.98,1.83,170.53999999999996,527.25,1,1,1.0
1835,2,686.81,3.96,171.3800000000001,526.5,1,1,1.0
1835,4,835.78,-1.59,105.27999999999997,427.86999999999995,1,1,1.0
1836,3,889.83,-1.64,169.9699999999999,559.87,1,1,1.0
1836,2,685.45,3.75,171.18999999999994,534.75,1,1,1.0
1836,4,832.43,-6.96,108.37,442.12,1,1,1.0
1837,3,885.8,-2.48,172.02999999999997,565.87,1,1,1.0
1837,2,683.81,1.12,171.56000000000006,549.0,1,1,1.0
1837,4,829.22,-7.55,113.52999999999997,455.25,1,1,1.0
1838,3,883.78,-1.97,173.16000000000008,568.5,1,1,1.0
1838,2,682.69,1.92,172.68999999999994,557.25,1,1,1.0
1838,4,822.87,-5.53,119.42999999999995,459.0,1,1,1.0
1839,3,883.12,-1.88,173.15999999999997,570.38,1,1,1.0
1839,2,682.55,1.64,173.9000000000001,559.5,1,1,1.0
1839,4,817.85,-3.73,121.88,460.88,1,1,1.0
1840,3,882.52,-2.39,173.9000000000001,571.5,1,1,1.0
1840,2,681.98,3.66,173.90999999999997,556.12,1,1,1.0
1840,4,813.91,-2.11,124.03000000000009,460.88,1,1,1.0
1841,3,881.95,-2.44,175.22000000000003,571.5,1,1,1.0
1841,2,681.8,2.25,173.1500000000001,558.75,1,1,1.0
1841,4,810.33,-0.28,125.80999999999995,461.25,1,1,1.0
1842,3,881.25,-2.53,176.52999999999997,570.0,1,1,1.0
1842,2,682.36,2.95,172.02999999999997,561.0,1,1,1.0
1842,4,807.23,-0.47,126.65999999999997,463.5,1,1,1.0
1843,3,882.28,1.5,175.77999999999997,566.25,1,1,1.0
1843,2,682.64,3.56,173.90999999999997,564.3800000000001,1,1,1.0
1843,4,806.11,-0.47,126.27999999999997,463.88000000000005,1,1,1.0
1844,3,881.41,2.81,176.90999999999997,565.5,1,1,1.0
1844,2,683.58,4.36,175.02999999999997,569.25,1,1,1.0
1844,4,802.24,-0.33,129.47000000000003,465.0,1,1,1.0
1845,3,880.41,2.2,178.87,567.38,1,1,1.0
1845,2,683.81,4.36,177.3800000000001,577.5,1,1,1.0
1845,4,799.41,-1.27,131.14999999999998,466.88,1,1,1.0
1846,3,879.26,3.66,181.30999999999995,562.87,1,1,1.0
1846,2,685.22,5.81,178.68999999999994,592.5,1,1,1.0
1846,4,799.1,-0.8,131.15999999999997,467.25,1,1,1.0
1847,3,877.1,3.61,183.56000000000006,567.37,1,1,1.0
1847,2,685.97,7.22,181.68999999999994,596.25,1,1,1.0
1847,4,802.34,-2.2,126.27999999999997,468.75,1,1,1.0
1848,3,875.18,4.31,185.34000000000003,567.0,1,1,1.0
1848,2,687.19,5.25,183.0,600.37,1,1,1.0
1848,4,805.5,-4.17,121.30999999999995,468.0,1,1,1.0
1849,3,872.88,5.44,187.88,565.1199999999999,1,1,1.0
1849,2,689.77,3.33,184.21000000000004,604.87,1,1,1.0
1849,4,810.0,-3.42,115.5,463.5,1,1,1.0
1850,3,870.59,5.77,189.7499999999999,573.37,1,1,1.0
1850,2,689.86,6.68,187.5,600.0,1,1,1.0
1851,3,870.84,6.38,191.9999999999999,587.62,1,1,1.0
1851,2,689.27,7.76,191.52999999999997,598.5,1,1,1.0
1852,3,867.98,5.41,189.37999999999988,604.88,1,1,1.0
1852,2,688.08,8.16,191.52999999999997,597.0,1,1,1.0
1853,3,866.41,4.69,190.5000000000001,614.25,1,1,1.0
1853,2,688.59,9.19,191.81999999999994,595.1199999999999,1,1,1.0
1854,3,863.52,6.21,192.19000000000005,622.88,1,1,1.0
1854,2,689.44,6.75,190.1199999999999,597.37,1,1,1.0
1855,3,861.3,8.3,192.94000000000005,636.0,1,1,1.0
1855,2,690.61,4.97,189.27999999999997,599.25,1,1,1.0
1856,3,860.19,9.47,192.19000000000005,637.5,1,1,1.0
1856,2,691.83,6.94,185.14999999999998,597.0,1,1,1.0
1857,3,857.11,11.62,189.7499999999999,634.88,1,1,1.0
1857,2,692.3,8.06,182.5300000000001,601.8800000000001,1,1,1.0
1858,3,853.55,12.56,189.84000000000015,636.0,1,1,1.0
1858,2,694.48,10.55,180.17999999999995,611.62,1,1,1.0
1859,3,850.88,13.92,191.5300000000001,634.88,1,1,1.0
1859,2,694.76,11.67,178.59000000000003,619.88,1,1,1.0
1860,3,850.12,15.19,192.18999999999994,634.8699999999999,1,1,1.0
1860,2,695.11,12.38,177.37,634.87,1,1,1.0
1861,3,850.17,16.78,193.5000000000001,634.88,1,1,1.0
1861,2,695.41,12.94,177.38,648.0,1,1,1.0
1862,3,845.44,15.84,198.19000000000005,632.25,1,1,1.0
1862,2,694.88,16.55,175.5,647.25,1,1,1.0
1863,3,844.69,16.29,200.25,631.87,1,1,1.0
1863,2,693.14,18.52,178.5,650.25,1,1,1.0
1864,3,844.03,16.27,201.94000000000005,632.25,1,1,1.0
1864,2,690.98,21.8,179.53999999999996,650.25,1,1,1.0
1865,3,844.69,16.85,202.1199999999999,631.88,1,1,1.0
1865,2,688.03,28.99,183.56000000000006,654.38,1,1,1.0
1866,3,842.39,22.17,205.31000000000006,629.25,1,1,1.0
1866,2,685.1,30.38,187.13,667.5,1,1,1.0
1867,3,843.84,23.72,205.32000000000005,634.87,1,1,1.0
1867,2,682.45,29.53,188.80999999999995,669.75,1,1,1.0
1868,3,847.88,20.16,202.5000000000001,652.5,1,1,1.0
1868,2,678.75,29.25,193.5,672.75,1,1,1.0
1869,3,850.22,28.34,204.3699999999999,657.37,1,1,1.0
1869,2,675.19,28.64,198.0,677.63,1,1,1.0
1870,3,850.36,29.53,212.62,670.5,1,1,1.0
1870,2,672.47,30.61,201.93999999999994,675.0,1,1,1.0
1871,3,853.55,30.84,209.62000000000012,679.13,1,1,1.0
1871,2,668.34,31.27,207.93999999999994,675.0,1,1,1.0
1872,3,857.44,30.66,207.3699999999999,693.37,1,1,1.0
1872,2,663.66,31.12,212.06000000000006,674.63,1,1,1.0
1873,3,862.34,30.89,207.7499999999999,691.13,1,1,1.0
1873,2,660.42,28.31,216.94000000000005,677.6300000000001,1,1,1.0
1874,3,871.55,31.55,207.94000000000005,688.12,1,1,1.0
1874,2,656.72,25.83,222.93999999999994,681.37,1,1,1.0
1875,3,876.7,29.06,210.55999999999995,692.25,1,1,1.0
1875,2,654.3,25.31,226.88,680.6300000000001,1,1,1.0
1876,3,881.39,27.42,214.13,693.75,1,1,1.0
1876,2,653.67,24.66,229.5,680.62,1,1,1.0
1877,3,884.48,24.52,218.25,697.5,1,1,1.0
1877,2,650.06,25.17,234.19000000000005,682.88,1,1,1.0
1878,3,886.27,23.34,224.05999999999995,697.5,1,1,1.0
1878,2,646.69,26.81,237.18999999999994,690.0,1,1,1.0
1878,4,810.0,-3.42,115.5,463.5,1,1,1.0
1879,3,889.41,22.12,226.5000000000001,698.26,1,1,1.0
1879,2,645.94,28.45,240.93999999999994,702.38,1,1,1.0
1879,4,778.22,-2.06,128.89999999999998,573.3699999999999,1,1,1.0
1880,3,891.14,20.91,229.5000000000001,698.25,1,1,1.0
1880,2,645.94,31.36,242.25,718.87,1,1,1.0
1880,4,781.22,-1.03,130.02999999999997,571.5,1,1,1.0
1881,3,890.62,21.7,232.32000000000005,695.25,1,1,1.0
1881,2,645.28,39.47,243.38,724.12,1,1,1.0
1881,4,780.61,-2.58,134.80999999999995,574.88,1,1,1.0
1882,3,889.24,21.77,235.87999999999988,700.13,1,1,1.0
1882,2,646.22,42.84,243.55999999999995,724.88,1,1,1.0
1882,4,782.2,-3.14,136.88,576.0,1,1,1.0
1883,3,891.42,22.31,236.81000000000006,708.3800000000001,1,1,1.0
1883,2,646.78,47.16,244.31000000000006,724.87,1,1,1.0
1883,4,785.34,-3.84,139.2199999999999,578.25,1,1,1.0
1884,3,895.31,24.94,237.55999999999995,719.6199999999999,1,1,1.0
1884,2,647.44,50.81,246.55999999999995,731.6300000000001,1,1,1.0
1884,4,789.52,-3.56,138.64999999999998,580.1199999999999,1,1,1.0
1885,3,897.75,28.5,237.94000000000005,739.5,1,1,1.0
1885,2,648.56,53.34,247.1300000000001,738.38,1,1,1.0
1885,4,791.53,-2.91,139.97000000000003,582.75,1,1,1.0
1886,3,899.62,31.97,239.07000000000005,758.25,1,1,1.0
1886,2,648.12,50.62,249.37,772.5,1,1,1.0
1886,4,797.11,-3.05,135.65999999999997,576.75,1,1,1.0
1887,3,900.84,38.79,239.9999999999999,768.75,1,1,1.0
1887,2,648.87,53.67,250.68999999999994,774.75,1,1,1.0
1887,4,800.95,-1.12,136.40999999999997,581.24,1,1,1.0
1888,3,899.91,41.98,242.2500000000001,774.0,1,1,1.0
1888,2,650.91,56.2,252.18000000000006,767.25,1,1,1.0
1888,4,804.28,-3.61,137.34000000000003,596.25,1,1,1.0
1889,3,900.09,44.41,243.57000000000005,790.5,1,1,1.0
1889,2,650.2,56.37,254.43999999999994,768.75,1,1,1.0
1889,4,806.62,-5.34,137.82000000000005,579.75,1,1,1.0
1890,3,899.91,46.83,245.42999999999995,797.25,1,1,1.0
1890,2,649.97,56.7,255.75,768.75,1,1,1.0
1890,4,810.09,-5.62,136.60000000000002,588.0,1,1,1.0
1891,3,897.66,47.72,249.37,797.25,1,1,1.0
1891,2,649.92,56.13,256.31000000000006,769.5,1,1,1.0
1891,4,813.66,0.56,135.64999999999998,429.38,1,1,1.0
1892,3,897.0,46.27,249.55999999999995,799.5,1,1,1.0
1892,2,649.78,54.77,256.69000000000005,771.0,1,1,1.0
1892,4,816.61,-0.09,132.65999999999997,396.36999999999995,1,1,1.0
1893,3,897.09,44.81,248.43999999999994,801.75,1,1,1.0
1893,2,649.69,54.59,258.0,771.75,1,1,1.0
1894,3,895.78,41.55,249.3800000000001,804.0,1,1,1.0
1894,2,650.81,55.69,257.44000000000005,768.75,1,1,1.0
1895,3,896.44,38.81,251.80999999999995,808.5,1,1,1.0
1895,2,651.09,56.51,258.93999999999994,768.75,1,1,1.0
1896,3,897.19,37.1,252.94000000000005,810.75,1,1,1.0
1896,2,653.16,56.86,257.62,769.5,1,1,1.0
1896,4,816.61,-0.09,132.65999999999997,396.36999999999995,1,1,1.0
1897,3,898.12,36.23,254.43999999999994,811.5,1,1,1.0
1897,2,656.3,60.05,254.62,766.87,1,1,1.0
1897,4,821.56,9.38,131.1500000000001,240.74,1,1,1.0
1898,3,898.59,36.0,254.63,810.75,1,1,1.0
1898,2,656.06,62.25,256.31000000000006,765.75,1,1,1.0
1898,4,819.75,11.27,135.0,241.13,1,1,1.0
1899,3,900.19,36.87,253.8699999999999,811.5,1,1,1.0
1899,2,655.73,64.83,257.63,783.0,1,1,1.0
1899,4,817.83,12.38,136.30999999999995,250.68,1,1,1.0
1900,3,903.47,38.93,252.94000000000005,807.75,1,1,1.0
1900,2,658.45,66.19,256.30999999999995,811.5,1,1,1.0
1900,4,814.06,11.58,139.68000000000006,257.81,1,1,1.0
1901,3,908.06,43.55,250.69000000000005,819.75,1,1,1.0
1901,2,659.06,69.14,254.06000000000006,833.25,1,1,1.0
1902,3,911.67,43.55,254.43999999999994,854.25,1,1,1.0
1902,2,658.31,73.69,256.8800000000001,841.5,1,1,1.0
1903,3,913.52,43.45,259.69000000000005,884.25,1,1,1.0
1903,2,656.81,79.59,260.81000000000006,844.5,1,1,1.0
1904,3,917.91,47.25,261.56000000000006,904.5,1,1,1.0
1904,2,653.62,86.53,265.88,849.0,1,1,1.0
1905,3,923.51,51.38,261.19000000000005,909.74,1,1,1.0
1905,2,650.25,91.88,270.75,852.0,1,1,1.0
1906,3,927.66,53.06,262.5000000000001,931.5,1,1,1.0
1906,2,647.2,93.77,273.93999999999994,868.5,1,1,1.0
1907,3,933.23,56.25,266.6299999999999,931.5,1,1,1.0
1907,2,643.03,96.96,279.38,884.25,1,1,1.0
1907,4,798.33,14.34,157.68999999999994,637.5,1,1,1.0
1908,3,938.72,56.44,272.25,936.75,1,1,1.0
1908,2,638.95,98.86,277.88,896.25,1,1,1.0
1908,4,793.36,17.16,163.87,652.5,1,1,1.0
1909,3,946.41,56.62,274.12,936.76,1,1,1.0
1909,2,633.28,98.44,279.38,902.25,1,1,1.0
1909,4,785.11,25.27,176.05999999999995,657.75,1,1,1.0
1910,3,949.41,58.78,282.17999999999995,936.75,1,1,1.0
1910,2,627.84,98.72,282.56999999999994,904.5,1,1,1.0
1910,4,781.31,28.27,183.3800000000001,675.0,1,1,1.0
1911,3,953.2,59.44,288.0,936.75,1,1,1.0
1911,2,620.91,96.98,287.06000000000006,906.75,1,1,1.0
1911,4,779.32,27.47,187.12,699.37,1,1,1.0
1912,3,956.11,58.88,293.9999999999999,938.24,1,1,1.0
1912,2,614.62,98.72,292.5,906.75,1,1,1.0
1912,4,775.88,27.75,193.12,714.37,1,1,1.0
1913,3,958.41,60.09,303.56000000000006,934.5,1,1,1.0
1913,2,609.28,98.91,295.13,906.75,1,1,1.0
1913,4,766.92,25.78,204.38,730.5,1,1,1.0
1914,3,958.5,60.75,312.0,933.0,1,1,1.0
1914,2,600.56,100.31,303.19000000000005,904.5,1,1,1.0
1914,4,762.89,29.06,212.06000000000006,739.5,1,1,1.0
1915,3,955.78,64.12,319.69000000000005,929.26,1,1,1.0
1915,2,591.38,100.22,311.42999999999995,904.5,1,1,1.0
1915,4,761.81,31.22,216.3800000000001,745.5,1,1,1.0
1916,3,954.09,66.84,326.2499999999999,933.0,1,1,1.0
1916,2,587.72,102.33,313.30999999999995,902.25,1,1,1.0
1916,4,759.94,31.55,223.1199999999999,749.25,1,1,1.0
1917,3,954.84,70.12,328.68999999999994,974.9999999999999,1,1,1.0
1917,2,577.97,105.8,319.68999999999994,899.25,1,1,1.0
1917,4,763.41,33.52,223.68000000000006,751.12,1,1,1.0
1918,3,956.62,71.91,331.68999999999994,1001.2500000000001,1,1,1.0
1918,2,574.41,108.98,317.62,897.75,1,1,1.0
1918,4,762.66,31.99,228.0,756.75,1,1,1.0
1919,3,958.97,75.09,333.3699999999999,995.2499999999999,1,1,1.0
1919,2,570.0,111.23,317.62,926.25,1,1,1.0
1919,4,763.48,32.6,231.37,756.0,1,1,1.0
1920,3,960.66,80.02,334.31000000000006,995.25,1,1,1.0
1920,2,566.62,115.03,317.63,954.75,1,1,1.0
1920,4,764.44,32.39,234.3699999999999,756.0,1,1,1.0
1921,3,961.59,84.61,334.32000000000005,986.2499999999999,1,1,1.0
1921,2,563.53,119.25,312.38,953.25,1,1,1.0
1921,4,766.71,30.33,237.0,759.75,1,1,1.0
1922,3,961.97,90.75,335.6199999999999,978.75,1,1,1.0
1922,2,561.14,125.25,307.69000000000005,949.5,1,1,1.0
1922,4,768.56,27.61,238.1300000000001,762.75,1,1,1.0
1923,3,959.91,96.14,337.87,972.7500000000001,1,1,1.0
1923,2,559.92,133.31,304.5,939.75,1,1,1.0
1923,4,767.62,27.02,241.5,759.75,1,1,1.0
1924,3,954.94,99.28,343.5,969.0,1,1,1.0
1924,2,558.33,139.12,306.0,932.9999999999999,1,1,1.0
1924,4,767.67,27.4,243.19000000000005,756.0,1,1,1.0
1925,3,949.88,101.81,345.7399999999999,965.25,1,1,1.0
1925,2,556.88,147.19,308.06000000000006,924.0,1,1,1.0
1925,4,768.56,27.02,243.3800000000001,757.5,1,1,1.0
1926,3,945.47,101.72,348.0,963.75,1,1,1.0
1926,2,556.17,154.03,309.38,918.75,1,1,1.0
1926,4,767.2,26.55,245.25,765.0,1,1,1.0
1927,3,942.47,101.58,351.3699999999999,967.4999999999999,1,1,1.0
1927,2,552.94,160.41,313.30999999999995,912.0000000000001,1,1,1.0
1927,4,766.69,27.87,247.68999999999994,769.5,1,1,1.0
1928,3,939.84,102.75,357.7499999999999,965.25,1,1,1.0
1928,2,550.27,167.72,318.37,904.5,1,1,1.0
1928,4,768.14,29.04,247.13,776.25,1,1,1.0
1929,3,938.16,104.53,364.67999999999995,963.75,1,1,1.0
1929,2,548.3,171.09,323.44000000000005,902.2499999999999,1,1,1.0
1929,4,765.75,33.94,245.80999999999995,804.0,1,1,1.0
1930,3,937.88,107.39,367.87,958.5000000000001,1,1,1.0
1930,2,545.25,172.69,330.19000000000005,900.0,1,1,1.0
1930,4,764.16,35.16,246.0,810.75,1,1,1.0
1931,3,936.09,109.97,372.18999999999994,957.0,1,1,1.0
1931,2,540.05,170.81,338.43000000000006,903.0,1,1,1.0
1931,4,761.48,38.3,248.43999999999994,811.5,1,1,1.0
1932,3,932.62,115.78,377.9999999999999,951.75,1,1,1.0
1932,2,531.8,168.38,351.37,903.0000000000001,1,1,1.0
1932,4,758.62,44.62,254.63,751.13,1,1,1.0
1933,3,929.16,119.06,383.42999999999995,951.75,1,1,1.0
1933,2,526.45,168.0,358.13,902.25,1,1,1.0
1933,4,756.0,46.76,252.94000000000005,774.0,1,1,1.0
1934,3,927.0,122.53,387.75,948.0,1,1,1.0
1934,2,519.38,167.62,367.31000000000006,902.2600000000001,1,1,1.0
1934,4,753.8,51.07,253.87,752.63,1,1,1.0
1935,3,924.84,126.19,392.9999999999999,944.25,1,1,1.0
1935,2,512.02,168.66,377.25,902.2500000000001,1,1,1.0
1935,4,753.28,48.56,257.63,735.75,1,1,1.0
1936,3,923.62,133.69,396.38,934.5,1,1,1.0
1936,2,505.97,174.4,387.0,894.0000000000001,1,1,1.0
1936,4,750.19,49.22,255.3699999999999,730.5,1,1,1.0
1937,3,919.12,135.94,407.63,939.0,1,1,1.0
1937,2,499.69,178.29,395.25000000000006,893.25,1,1,1.0
1937,4,746.3,50.53,258.18000000000006,730.5,1,1,1.0
1938,3,921.0,142.41,412.5,931.5000000000001,1,1,1.0
1938,2,497.06,183.38,400.13000000000005,889.5000000000001,1,1,1.0
1938,4,740.48,50.62,261.18999999999994,734.63,1,1,1.0
1939,3,919.64,149.72,418.5000000000001,922.5,1,1,1.0
1939,2,493.08,188.91,405.75000000000006,883.5000000000001,1,1,1.0
1939,4,734.72,50.62,265.87,738.38,1,1,1.0
1940,3,920.77,155.91,421.8700000000001,917.2500000000001,1,1,1.0
1940,2,494.81,195.09,404.24999999999994,878.2499999999999,1,1,1.0
1940,4,732.19,50.16,267.55999999999995,769.5,1,1,1.0
1941,3,921.89,159.66,426.38,913.5000000000001,1,1,1.0
1941,2,495.61,203.67,402.0,870.7500000000001,1,1,1.0
1941,4,730.78,46.64,263.81000000000006,808.5,1,1,1.0
1942,3,923.02,162.94,430.5,909.75,1,1,1.0
1942,2,495.28,213.0,399.38,861.75,1,1,1.0
1942,4,723.56,47.53,269.06000000000006,818.25,1,1,1.0
1943,3,924.7,162.19,437.25,910.5,1,1,1.0
1943,2,489.98,223.08,399.38,852.7499999999999,1,1,1.0
1943,4,720.42,50.2,276.56000000000006,857.25,1,1,1.0
1944,3,927.56,158.44,439.8800000000001,913.5,1,1,1.0
1944,2,482.91,230.81,400.49999999999994,843.75,1,1,1.0
1944,4,721.01,53.34,279.37,896.25,1,1,1.0
1945,3,928.97,154.97,445.5,915.75,1,1,1.0
1945,2,471.84,239.48,401.25000000000006,834.75,1,1,1.0
1945,4,719.98,58.12,280.5,915.0,1,1,1.0
1946,3,928.59,150.28,452.9999999999999,921.0,1,1,1.0
1946,2,461.25,245.58,403.13,827.9999999999999,1,1,1.0
1946,4,716.53,60.75,285.75,933.0,1,1,1.0
1947,3,926.81,148.22,461.6300000000001,923.25,1,1,1.0
1947,2,445.31,250.64,411.38000000000005,821.2500000000001,1,1,1.0
1947,4,714.56,65.81,290.81000000000006,934.5,1,1,1.0
1948,3,925.31,149.44,467.25,922.5,1,1,1.0
1948,2,428.06,251.67,415.88000000000005,819.0000000000001,1,1,1.0
1948,4,716.62,72.84,291.0,938.25,1,1,1.0
1949,3,923.34,152.44,472.4999999999999,919.5,1,1,1.0
1949,2,406.97,253.55,425.62,814.5,1,1,1.0
1949,4,719.91,77.95,291.75,942.0,1,1,1.0
1950,3,921.56,156.56,479.6300000000001,915.0,1,1,1.0
1950,2,386.67,252.42,433.12999999999994,815.2500000000001,1,1,1.0
1950,4,724.08,83.34,292.12,946.4999999999999,1,1,1.0
1951,3,918.66,163.12,487.87,908.2600000000001,1,1,1.0
1951,2,364.69,247.31,439.86999999999995,823.5,1,1,1.0
1951,4,725.25,86.44,297.0,949.5,1,1,1.0
1952,3,914.16,169.78,496.5000000000001,903.0,1,1,1.0
1952,2,346.22,247.36,443.25,823.4999999999999,1,1,1.0
1952,4,726.52,89.25,303.18000000000006,939.75,1,1,1.0
1953,3,909.75,178.59,505.5,894.7499999999999,1,1,1.0
1953,2,326.72,243.42,447.37,828.7500000000001,1,1,1.0
1953,4,730.78,97.59,308.44000000000005,807.75,1,1,1.0
1954,3,906.75,186.0,512.6300000000001,888.0,1,1,1.0
1954,2,308.44,241.5,457.86999999999995,831.75,1,1,1.0
1954,4,733.27,97.5,315.3700000000001,812.25,1,1,1.0
1955,3,904.12,198.38,519.7600000000001,876.0000000000001,1,1,1.0
1955,2,265.88,239.06,492.74,836.25,1,1,1.0
1955,4,735.84,96.66,320.9999999999999,814.5,1,1,1.0
1956,3,902.81,211.12,523.8800000000001,862.4999999999999,1,1,1.0
1956,2,228.38,239.06,524.62,834.75,1,1,1.0
1956,4,742.12,96.0,320.9999999999999,826.5,1,1,1.0
1957,3,901.22,223.12,528.0,849.7600000000001,1,1,1.0
1957,2,213.94,238.69,533.6199999999999,836.25,1,1,1.0
1957,4,746.58,96.94,317.9999999999999,837.0,1,1,1.0
1958,3,899.25,236.81,531.0,836.25,1,1,1.0
1958,2,200.62,238.88,541.13,836.2399999999999,1,1,1.0
1958,4,750.14,97.97,311.43999999999994,839.25,1,1,1.0
1959,3,890.91,245.44,539.2500000000001,827.25,1,1,1.0
1959,2,190.78,243.14,541.13,827.2500000000001,1,1,1.0
1959,4,753.66,99.75,298.5000000000001,871.5,1,1,1.0
1960,3,880.03,255.38,547.5,816.7399999999999,1,1,1.0
1960,2,173.91,245.81,552.75,825.75,1,1,1.0
1960,4,755.39,100.45,291.38,908.25,1,1,1.0
1961,3,865.73,265.12,557.6299999999999,805.4999999999999,1,1,1.0
1961,2,158.72,250.27,564.37,821.25,1,1,1.0
1961,4,757.36,104.02,290.06000000000006,936.75,1,1,1.0
1962,3,851.16,276.38,567.0000000000001,796.5000000000001,1,1,1.0
1962,2,146.72,256.31,575.25,818.25,1,1,1.0
1962,4,760.12,104.77,287.07000000000005,954.75,1,1,1.0
1963,3,837.8,283.5,577.5,789.0,1,1,1.0
1963,2,141.0,265.5,575.25,809.25,1,1,1.0
1963,4,765.09,107.53,278.2499999999999,704.63,1,1,1.0
1964,3,822.56,285.56,590.6300000000001,787.5,1,1,1.0
1964,2,144.56,275.81,568.5,798.0,1,1,1.0
1964,4,767.34,109.62,272.2499999999999,663.0,1,1,1.0
1965,3,805.22,290.06,605.25,783.0,1,1,1.0
1965,2,139.31,287.06,571.5,786.75,1,1,1.0
1965,4,767.48,116.79,264.19000000000005,634.12,1,1,1.0
1966,3,788.62,293.53,623.63,775.5,1,1,1.0
1966,2,136.17,301.03,576.0,768.0,1,1,1.0
1966,4,767.72,120.02,258.55999999999995,636.38,1,1,1.0
1967,3,773.44,299.86,644.6199999999999,769.4999999999999,1,1,1.0
1967,2,133.59,310.03,577.88,760.1300000000001,1,1,1.0
1967,4,768.52,125.46,253.5,627.38,1,1,1.0
1968,3,761.06,307.83,669.3800000000001,761.6200000000001,1,1,1.0
1968,2,127.5,326.16,580.88,743.25,1,1,1.0
1968,4,766.64,131.95,252.38,606.75,1,1,1.0
1969,3,750.75,319.73,689.6300000000001,749.25,1,1,1.0
1969,2,122.2,340.12,580.88,730.4999999999999,1,1,1.0
1969,4,765.28,138.84,259.69000000000005,547.13,1,1,1.0
1970,3,741.75,330.09,708.3699999999999,740.25,1,1,1.0
1970,2,113.39,353.62,583.5,719.63,1,1,1.0
1970,4,759.84,145.78,264.7499999999999,553.5,1,1,1.0
1971,3,733.12,340.78,724.13,729.75,1,1,1.0
1971,2,100.5,363.28,592.12,708.3800000000001,1,1,1.0
1971,4,757.08,150.98,272.2499999999999,556.88,1,1,1.0
1972,3,725.72,344.62,735.3699999999999,722.63,1,1,1.0
1972,2,81.3,371.72,604.13,698.25,1,1,1.0
1972,4,753.47,153.87,279.3699999999999,559.5,1,1,1.0
1973,3,720.61,350.16,746.62,719.6199999999999,1,1,1.0
1973,2,62.91,376.88,615.0,695.2399999999999,1,1,1.0
1973,4,748.59,157.06,290.43999999999994,561.74,1,1,1.0
1974,3,717.23,368.34,756.3799999999999,702.75,1,1,1.0
1974,2,44.25,381.82,633.0,689.25,1,1,1.0
1974,4,744.98,157.45,319.69000000000005,576.3800000000001,1,1,1.0
1975,3,714.8,382.69,766.1200000000001,686.25,1,1,1.0
1975,2,24.38,391.66,649.12,677.6299999999999,1,1,1.0
1975,4,739.78,157.78,337.8800000000001,587.63,1,1,1.0
1976,3,716.06,397.59,773.25,670.8800000000001,1,1,1.0
1976,2,3.75,398.44,660.37,670.8699999999999,1,1,1.0
1976,4,732.98,158.72,352.31999999999994,598.5,1,1,1.0
1977,3,716.44,413.62,785.25,653.63,1,1,1.0
1977,2,-2.16,410.67,662.25,657.0,1,1,1.0
1977,4,727.12,159.98,359.9999999999999,619.88,1,1,1.0
1978,3,718.69,430.5,800.25,636.3800000000001,1,1,1.0
1978,2,-1.69,415.5,652.1300000000001,652.5,1,1,1.0
1978,4,720.05,161.2,369.94000000000005,642.0,1,1,1.0
1979,3,722.25,442.69,817.5,622.8699999999999,1,1,1.0
1979,2,-0.75,422.53,641.25,645.0,1,1,1.0
1979,4,714.28,159.75,382.30999999999995,701.63,1,1,1.0
1980,3,726.89,461.81,843.0000000000001,605.25,1,1,1.0
1980,2,-1.12,428.62,633.37,639.7600000000001,1,1,1.0
1980,4,708.47,164.62,391.1199999999999,771.76,1,1,1.0
1981,3,742.88,471.0,830.2399999999999,594.0,1,1,1.0
1981,2,-1.64,446.02,615.0,624.3700000000001,1,1,1.0
1981,4,705.19,166.55,400.1199999999999,801.0,1,1,1.0
1982,3,761.81,483.66,831.75,580.5,1,1,1.0
1982,2,-2.72,453.8,597.0,618.75,1,1,1.0
1982,4,700.78,167.67,412.1300000000001,827.25,1,1,1.0
1983,3,782.34,495.28,833.2499999999999,570.75,1,1,1.0
1983,2,-5.27,467.2,580.87,604.8799999999999,1,1,1.0
1983,4,694.41,171.47,424.87,842.25,1,1,1.0
1984,3,804.94,502.12,837.0,560.63,1,1,1.0
1984,2,-0.66,477.56,553.88,594.0,1,1,1.0
1984,4,692.44,175.22,432.75,858.75,1,1,1.0
1985,3,822.38,517.41,835.5000000000001,544.12,1,1,1.0
1985,2,-0.84,489.75,550.87,580.5,1,1,1.0
1985,4,687.56,180.75,445.5,865.5,1,1,1.0
1986,3,836.81,532.03,830.25,530.25,1,1,1.0
1986,2,-0.19,493.69,511.88,576.75,1,1,1.0
1986,4,684.56,188.16,453.3800000000001,867.0000000000001,1,1,1.0
1987,3,847.12,546.94,843.7600000000001,514.1199999999999,1,1,1.0
1987,2,0.66,518.72,490.5,553.5,1,1,1.0
1987,4,684.19,196.41,458.25,864.7500000000001,1,1,1.0
1988,3,861.56,563.62,868.5,505.13,1,1,1.0
1988,2,0.66,516.19,457.11999999999995,555.75,1,1,1.0
1988,4,684.75,203.06,465.75,865.5,1,1,1.0
1989,3,876.94,580.59,900.0,490.88,1,1,1.0
1989,2,0.19,486.19,425.25,586.8699999999999,1,1,1.0
1989,4,682.5,208.88,474.3800000000001,863.2399999999999,1,1,1.0
1990,3,888.61,606.84,920.2499999999999,458.9999999999999,1,1,1.0
1990,4,678.38,209.48,488.2399999999999,864.75,1,1,1.0
1991,3,894.09,627.23,946.4999999999999,438.0,1,1,1.0
1991,4,680.06,207.98,497.25,865.5,1,1,1.0
1992,3,907.69,638.86,973.5,427.4999999999999,1,1,1.0
1992,4,687.19,206.48,497.25,866.25,1,1,1.0
1993,3,921.84,649.55,983.2499999999999,418.8700000000001,1,1,1.0
1993,4,691.78,204.0,503.25,868.5,1,1,1.0
1994,3,933.94,660.94,977.25,406.5,1,1,1.0
1994,4,692.48,208.5,511.8799999999999,857.25,1,1,1.0
1995,3,940.31,674.67,973.5,393.38,1,1,1.0
1995,4,696.7,209.44,514.1299999999999,857.25,1,1,1.0
1996,3,945.84,689.44,971.2499999999999,379.1199999999999,1,1,1.0
1996,4,698.91,210.19,518.2500000000001,857.25,1,1,1.0
1997,3,946.36,702.84,968.9999999999999,369.93999999999994,1,1,1.0
1997,4,702.94,211.12,520.5,858.7600000000001,1,1,1.0
1998,3,961.88,727.41,948.7399999999999,343.87,1,1,1.0
1998,4,704.81,213.56,520.5,857.25,1,1,1.0
1999,3,965.91,744.94,945.0000000000001,328.8699999999999,1,1,1.0
1999,4,707.62,214.5,519.7600000000001,857.25,1,1,1.0
2000,3,967.69,756.0,946.5,318.75,1,1,1.0
2000,4,709.88,216.0,518.2399999999999,855.75,1,1,1.0
2001,3,973.73,779.02,945.0,298.30999999999995,1,1,1.0
2001,4,712.12,217.12,515.2600000000001,854.9999999999999,1,1,1.0
2002,3,1012.45,798.61,901.5,279.7499999999999,1,1,1.0
2002,4,711.84,219.38,513.38,851.2399999999999,1,1,1.0
2003,3,1164.05,825.84,725.25,246.57000000000005,1,1,1.0
2003,4,711.28,222.19,512.6300000000001,849.0,1,1,1.0
2004,3,1161.4,848.34,766.1199999999999,223.13,1,1,1.0
2004,4,708.38,226.69,513.37,843.75,1,1,1.0
2005,4,705.47,229.88,515.25,841.5000000000001,1,1,1.0
2006,4,698.58,234.0,519.7499999999999,837.75,1,1,1.0
2007,4,692.44,237.56,524.6199999999999,834.75,1,1,1.0
2008,4,679.22,241.27,529.8699999999999,831.75,1,1,1.0
2009,4,669.47,244.5,533.6199999999999,828.75,1,1,1.0
2010,4,659.06,249.28,537.3800000000001,824.25,1,1,1.0
2011,4,648.19,255.0,541.8699999999999,816.75,1,1,1.0
2012,4,632.62,263.06,545.2600000000001,811.5,1,1,1.0
2013,4,600.19,269.81,568.5,805.5,1,1,1.0
2014,4,513.66,276.56,642.0000000000001,798.0,1,1,1.0
2015,4,569.06,285.19,571.5,789.75,1,1,1.0
2016,4,550.97,289.31,574.1199999999999,785.25,1,1,1.0
2017,4,527.62,294.0,581.9999999999999,781.5,1,1,1.0
2018,4,506.06,297.38,584.25,777.0000000000001,1,1,1.0
2019,4,475.12,298.5,598.13,777.75,1,1,1.0
2020,4,440.62,302.06,617.2600000000001,775.5,1,1,1.0
2021,4,410.62,301.88,633.38,775.5000000000001,1,1,1.0
2022,4,375.94,303.75,652.8699999999999,774.75,1,1,1.0
2023,4,351.75,307.12,664.87,770.9999999999999,1,1,1.0
2024,4,328.69,311.06,675.0,765.3800000000001,1,1,1.0
2025,4,307.69,314.06,684.75,761.6300000000001,1,1,1.0
2026,4,284.06,316.12,696.75,760.88,1,1,1.0
2027,4,228.19,318.38,748.5,757.12,1,1,1.0
2028,4,183.19,319.31,790.5,757.1300000000001,1,1,1.0
2029,4,242.81,321.19,718.5,753.75,1,1,1.0
2030,4,236.25,322.31,722.25,754.8800000000001,1,1,1.0
2031,4,227.62,324.19,730.13,753.75,1,1,1.0
2032,4,225.19,326.62,732.0,751.4999999999999,1,1,1.0
2033,4,225.38,327.75,732.0,750.3699999999999,1,1,1.0
2034,4,230.25,325.5,727.5,752.6199999999999,1,1,1.0
2035,4,234.0,321.56,722.25,754.8800000000001,1,1,1.0
2036,4,238.31,316.88,715.8800000000001,759.37,1,1,1.0
2037,4,243.0,312.94,708.38,763.1199999999999,1,1,1.0
2038,4,246.56,309.19,702.0,766.5,1,1,1.0
2039,4,247.69,305.62,696.75,769.4999999999999,1,1,1.0
2040,4,261.19,300.38,678.3699999999999,774.7399999999999,1,1,1.0
2041,4,264.56,294.19,672.0,780.75,1,1,1.0
2042,4,266.81,291.0,668.6300000000001,783.0,1,1,1.0
2043,4,271.12,287.62,663.76,786.7600000000001,1,1,1.0
2044,4,224.62,286.12,712.88,788.9999999999999,1,1,1.0
2045,4,122.81,284.62,815.25,791.2600000000001,1,1,1.0
2046,4,268.88,282.38,668.62,791.2399999999999,1,1,1.0
2047,4,260.06,280.88,678.3800000000001,793.5000000000001,1,1,1.0
2048,4,204.38,278.81,736.87,796.5,1,1,1.0
2049,3,981.75,644.11,771.75,425.9999999999999,1,1,1.0
2049,4,262.31,277.12,680.25,795.7600000000001,1,1,1.0
2050,3,983.44,627.94,749.6199999999999,441.0,1,1,1.0
2050,4,271.31,276.19,673.8800000000001,796.5,1,1,1.0
2051,3,982.64,606.42,729.0000000000001,462.0000000000001,1,1,1.0
2051,4,270.19,275.81,677.6199999999999,796.5,1,1,1.0
2052,3,978.75,587.25,710.25,483.3699999999999,1,1,1.0
2052,4,255.75,276.56,698.63,796.5,1,1,1.0
2053,3,976.69,573.19,686.6199999999999,495.0,1,1,1.0
2053,4,28.88,276.75,930.0,799.5,1,1,1.0
2054,3,983.53,550.97,654.3800000000001,518.25,1,1,1.0
2054,4,271.41,276.75,698.25,798.0,1,1,1.0
2055,3,986.06,534.47,631.5,527.6199999999999,1,1,1.0
2055,4,289.97,276.19,685.87,796.5,1,1,1.0
2056,3,985.88,513.09,608.62,550.88,1,1,1.0
2056,4,304.31,273.94,680.25,799.5,1,1,1.0
2057,3,993.19,496.12,590.6199999999999,568.4999999999999,1,1,1.0
2057,4,318.47,270.75,673.87,802.5,1,1,1.0
2058,3,1000.88,476.25,576.0000000000001,591.0,1,1,1.0
2058,4,333.38,267.38,667.5,806.2399999999999,1,1,1.0
2059,3,995.62,458.06,569.9999999999999,608.6300000000001,1,1,1.0
2059,4,351.19,265.12,659.25,809.2600000000001,1,1,1.0
2060,3,990.75,439.88,560.6300000000001,624.0000000000001,1,1,1.0
2060,4,370.12,261.75,650.26,813.75,1,1,1.0
2061,3,984.56,427.69,550.8800000000001,636.3699999999999,1,1,1.0
2061,4,396.56,260.81,628.8800000000001,814.5,1,1,1.0
2062,3,986.62,417.75,527.9999999999999,648.0,1,1,1.0
2062,4,424.69,258.94,609.75,816.75,1,1,1.0
2063,3,988.22,413.53,508.8699999999999,652.5,1,1,1.0
2063,4,452.62,259.69,588.7600000000001,816.0,1,1,1.0
2064,3,989.72,408.19,489.0,658.8699999999999,1,1,1.0
2064,4,466.12,263.25,580.13,812.25,1,1,1.0
2065,3,984.0,401.34,481.8800000000001,666.75,1,1,1.0
2065,4,502.5,265.88,550.8800000000001,809.2399999999999,1,1,1.0
2066,3,988.59,393.14,468.7499999999999,675.38,1,1,1.0
2066,4,528.09,266.06,529.4999999999999,810.0,1,1,1.0
2067,3,994.31,380.16,463.5,690.3699999999999,1,1,1.0
2067,4,549.94,266.02,507.75,804.75,1,1,1.0
2068,3,997.69,365.25,463.5,705.0,1,1,1.0
2068,4,564.23,259.97,496.1299999999999,811.5,1,1,1.0
2069,3,1002.19,349.27,461.25,719.6200000000001,1,1,1.0
2069,4,578.72,251.25,487.8699999999999,825.75,1,1,1.0
2070,3,991.41,337.59,472.5000000000001,729.75,1,1,1.0
2070,4,590.53,242.62,478.1300000000001,834.7600000000001,1,1,1.0
2071,3,970.12,328.73,497.9999999999999,738.75,1,1,1.0
2071,4,602.62,232.88,468.7600000000001,843.7399999999999,1,1,1.0
2072,3,939.56,321.61,533.6300000000001,746.9999999999999,1,1,1.0
2072,4,586.97,225.56,489.0,853.5,1,1,1.0
2073,3,915.75,315.33,564.3699999999999,752.6200000000001,1,1,1.0
2073,4,611.06,220.31,475.5,857.25,1,1,1.0
2074,3,891.52,309.38,587.25,762.0000000000001,1,1,1.0
2074,4,619.97,213.19,474.3699999999999,862.5,1,1,1.0
2075,3,860.48,304.78,616.1299999999999,766.8800000000001,1,1,1.0
2075,4,615.09,204.38,478.4999999999999,862.5000000000001,1,1,1.0
2076,3,835.27,300.0,635.6200000000001,771.75,1,1,1.0
2076,4,613.5,195.56,475.5,768.75,1,1,1.0
2077,3,790.73,297.14,672.0,773.2500000000001,1,1,1.0
2077,4,634.69,191.25,446.6199999999999,727.5,1,1,1.0
2078,3,764.53,295.5,687.3800000000001,776.25,1,1,1.0
2078,4,635.72,186.19,435.75,691.8699999999999,1,1,1.0
2079,3,748.88,293.62,694.12,771.7600000000001,1,1,1.0
2079,4,646.03,180.19,407.6300000000001,592.8699999999999,1,1,1.0
2080,3,728.62,293.06,703.88,775.5,1,1,1.0
2080,4,644.53,177.84,385.5,571.88,1,1,1.0
2081,3,687.75,290.44,730.1300000000001,783.0,1,1,1.0
2081,4,646.41,174.61,366.0,558.37,1,1,1.0
2082,3,672.38,289.5,730.12,780.75,1,1,1.0
2082,4,658.03,172.27,321.94000000000005,547.12,1,1,1.0
2083,3,663.84,291.56,718.4999999999999,777.0,1,1,1.0
2083,4,671.44,170.88,292.5,536.25,1,1,1.0
2084,3,658.59,287.62,700.4999999999999,780.7600000000001,1,1,1.0
2084,4,682.78,168.33,282.94000000000005,528.75,1,1,1.0
2085,3,653.11,272.3,682.12,797.25,1,1,1.0
2085,4,682.69,168.09,286.30999999999995,517.13,1,1,1.0
2086,3,647.16,263.81,663.7500000000001,804.75,1,1,1.0
2086,4,691.78,167.34,280.5,490.13,1,1,1.0
2087,3,629.25,260.25,670.1300000000001,811.5,1,1,1.0
2088,3,612.38,258.56,670.12,812.25,1,1,1.0
2089,3,601.5,246.38,663.75,823.5000000000001,1,1,1.0
2089,4,691.78,167.34,280.5,490.13,1,1,1.0
2090,3,594.94,242.44,662.25,830.25,1,1,1.0
2090,4,780.44,141.7,339.76,445.88000000000005,1,1,1.0
2091,3,588.94,242.44,660.3699999999999,830.25,1,1,1.0
2091,4,796.27,136.78,321.93000000000006,442.13,1,1,1.0
2092,3,585.38,235.31,659.2399999999999,838.5,1,1,1.0
2092,4,802.69,133.55,318.0,439.49999999999994,1,1,1.0
2093,3,585.56,233.62,652.8800000000001,841.4999999999999,1,1,1.0
2093,4,816.73,135.8,305.25,427.86999999999995,1,1,1.0
2094,3,588.0,231.0,649.1199999999999,843.75,1,1,1.0
2094,4,823.5,130.12,300.0,425.63,1,1,1.0
2095,3,588.75,228.75,649.1300000000001,845.25,1,1,1.0
2095,4,828.28,128.16,294.94000000000005,424.87,1,1,1.0
2096,3,590.81,226.69,645.75,846.75,1,1,1.0
2096,4,832.03,126.38,291.0,424.5,1,1,1.0
2097,3,596.62,223.88,633.38,849.7399999999999,1,1,1.0
2097,4,836.48,125.25,286.31999999999994,423.75,1,1,1.0
2098,3,602.62,223.12,621.7600000000001,849.7600000000001,1,1,1.0
2098,4,839.39,124.59,283.68999999999994,421.88,1,1,1.0
2099,3,609.56,223.5,611.25,849.75,1,1,1.0
2099,4,840.09,123.75,280.4999999999999,418.87,1,1,1.0
2100,3,619.27,224.25,600.0,846.75,1,1,1.0
2100,4,811.73,121.22,309.0,418.5,1,1,1.0
2101,3,632.2,223.31,585.3799999999999,846.75,1,1,1.0
2101,4,780.05,120.47,337.5,414.37,1,1,1.0
2102,3,645.09,221.06,571.4999999999999,849.0,1,1,1.0
2102,4,792.63,120.56,319.68999999999994,406.88000000000005,1,1,1.0
2103,3,659.67,217.12,556.5000000000001,851.9999999999999,1,1,1.0
2103,4,794.06,121.31,313.30999999999995,396.38000000000005,1,1,1.0
2104,3,672.42,211.31,542.63,855.75,1,1,1.0
2104,4,798.14,119.62,306.56000000000006,389.63,1,1,1.0
2105,3,679.78,201.56,534.3800000000001,864.75,1,1,1.0
2105,4,802.48,118.41,303.94000000000005,377.81000000000006,1,1,1.0
2106,3,690.23,187.22,523.1299999999999,882.0,1,1,1.0
2106,4,813.0,112.92,288.94000000000005,366.19,1,1,1.0
2107,3,697.08,171.84,515.2499999999999,896.9999999999999,1,1,1.0
2107,4,813.05,104.44,287.6200000000001,359.81,1,1,1.0
2108,3,699.94,159.0,510.3699999999999,909.75,1,1,1.0
2108,4,809.6,101.2,291.38,352.69,1,1,1.0
2109,3,703.69,154.88,505.5,912.0000000000001,1,1,1.0
2109,4,805.5,92.53,296.25,354.94000000000005,1,1,1.0
2110,3,706.69,148.59,501.3699999999999,919.4999999999999,1,1,1.0
2110,4,807.28,89.06,288.0,343.69,1,1,1.0
2111,3,709.88,142.69,495.7399999999999,926.25,1,1,1.0
2111,4,797.53,80.91,300.55999999999995,352.31000000000006,1,1,1.0
2112,3,712.5,134.16,492.0,934.5000000000001,1,1,1.0
2112,4,796.41,76.59,298.31000000000006,351.18999999999994,1,1,1.0
2113,3,714.05,128.25,486.3700000000001,938.25,1,1,1.0
2113,4,795.75,69.89,277.30999999999995,352.31,1,1,1.0
2114,3,718.12,130.03,478.4999999999999,936.75,1,1,1.0
2114,2,-0.09,568.59,313.31,506.2499999999999,1,1,1.0
2114,4,792.56,68.62,289.69000000000005,350.44,1,1,1.0
2115,3,725.06,136.5,466.5,931.5,1,1,1.0
2115,2,-0.19,419.48,348.19,651.75,1,1,1.0
2115,4,795.94,69.38,298.30999999999995,340.68,1,1,1.0
2116,3,728.81,145.78,453.3800000000001,922.5,1,1,1.0
2116,2,0.94,391.41,369.94,674.6199999999999,1,1,1.0
2116,4,796.78,69.75,302.05999999999995,342.75,1,1,1.0
2117,3,733.22,151.88,439.8699999999999,915.0000000000001,1,1,1.0
2117,2,-1.12,360.0,418.87,709.5,1,1,1.0
2117,4,799.97,69.19,297.3699999999999,342.37,1,1,1.0
2118,3,734.48,155.72,430.5,912.0,1,1,1.0
2118,2,-0.47,386.77,446.25,680.6200000000001,1,1,1.0
2118,4,803.34,69.28,293.07000000000005,343.88,1,1,1.0
2119,3,733.92,156.75,421.13,912.0,1,1,1.0
2119,2,-0.09,378.42,468.75,687.3799999999999,1,1,1.0
2119,4,805.45,72.98,287.44000000000005,330.94,1,1,1.0
2120,3,731.91,155.91,413.2500000000001,913.5000000000001,1,1,1.0
2120,2,0.84,373.73,510.75,692.6299999999999,1,1,1.0
2120,4,806.58,70.5,289.68999999999994,339.75,1,1,1.0
2121,3,726.56,136.03,406.5,934.5,1,1,1.0
2121,2,-0.28,368.95,553.87,697.1299999999999,1,1,1.0
2121,4,810.73,69.56,288.0,341.25,1,1,1.0
2122,3,723.19,134.62,405.75,936.7600000000001,1,1,1.0
2122,2,-1.12,358.5,588.0,714.0,1,1,1.0
2122,4,817.03,66.66,281.44000000000005,331.12,1,1,1.0
2123,3,720.84,127.88,406.4999999999999,944.2399999999999,1,1,1.0
2123,2,18.19,352.5,586.8699999999999,719.6199999999999,1,1,1.0
2123,4,820.43,62.16,277.68999999999994,328.31000000000006,1,1,1.0
2124,3,721.03,121.88,404.25,949.5000000000001,1,1,1.0
2124,2,52.31,344.81,588.0,726.3800000000001,1,1,1.0
2124,4,840.94,56.34,255.19000000000005,330.38,1,1,1.0
2125,3,724.31,116.81,399.0,953.25,1,1,1.0
2125,2,87.66,333.94,572.62,736.5,1,1,1.0
2125,4,859.55,50.53,236.25,335.80999999999995,1,1,1.0
2126,3,729.38,116.16,391.12,953.2500000000001,1,1,1.0
2126,2,120.94,317.81,568.8699999999999,750.3800000000001,1,1,1.0
2126,4,877.45,45.94,216.75,333.19,1,1,1.0
2127,3,734.81,113.34,385.5,956.9999999999999,1,1,1.0
2127,2,149.44,304.69,564.75,761.6199999999999,1,1,1.0
2127,4,891.33,42.38,201.37,329.43,1,1,1.0
2128,3,743.81,109.31,376.8800000000001,960.0,1,1,1.0
2128,2,175.97,287.81,561.75,780.75,1,1,1.0
2128,4,887.06,38.58,204.75,328.87,1,1,1.0
2129,3,751.12,104.2,368.2600000000001,965.25,1,1,1.0
2129,2,203.25,272.06,560.25,798.0,1,1,1.0
2129,4,858.94,33.84,231.19000000000005,328.88,1,1,1.0
2130,3,758.34,95.77,357.18999999999994,975.0,1,1,1.0
2130,2,222.19,263.25,564.75,806.25,1,1,1.0
2130,4,888.23,29.25,201.56999999999994,330.0,1,1,1.0
2131,3,766.03,91.31,346.30999999999995,977.25,1,1,1.0
2131,2,240.0,251.25,562.5,819.75,1,1,1.0
2131,4,861.47,27.38,227.05999999999995,328.31,1,1,1.0
2132,3,773.44,92.48,336.55999999999995,977.25,1,1,1.0
2132,2,257.44,239.44,560.6199999999999,832.5,1,1,1.0
2132,4,853.45,26.2,233.62999999999988,324.75,1,1,1.0
2133,3,780.75,89.25,330.19000000000005,980.25,1,1,1.0
2133,2,272.06,230.44,560.6300000000001,840.0,1,1,1.0
2133,4,855.8,26.53,228.94000000000005,318.38,1,1,1.0
2134,3,786.66,88.36,326.81000000000006,980.2499999999999,1,1,1.0
2134,2,283.69,221.81,560.6199999999999,849.0,1,1,1.0
2134,4,850.88,27.05,232.87,309.93,1,1,1.0
2135,3,792.19,97.41,323.44000000000005,971.2500000000001,1,1,1.0
2135,2,301.12,215.62,549.76,854.9999999999999,1,1,1.0
2135,4,845.3,29.2,236.62000000000012,300.19,1,1,1.0
2136,3,797.2,92.67,324.0,977.2500000000001,1,1,1.0
2136,2,315.0,213.56,545.25,857.25,1,1,1.0
2136,4,844.55,30.56,234.94000000000005,285.75,1,1,1.0
2137,3,803.81,90.09,324.0,980.2499999999999,1,1,1.0
2137,2,329.44,210.19,534.3699999999999,860.25,1,1,1.0
2137,4,837.84,30.75,236.63,270.0,1,1,1.0
2138,3,807.33,77.72,323.9999999999999,995.25,1,1,1.0
2138,2,342.94,210.19,522.0,862.5,1,1,1.0
2138,4,835.36,32.16,232.87,262.31000000000006,1,1,1.0
2139,3,808.73,69.89,327.3799999999999,999.0000000000001,1,1,1.0
2139,2,355.31,210.75,511.88000000000005,861.0,1,1,1.0
2139,4,835.69,30.0,218.44000000000005,261.0,1,1,1.0
2140,3,808.41,62.48,329.62,997.5,1,1,1.0
2140,2,368.06,211.88,501.38000000000005,858.7399999999999,1,1,1.0
2140,4,828.47,26.06,165.93999999999994,263.44,1,1,1.0
2141,3,807.47,58.27,330.19000000000005,969.0,1,1,1.0
2141,2,378.75,209.62,495.75,858.7600000000001,1,1,1.0
2141,4,826.45,22.78,146.63,270.94000000000005,1,1,1.0
2142,3,806.91,57.09,330.92999999999995,949.5,1,1,1.0
2142,2,388.12,210.38,486.38,857.2399999999999,1,1,1.0
2142,4,828.7,17.72,138.18999999999994,275.44000000000005,1,1,1.0
2143,3,807.42,55.31,330.18999999999994,946.5,1,1,1.0
2143,2,397.5,212.67,477.75,857.2500000000001,1,1,1.0
2143,4,826.03,16.36,124.77999999999997,281.44,1,1,1.0
2144,3,808.73,54.09,328.1299999999999,949.5,1,1,1.0
2144,2,404.72,210.14,469.5,859.5000000000001,1,1,1.0
2144,4,824.37,11.99,125.80999999999995,286.31,1,1,1.0
2145,3,809.86,54.56,325.87,948.0,1,1,1.0
2145,2,415.31,205.78,457.88000000000005,864.75,1,1,1.0
2145,4,826.12,6.0,131.72000000000003,287.25,1,1,1.0
2146,3,812.39,52.69,321.0000000000001,949.5,1,1,1.0
2146,2,425.91,201.49,446.61999999999995,868.5,1,1,1.0
2146,4,824.81,3.38,138.0,291.18,1,1,1.0
2147,3,816.14,49.12,312.93999999999994,954.76,1,1,1.0
2147,2,432.0,195.63,442.5,874.5000000000001,1,1,1.0
2147,4,824.44,0.84,177.93999999999994,291.19,1,1,1.0
2148,3,817.88,47.16,305.62,957.0,1,1,1.0
2148,2,436.59,187.41,444.38000000000005,880.5000000000001,1,1,1.0
2148,4,821.44,0.98,207.3699999999999,293.25,1,1,1.0
2149,3,818.58,51.47,295.4999999999999,949.5,1,1,1.0
2149,2,446.44,177.56,441.75000000000006,891.75,1,1,1.0
2149,4,819.94,3.66,210.0,286.86999999999995,1,1,1.0
2150,3,815.58,48.47,288.7499999999999,951.75,1,1,1.0
2150,2,456.75,169.31,432.75,902.25,1,1,1.0
2150,4,820.97,4.22,207.0,269.05999999999995,1,1,1.0
2151,3,813.0,48.38,277.69000000000005,953.24,1,1,1.0
2151,2,465.38,165.38,432.0,906.0000000000001,1,1,1.0
2151,4,816.23,3.23,213.0,263.63,1,1,1.0
2152,3,808.59,44.25,273.38,953.25,1,1,1.0
2152,2,473.25,165.09,422.63,904.4999999999999,1,1,1.0
2152,4,826.45,0.96,208.5,244.13,1,1,1.0
2153,3,803.62,40.12,270.38,948.0,1,1,1.0
2153,2,480.89,160.03,416.63,909.75,1,1,1.0
2153,4,850.59,3.61,182.63,223.11999999999998,1,1,1.0
2154,3,799.69,41.06,267.3699999999999,906.75,1,1,1.0
2154,2,489.66,158.81,408.36999999999995,912.0,1,1,1.0
2154,4,870.05,7.12,162.27999999999997,210.76,1,1,1.0
2155,3,793.78,37.73,266.44000000000005,879.0,1,1,1.0
2155,2,498.09,157.12,401.25000000000006,913.4999999999999,1,1,1.0
2155,4,886.71,4.48,143.72000000000003,208.12,1,1,1.0
2156,3,787.03,32.2,268.69000000000005,853.5,1,1,1.0
2156,2,506.86,156.09,394.87,913.4999999999999,1,1,1.0
2156,4,890.23,3.96,141.27999999999997,210.0,1,1,1.0
2157,3,781.41,28.31,269.81000000000006,842.25,1,1,1.0
2157,2,518.81,155.81,383.06000000000006,913.5,1,1,1.0
2157,4,896.36,4.2,136.0300000000001,215.43,1,1,1.0
2158,3,777.0,28.12,273.0,828.0,1,1,1.0
2158,2,528.98,154.5,375.38,913.5,1,1,1.0
2158,4,903.34,3.42,131.81000000000006,231.38000000000002,1,1,1.0
2159,3,774.66,24.47,269.81000000000006,826.5,1,1,1.0
2159,2,543.28,155.81,366.56000000000006,912.0,1,1,1.0
2159,4,913.45,3.09,128.05999999999995,275.44,1,1,1.0
2160,3,772.78,23.48,269.6300000000001,828.75,1,1,1.0
2160,2,555.28,155.06,357.75,912.0,1,1,1.0
2160,4,917.25,0.47,128.25,293.25,1,1,1.0
2161,3,772.5,22.85,270.3800000000001,830.25,1,1,1.0
2161,2,564.56,154.88,354.3800000000001,913.5000000000001,1,1,1.0
2161,4,918.0,-1.78,130.1199999999999,298.30999999999995,1,1,1.0
2162,3,774.84,20.86,268.32000000000005,828.0,1,1,1.0
2162,2,573.66,153.56,348.18000000000006,915.0,1,1,1.0
2162,4,918.14,-1.69,130.88,295.69,1,1,1.0
2163,3,777.33,20.65,264.7499999999999,823.5,1,1,1.0
2163,2,584.06,148.41,337.8800000000001,921.0000000000001,1,1,1.0
2163,4,917.3,-3.66,134.05999999999995,310.69,1,1,1.0
2164,3,785.44,22.88,251.05999999999995,816.0,1,1,1.0
2164,2,593.34,141.84,334.88,932.9999999999999,1,1,1.0
2164,4,916.59,-4.03,137.35000000000002,331.11999999999995,1,1,1.0
2165,3,798.66,21.66,231.92999999999995,828.75,1,1,1.0
2165,2,601.5,132.19,330.94000000000005,942.0,1,1,1.0
2165,4,918.61,-5.25,136.59000000000003,336.37,1,1,1.0
2166,3,812.91,21.47,213.0000000000001,831.0,1,1,1.0
2166,2,609.56,118.69,331.5,953.25,1,1,1.0
2166,4,918.66,-4.83,135.2800000000001,331.5,1,1,1.0
2167,3,819.38,23.16,204.17999999999995,831.75,1,1,1.0
2167,2,616.78,113.77,328.13,942.0,1,1,1.0
2167,4,919.78,-4.5,135.27999999999997,324.0,1,1,1.0
2168,3,822.75,23.25,198.75,828.75,1,1,1.0
2168,2,622.69,108.89,325.8699999999999,922.5000000000001,1,1,1.0
2168,4,922.78,-4.43,133.1300000000001,312.19,1,1,1.0
2169,3,822.66,24.75,197.06000000000006,815.25,1,1,1.0
2169,2,623.91,99.52,334.31000000000006,909.75,1,1,1.0
2169,4,928.83,-5.55,128.9999999999999,311.06,1,1,1.0
2170,3,828.02,17.86,194.06000000000006,527.25,1,1,1.0
2170,2,630.28,96.09,328.31000000000006,897.75,1,1,1.0
2170,4,931.83,-6.38,128.2499999999999,352.32,1,1,1.0
2171,3,832.59,14.91,189.93999999999994,532.12,1,1,1.0
2171,2,636.7,94.45,322.5,899.25,1,1,1.0
2171,4,932.3,-3.56,130.87000000000012,417.0,1,1,1.0
2172,3,835.64,11.48,186.65999999999997,533.63,1,1,1.0
2172,2,640.55,93.94,323.81000000000006,899.25,1,1,1.0
2172,4,933.84,-3.09,131.7199999999999,435.36999999999995,1,1,1.0
2173,3,837.42,10.73,182.72000000000003,531.38,1,1,1.0
2173,2,646.31,92.62,318.75,899.26,1,1,1.0
2173,4,932.72,-5.53,134.05999999999995,499.86999999999995,1,1,1.0
2174,3,838.83,7.12,179.52999999999997,566.63,1,1,1.0
2174,2,651.61,91.88,313.30999999999995,899.24,1,1,1.0
2174,4,937.11,0.91,134.63,537.75,1,1,1.0
2175,3,839.48,6.42,176.35000000000002,540.0,1,1,1.0
2175,2,655.64,91.12,309.38,901.5,1,1,1.0
2175,4,936.76,1.31,138.66000000000008,540.75,1,1,1.0
2176,3,840.0,9.61,174.19000000000005,474.75,1,1,1.0
2176,2,659.34,89.62,306.38,903.0,1,1,1.0
2176,4,937.43,1.8,142.40999999999997,540.75,1,1,1.0
2177,3,838.92,11.18,173.91000000000008,457.5,1,1,1.0
2177,2,665.48,88.92,297.0,902.25,1,1,1.0
2177,4,938.27,2.16,144.3800000000001,535.5,1,1,1.0
2178,3,838.88,11.65,171.37,448.87,1,1,1.0
2178,2,668.39,89.46,293.06000000000006,898.5,1,1,1.0
2178,4,939.52,1.78,145.96000000000004,527.25,1,1,1.0
2179,3,837.84,10.99,171.38,454.5,1,1,1.0
2179,2,670.55,88.1,289.69000000000005,897.0,1,1,1.0
2179,4,940.43,1.03,145.40999999999997,512.25,1,1,1.0
2180,3,836.91,12.38,170.81000000000006,444.0,1,1,1.0
2180,2,672.14,88.5,286.31000000000006,891.75,1,1,1.0
2180,4,940.99,1.55,145.5,489.37,1,1,1.0
2181,3,836.34,9.28,168.93999999999994,465.0,1,1,1.0
2181,2,673.59,88.41,282.56999999999994,886.5,1,1,1.0
2181,4,942.02,0.66,145.97000000000003,503.61999999999995,1,1,1.0
2182,3,836.39,6.8,164.52999999999997,488.25,1,1,1.0
2182,2,673.17,86.25,284.25,882.0,1,1,1.0
2182,4,943.27,-0.56,146.80999999999995,494.62,1,1,1.0
2183,3,836.06,8.06,161.25,480.75,1,1,1.0
2183,2,673.17,83.34,283.13,870.0,1,1,1.0
2183,4,945.28,-0.23,144.0,489.0,1,1,1.0
2184,3,836.2,8.3,158.7199999999999,479.62,1,1,1.0
2184,2,672.75,78.47,282.0,864.0,1,1,1.0
2184,4,945.23,-1.12,145.41000000000008,484.5,1,1,1.0
2185,3,834.19,5.16,160.5,459.0,1,1,1.0
2185,2,671.62,73.41,282.57000000000005,853.5,1,1,1.0
2185,4,950.62,-2.11,142.60000000000002,482.63,1,1,1.0
2186,3,833.58,2.72,158.89999999999998,454.86999999999995,1,1,1.0
2186,2,671.3,69.52,283.68000000000006,844.5,1,1,1.0
2186,4,954.73,-3.0,140.80999999999995,481.5,1,1,1.0
2187,3,833.34,0.0,157.5,453.38,1,1,1.0
2187,2,670.55,64.41,286.12,835.5,1,1,1.0
2187,4,962.39,-2.2,137.06000000000006,478.12,1,1,1.0
2188,3,833.3,0.28,156.47000000000003,443.25,1,1,1.0
2188,2,670.27,61.31,288.0,818.25,1,1,1.0
2188,4,963.61,-1.17,140.62,475.87,1,1,1.0
2189,3,834.19,0.19,154.02999999999997,444.75,1,1,1.0
2189,2,670.88,58.22,288.74,794.25,1,1,1.0
2189,4,963.28,-2.58,145.5,476.63,1,1,1.0
2190,3,836.86,-0.75,150.0,440.25,1,1,1.0
2190,2,672.0,53.41,289.30999999999995,776.25,1,1,1.0
2190,4,962.81,-1.69,155.52999999999997,475.88,1,1,1.0
2191,3,838.22,-1.03,147.37,436.5,1,1,1.0
2191,2,674.34,51.33,288.75,776.25,1,1,1.0
2191,4,961.78,0.94,162.83999999999992,472.12,1,1,1.0
2192,3,838.69,-2.16,146.80999999999995,577.5,1,1,1.0
2192,2,675.75,55.2,286.69000000000005,773.25,1,1,1.0
2192,4,961.08,1.12,170.2499999999999,468.0,1,1,1.0
2193,3,839.95,-3.09,148.02999999999997,561.0,1,1,1.0
2193,2,679.69,53.2,284.25,774.75,1,1,1.0
2193,4,960.84,1.41,170.15999999999997,464.61999999999995,1,1,1.0
2194,3,840.28,-3.84,149.25,527.25,1,1,1.0
2194,2,683.81,52.08,281.44000000000005,776.25,1,1,1.0
2194,4,963.8,2.72,157.30999999999995,458.61999999999995,1,1,1.0
2195,3,842.48,-4.31,148.03999999999996,534.75,1,1,1.0
2195,2,689.06,52.9,276.56000000000006,774.75,1,1,1.0
2195,4,966.7,0.42,156.0,456.75,1,1,1.0
2196,3,845.25,-3.19,147.55999999999995,445.88,1,1,1.0
2196,2,692.25,52.78,273.55999999999995,773.25,1,1,1.0
2196,4,968.3,-0.94,166.87000000000012,458.63,1,1,1.0
2197,3,848.95,-4.59,140.90999999999997,513.37,1,1,1.0
2197,2,696.66,54.87,269.62,769.5,1,1,1.0
2197,4,984.0,2.09,167.6199999999999,454.5,1,1,1.0
2198,3,852.19,-4.88,139.1199999999999,502.5,1,1,1.0
2198,2,703.03,56.11,264.75,766.87,1,1,1.0
2198,4,996.14,2.86,157.2199999999999,448.87,1,1,1.0
2199,3,857.77,-4.5,135.64999999999998,493.12,1,1,1.0
2199,2,709.41,57.59,259.68000000000006,763.12,1,1,1.0
2200,3,861.14,-4.22,135.27999999999997,478.13000000000005,1,1,1.0
2200,2,714.94,58.8,253.1199999999999,759.38,1,1,1.0
2201,3,864.89,-3.84,134.52999999999997,474.75,1,1,1.0
2201,2,720.75,58.5,248.05999999999995,758.25,1,1,1.0
2202,3,869.91,-3.19,133.12,472.13,1,1,1.0
2202,2,726.56,55.59,244.31000000000006,752.25,1,1,1.0
2203,3,877.5,-3.09,130.88,481.86999999999995,1,1,1.0
2203,2,732.19,54.19,239.05999999999995,742.5,1,1,1.0
2204,3,882.94,-3.09,130.1199999999999,464.61999999999995,1,1,1.0
2204,2,737.06,51.09,234.75,732.75,1,1,1.0
2205,3,887.39,-3.52,129.19000000000005,382.5,1,1,1.0
2205,2,741.56,46.69,232.5,729.75,1,1,1.0
2206,3,888.84,-4.22,127.88,425.63000000000005,1,1,1.0
2206,2,745.88,41.62,230.06000000000006,725.63,1,1,1.0
2207,3,892.41,-3.56,127.12,435.37,1,1,1.0
2207,2,749.34,35.53,230.06999999999994,712.88,1,1,1.0
2208,3,892.31,-4.78,128.25,442.5,1,1,1.0
2208,2,753.19,31.73,228.75,699.38,1,1,1.0
2209,3,894.84,-2.53,132.65999999999997,504.0,1,1,1.0
2209,2,755.44,29.48,228.0,693.75,1,1,1.0
2210,3,900.19,-2.25,131.72000000000003,527.25,1,1,1.0
2210,2,757.31,27.89,227.06000000000006,679.88,1,1,1.0
2211,3,900.7,-1.59,134.05999999999995,532.12,1,1,1.0
2211,2,758.62,24.73,227.26,679.87,1,1,1.0
2212,3,903.09,-3.09,133.13,537.37,1,1,1.0
2212,2,759.89,23.16,228.75,681.0,1,1,1.0
2213,3,904.5,-2.16,134.05999999999995,534.0,1,1,1.0
2213,2,762.26,22.48,228.19000000000005,678.75,1,1,1.0
2214,3,904.08,-2.06,135.27999999999986,527.25,1,1,1.0
2214,2,764.32,21.42,228.18999999999994,678.0,1,1,1.0
2215,3,905.48,-4.12,135.66000000000008,533.62,1,1,1.0
2215,2,766.15,21.54,227.44000000000005,678.0,1,1,1.0
2216,3,906.14,-4.12,136.13,527.24,1,1,1.0
2216,2,767.34,22.29,226.68999999999994,678.0,1,1,1.0
2217,3,907.22,-3.84,138.19000000000005,526.5,1,1,1.0
2217,2,768.7,23.74,225.38,678.0,1,1,1.0
2218,3,907.5,-3.84,140.33999999999992,536.25,1,1,1.0
2218,2,769.5,25.1,224.25,674.63,1,1,1.0
2219,3,908.48,-4.41,141.0999999999999,539.63,1,1,1.0
2219,2,770.23,26.32,223.12,668.63,1,1,1.0
2220,3,909.75,-4.03,142.69000000000005,533.62,1,1,1.0
2220,2,770.06,26.51,223.1300000000001,664.5,1,1,1.0
2221,3,908.53,-3.38,144.19000000000005,519.76,1,1,1.0
2221,2,769.62,26.27,222.37,657.38,1,1,1.0
2222,3,906.0,-3.47,149.05999999999995,505.13000000000005,1,1,1.0
2222,2,768.89,25.5,222.0,652.12,1,1,1.0
2223,3,902.72,-3.66,155.25,494.63000000000005,1,1,1.0
2223,2,765.61,16.83,225.93999999999994,655.87,1,1,1.0
2224,3,907.03,-4.5,155.25,495.75,1,1,1.0
2224,2,763.08,13.31,224.62,654.0,1,1,1.0
2225,3,913.36,-4.22,154.0300000000001,493.5,1,1,1.0
2225,2,761.95,11.67,224.25,648.75,1,1,1.0
2226,3,919.41,-3.56,151.39999999999998,494.25,1,1,1.0
2226,2,760.45,9.66,226.30999999999995,634.87,1,1,1.0
2227,3,924.66,-1.97,150.56000000000006,492.0,1,1,1.0
2227,2,760.59,10.31,225.93999999999994,617.6300000000001,1,1,1.0
2228,3,930.14,-2.72,148.59000000000003,489.0,1,1,1.0
2228,2,762.28,6.0,224.06000000000006,611.25,1,1,1.0
2229,3,935.06,-2.81,149.25,488.25,1,1,1.0
2229,2,763.41,4.31,221.62,604.8800000000001,1,1,1.0
2230,3,942.66,-0.75,156.17999999999995,480.75,1,1,1.0
2230,2,766.5,2.91,216.94000000000005,597.0,1,1,1.0
2231,3,950.67,0.0,157.0300000000001,477.38,1,1,1.0
2231,2,770.06,1.69,212.25,592.5,1,1,1.0
2232,3,955.17,-0.84,157.22000000000014,477.36999999999995,1,1,1.0
2232,2,773.91,0.98,208.31000000000006,589.13,1,1,1.0
2233,3,956.86,-0.75,154.9699999999999,474.75,1,1,1.0
2233,2,778.12,1.22,205.88,582.37,1,1,1.0
2234,3,960.28,0.38,150.19000000000005,471.0,1,1,1.0
2234,2,784.12,0.8,209.43999999999994,590.25,1,1,1.0
2235,3,961.41,-1.12,149.81000000000006,468.37,1,1,1.0
2235,2,791.81,4.22,205.31000000000006,586.12,1,1,1.0
2236,3,963.09,-1.22,146.82000000000005,463.5,1,1,1.0
2236,2,796.36,5.25,210.93999999999994,590.25,1,1,1.0
2237,3,964.69,1.5,147.0,460.88,1,1,1.0
2237,2,803.81,6.66,209.06000000000006,589.12,1,1,1.0
2238,3,967.69,-0.42,147.3699999999999,459.75,1,1,1.0
2238,2,810.19,7.31,206.25,589.5,1,1,1.0
2239,3,974.16,-3.49,141.92999999999995,459.0,1,1,1.0
2239,2,818.72,6.56,201.0,588.0,1,1,1.0
2240,3,983.53,-4.12,134.05999999999995,457.87,1,1,1.0
2240,2,827.16,6.14,192.93000000000006,584.25,1,1,1.0
2241,3,993.14,-2.39,131.34000000000003,453.75,1,1,1.0
2241,2,835.31,4.12,189.27999999999997,572.26,1,1,1.0
2242,3,1008.66,-2.53,136.12,454.5,1,1,1.0
2242,2,843.35,2.02,180.85000000000002,573.0,1,1,1.0
2243,3,1027.03,-1.76,121.13000000000011,455.25,1,1,1.0
2243,2,848.06,-1.12,178.02999999999997,568.12,1,1,1.0
2244,3,1039.22,0.68,107.05999999999995,452.62,1,1,1.0
2244,2,850.59,-2.16,180.18999999999994,560.25,1,1,1.0
2245,3,1039.92,4.83,107.05999999999995,450.37,1,1,1.0
2245,2,853.55,1.31,182.72000000000003,542.6300000000001,1,1,1.0
2246,3,1042.12,4.64,107.62000000000012,451.88,1,1,1.0
2246,2,860.95,0.38,182.72000000000003,536.62,1,1,1.0
2247,3,1041.7,5.39,110.72000000000003,451.5,1,1,1.0
2247,2,869.06,0.19,181.69000000000005,523.8699999999999,1,1,1.0
2248,3,1043.2,5.91,111.75,454.11999999999995,1,1,1.0
2248,2,877.94,0.23,178.87999999999988,516.38,1,1,1.0
2249,3,1045.03,3.52,109.5,458.62,1,1,1.0
2249,2,885.28,0.56,178.1300000000001,514.5,1,1,1.0
2250,2,892.8,0.38,177.56999999999994,515.24,1,1,1.0
2251,2,896.91,-1.22,181.20999999999992,520.88,1,1,1.0
2252,2,902.58,-0.56,180.09000000000003,519.3699999999999,1,1,1.0
2253,2,908.48,-0.47,177.0999999999999,519.38,1,1,1.0
2254,2,914.67,-0.47,173.72000000000014,520.88,1,1,1.0
2255,2,919.64,-0.28,171.38,521.25,1,1,1.0
2256,2,924.47,-1.03,168.94000000000005,523.5,1,1,1.0
2257,2,927.84,-1.12,167.9999999999999,523.5,1,1,1.0
2258,2,932.48,-1.12,163.5999999999999,523.87,1,1,1.0
2259,2,936.14,-1.12,158.7199999999999,524.62,1,1,1.0
2260,2,938.48,-1.59,157.22000000000003,524.62,1,1,1.0
2261,2,939.89,1.03,158.7199999999999,517.13,1,1,1.0
2262,2,942.05,1.64,157.97000000000003,514.5,1,1,1.0
2263,2,945.66,1.31,153.7500000000001,512.6300000000001,1,1,1.0
2264,2,949.78,2.02,150.0,509.25,1,1,1.0
2265,2,954.89,0.09,151.9699999999999,507.75,1,1,1.0
2266,2,962.48,0.66,154.41000000000008,494.61999999999995,1,1,1.0
2267,2,971.44,0.38,145.8699999999999,487.5,1,1,1.0
2268,2,981.23,1.12,134.3499999999999,483.76,1,1,1.0
2269,2,992.53,0.84,127.69000000000005,480.75,1,1,1.0
2270,2,1003.62,2.2,115.49999999999989,475.88,1,1,1.0
2271,2,1012.55,2.72,114.09000000000015,470.61999999999995,1,1,1.0
2272,2,1018.31,3.47,116.34000000000015,467.25,1,1,1.0
2273,2,1022.39,5.06,108.37,466.88,1,1,1.0
2274,2,1024.03,10.97,114.08999999999992,461.25,1,1,1.0
2275,2,1024.31,9.42,115.5,462.75,1,1,1.0
2276,2,1025.34,6.75,119.81000000000017,463.5,1,1,1.0
2277,2,1026.38,7.55,122.52999999999997,461.25,1,1,1.0
2278,2,1027.27,13.27,122.33999999999992,453.0,1,1,1.0
2279,2,1028.44,13.78,120.19000000000005,451.5,1,1,1.0
2280,2,1030.64,17.16,119.15999999999985,447.75,1,1,1.0
