1425,1,998.04,9.0,148.22000000000003,474.0,1,1,1.0
1426,1,998.81,4.45,149.05999999999995,478.5,1,1,1.0
1427,1,1001.11,4.31,142.31000000000006,477.38,1,1,1.0
1428,1,1007.09,7.36,131.52999999999986,475.87,1,1,1.0
1429,1,1002.98,6.19,129.19000000000005,475.87,1,1,1.0
1430,1,989.72,6.14,127.5,478.13,1,1,1.0
1431,1,977.81,4.27,141.19000000000005,480.0,1,1,1.0
1432,1,965.3,-0.84,155.72000000000003,486.75,1,1,1.0
1433,1,939.8,2.48,177.6500000000001,482.25,1,1,1.0
1434,1,918.75,0.8,188.25,489.37,1,1,1.0
1435,1,899.95,1.03,197.05999999999995,497.25,1,1,1.0
1436,1,886.69,-0.84,209.44000000000005,508.86999999999995,1,1,1.0
1437,1,880.97,-0.19,212.25,517.1300000000001,1,1,1.0
1438,1,886.03,-0.56,200.25,522.3699999999999,1,1,1.0
1439,1,884.02,2.25,194.80999999999995,528.75,1,1,1.0
1440,1,882.4,2.2,190.12,531.0,1,1,1.0
1441,1,882.23,1.9,185.62999999999988,531.0,1,1,1.0
1442,1,883.71,2.02,174.55999999999995,529.5,1,1,1.0
1443,1,869.67,1.78,179.5300000000001,532.13,1,1,1.0
1444,1,852.28,0.66,193.1300000000001,533.62,1,1,1.0
1445,1,833.06,0.7,213.75,534.75,1,1,1.0
1446,1,818.72,0.42,229.8699999999999,534.75,1,1,1.0
1447,1,805.59,1.08,243.38,534.0,1,1,1.0
1448,1,791.81,1.22,255.75,537.75,1,1,1.0
1449,1,784.69,0.05,261.94000000000005,549.0,1,1,1.0
1450,1,779.16,-1.45,263.81000000000006,566.62,1,1,1.0
1451,1,775.22,0.33,264.3699999999999,541.12,1,1,1.0
1452,1,773.39,-1.55,261.56000000000006,590.25,1,1,1.0
1453,1,774.0,-0.61,255.3800000000001,589.13,1,1,1.0
1454,1,775.64,0.28,250.13,605.25,1,1,1.0
1455,1,778.36,3.66,245.25,609.75,1,1,1.0
1456,1,781.17,5.25,237.94000000000005,613.5,1,1,1.0
1457,1,782.72,5.81,231.93999999999994,613.5,1,1,1.0
1458,1,784.31,5.53,225.94000000000005,613.5,1,1,1.0
1459,1,784.5,4.69,222.38,615.3699999999999,1,1,1.0
1460,1,784.12,3.94,218.43999999999994,615.3699999999999,1,1,1.0
1461,1,784.78,3.38,215.63,615.37,1,1,1.0
1462,1,784.45,2.81,214.13,616.5,1,1,1.0
1463,1,784.55,3.19,211.69000000000005,616.5,1,1,1.0
1464,1,784.12,4.22,210.93999999999994,615.0,1,1,1.0
1465,1,783.56,5.44,210.75,614.25,1,1,1.0
1466,1,782.72,6.66,212.05999999999995,622.87,1,1,1.0
1467,1,782.02,8.53,213.0,641.63,1,1,1.0
1468,1,780.19,10.41,214.1199999999999,655.5,1,1,1.0
1469,1,779.77,12.66,216.93000000000006,669.75,1,1,1.0
1470,1,778.12,15.84,219.38,678.0,1,1,1.0
1471,1,777.75,19.03,219.37,687.38,1,1,1.0
1472,1,776.25,22.55,222.55999999999995,695.25,1,1,1.0
1473,1,774.75,25.08,224.80999999999995,695.25,1,1,1.0
1474,1,771.98,26.11,228.0,693.75,1,1,1.0
1475,1,769.27,24.61,231.18000000000006,696.37,1,1,1.0
1476,1,766.12,24.23,234.93999999999994,696.38,1,1,1.0
1477,1,762.23,24.19,239.06999999999994,696.3699999999999,1,1,1.0
1478,1,759.75,24.23,241.87,698.25,1,1,1.0
1479,1,756.14,24.19,246.56000000000006,699.3699999999999,1,1,1.0
1480,1,752.11,24.61,250.68999999999994,697.5,1,1,1.0
1481,1,750.09,25.55,253.13,696.37,1,1,1.0
1482,1,748.83,27.7,254.62,691.5,1,1,1.0
1483,1,748.59,29.11,255.75,698.25,1,1,1.0
1484,1,747.09,31.5,258.56999999999994,720.75,1,1,1.0
1485,1,746.11,34.03,262.68999999999994,738.38,1,1,1.0
1486,1,744.47,39.09,267.37,752.63,1,1,1.0
1487,1,742.97,43.41,273.0,762.0,1,1,1.0
1488,1,743.44,46.41,278.25,769.5,1,1,1.0
1489,1,744.23,48.28,283.69000000000005,778.5,1,1,1.0
1490,1,745.83,51.0,289.31000000000006,778.5,1,1,1.0
1491,1,747.47,51.56,294.0,778.5,1,1,1.0
1492,1,749.67,49.88,297.38,781.5,1,1,1.0
1493,1,754.45,48.38,297.3799999999999,782.24,1,1,1.0
1494,1,757.92,47.62,299.63,783.76,1,1,1.0
1495,1,762.28,47.81,299.6300000000001,784.5,1,1,1.0
1496,1,767.81,47.81,297.55999999999995,783.75,1,1,1.0
1497,1,771.47,47.72,297.0,783.0,1,1,1.0
1498,1,775.12,47.81,294.93999999999994,781.5,1,1,1.0
1499,1,780.94,49.08,289.30999999999995,778.5,1,1,1.0
1500,1,786.94,50.91,282.94000000000005,775.5,1,1,1.0
1501,1,793.41,52.76,274.12,781.5,1,1,1.0
1502,1,797.34,55.22,265.32000000000005,800.25,1,1,1.0
1503,1,798.0,58.27,258.19000000000005,819.0,1,1,1.0
1504,1,794.44,60.84,254.05999999999995,829.5,1,1,1.0
1505,1,788.06,62.58,253.8800000000001,838.5,1,1,1.0
1506,1,787.12,65.2,248.43999999999994,844.5,1,1,1.0
1507,1,787.12,68.16,242.43999999999994,849.75,1,1,1.0
1508,1,783.66,69.56,240.56000000000006,849.75,1,1,1.0
1509,1,779.77,70.88,238.5,849.74,1,1,1.0
1510,1,774.94,70.88,239.05999999999995,849.74,1,1,1.0
1511,1,769.27,69.28,241.5,852.0,1,1,1.0
1512,1,762.23,69.66,246.56999999999994,852.0,1,1,1.0
1513,1,754.5,71.34,249.55999999999995,848.25,1,1,1.0
1514,1,741.94,72.94,260.25,848.25,1,1,1.0
1515,1,725.62,74.25,276.18999999999994,846.75,1,1,1.0
1516,1,711.94,76.5,290.05999999999995,843.75,1,1,1.0
1517,1,692.81,78.38,312.75,842.24,1,1,1.0
1518,1,686.16,79.12,320.06000000000006,848.26,1,1,1.0
1519,1,676.78,80.62,328.69000000000005,871.5,1,1,1.0
1520,1,669.47,79.88,334.30999999999995,896.24,1,1,1.0
1521,1,665.91,80.16,333.93000000000006,909.75,1,1,1.0
1522,1,663.47,81.84,328.68999999999994,918.75,1,1,1.0
1523,1,661.69,83.62,320.05999999999995,903.0,1,1,1.0
1524,1,663.28,85.97,303.19000000000005,924.0,1,1,1.0
1525,1,664.69,86.86,288.3699999999999,924.0,1,1,1.0
1526,1,667.69,88.41,269.80999999999995,926.25,1,1,1.0
1527,1,670.73,91.12,256.88,924.0,1,1,1.0
1528,1,662.72,91.08,260.80999999999995,924.0,1,1,1.0
1529,1,655.83,93.47,266.62,921.0,1,1,1.0
1530,1,651.0,96.66,271.30999999999995,918.75,1,1,1.0
1531,1,648.38,99.23,273.56000000000006,917.25,1,1,1.0
1532,1,641.77,101.62,281.43000000000006,915.0,1,1,1.0
1533,1,632.25,101.58,288.75,915.0,1,1,1.0
1534,1,628.12,100.36,293.43999999999994,917.25,1,1,1.0
1535,1,622.88,102.23,300.56000000000006,913.5,1,1,1.0
1536,1,617.72,101.25,305.43999999999994,915.0,1,1,1.0
1537,1,611.86,100.17,308.80999999999995,917.25,1,1,1.0
1538,1,602.62,100.59,312.38,917.25,1,1,1.0
1539,1,597.09,99.7,303.18999999999994,918.75,1,1,1.0
1540,1,593.16,98.3,294.56000000000006,921.0,1,1,1.0
1541,1,589.78,96.94,290.44000000000005,921.0,1,1,1.0
1542,1,585.84,95.62,282.56999999999994,922.5,1,1,1.0
1543,1,583.92,96.14,270.75,922.5,1,1,1.0
1544,1,572.67,96.8,267.38,922.5,1,1,1.0
1545,1,560.3,96.61,259.87,924.0,1,1,1.0
1546,1,559.88,97.55,250.12,924.0,1,1,1.0
1547,1,554.77,97.92,252.18000000000006,924.0,1,1,1.0
1548,1,548.25,97.97,258.19000000000005,924.0,1,1,1.0
1549,1,544.59,96.33,262.5,926.25,1,1,1.0
1550,1,546.42,96.09,261.19000000000005,926.25,1,1,1.0
1551,1,547.36,96.33,259.87,926.25,1,1,1.0
1552,1,551.25,96.52,254.63,926.25,1,1,1.0
1553,1,555.61,97.73,249.37,924.0,1,1,1.0
1554,1,557.95,97.97,246.93999999999994,924.0,1,1,1.0
1555,1,561.28,98.02,243.38,924.0,1,1,1.0
1556,1,563.77,97.97,240.93000000000006,924.0,1,1,1.0
1557,1,564.56,97.55,240.0,924.0,1,1,1.0
1558,1,564.7,97.45,239.25,924.0,1,1,1.0
1559,1,563.81,97.55,239.06000000000006,924.0,1,1,1.0
1560,1,564.19,97.22,238.5,924.0,1,1,1.0
1561,1,561.66,96.66,241.5,924.0,1,1,1.0
1562,1,560.53,96.33,243.0,924.0,1,1,1.0
1563,1,561.0,96.66,242.80999999999995,924.0,1,1,1.0
1564,1,560.53,96.42,243.38,924.0,1,1,1.0
1565,1,561.38,96.66,242.81000000000006,924.0,1,1,1.0
1566,1,561.75,95.3,242.25,926.25,1,1,1.0
1567,1,561.05,96.52,243.0,924.0,1,1,1.0
1568,1,561.28,95.16,243.0,926.25,1,1,1.0
1569,1,559.03,94.64,245.44000000000005,926.25,1,1,1.0
1570,1,557.2,94.59,247.13,926.25,1,1,1.0
1571,1,553.22,94.5,251.62,926.25,1,1,1.0
1572,1,551.58,94.64,252.93999999999994,926.25,1,1,1.0
1573,1,546.84,94.31,258.0,926.25,1,1,1.0
1574,1,545.48,93.98,259.88,926.25,1,1,1.0
1575,1,540.28,94.17,265.31000000000006,926.25,1,1,1.0
1576,1,534.82,94.31,270.75,926.25,1,1,1.0
1577,1,531.8,94.31,273.56000000000006,926.25,1,1,1.0
1578,1,527.34,94.36,277.88,926.25,1,1,1.0
1579,1,523.99,94.55,281.63,926.25,1,1,1.0
1580,1,522.59,94.41,282.55999999999995,926.25,1,1,1.0
1581,1,521.18,95.44,283.69000000000005,924.0,1,1,1.0
1582,1,518.32,96.09,286.68999999999994,924.0,1,1,1.0
1583,1,517.5,95.53,284.62,926.25,1,1,1.0
1584,1,513.0,95.86,288.75,926.25,1,1,1.0
1585,1,508.88,95.86,293.06000000000006,926.25,1,1,1.0
1586,1,506.53,95.95,295.13,926.25,1,1,1.0
1587,1,505.41,96.33,295.86999999999995,926.25,1,1,1.0
1588,1,503.81,96.23,297.56,926.25,1,1,1.0
1589,1,503.44,96.38,298.50000000000006,926.24,1,1,1.0
1590,1,502.12,97.88,299.63,924.0,1,1,1.0
1591,1,501.56,97.59,300.38000000000005,924.0,1,1,1.0
1592,1,501.09,97.69,301.13000000000005,924.0,1,1,1.0
1593,1,499.97,98.11,302.80999999999995,924.0,1,1,1.0
1594,1,499.22,98.44,303.55999999999995,924.0,1,1,1.0
1595,1,498.28,98.48,304.13,924.0,1,1,1.0
1596,1,497.16,98.16,305.43,924.0,1,1,1.0
1597,1,495.56,98.81,307.49999999999994,924.0,1,1,1.0
1598,1,494.72,98.67,308.80999999999995,924.0,1,1,1.0
1599,1,494.53,99.7,309.0,922.5,1,1,1.0
1600,1,494.44,98.44,308.81,924.0,1,1,1.0
1601,1,494.06,98.53,308.81,924.0,1,1,1.0
1602,1,494.06,98.77,308.81,924.0,1,1,1.0
1603,1,494.25,99.47,308.80999999999995,922.5,1,1,1.0
1604,1,494.06,99.61,308.44,922.5,1,1,1.0
1605,1,493.78,99.66,308.81000000000006,922.5,1,1,1.0
1606,1,493.78,99.66,309.0,922.5,1,1,1.0
1607,1,493.5,99.28,309.94000000000005,922.5,1,1,1.0
1608,1,492.56,98.95,310.88000000000005,924.0,1,1,1.0
1609,1,493.22,99.56,309.93999999999994,922.5,1,1,1.0
1610,1,493.03,99.28,310.13,922.5,1,1,1.0
1611,1,492.94,99.23,310.11999999999995,922.5,1,1,1.0
1612,1,492.84,98.34,310.13000000000005,924.0,1,1,1.0
1613,1,492.47,99.38,310.87,922.5,1,1,1.0
1614,1,492.28,98.48,311.25,924.0,1,1,1.0
1615,1,492.66,99.14,310.49999999999994,922.5,1,1,1.0
1616,1,492.94,98.39,309.94,924.0,1,1,1.0
1617,1,493.31,98.48,308.81,924.0,1,1,1.0
1618,1,493.03,98.77,309.38,924.0,1,1,1.0
1619,1,493.03,98.67,309.38,924.0,1,1,1.0
1620,1,492.75,98.62,309.94000000000005,924.0,1,1,1.0
1621,1,493.03,98.58,309.94000000000005,924.0,1,1,1.0
1622,1,493.5,98.48,309.38,924.0,1,1,1.0
1623,1,493.03,98.48,309.38,924.0,1,1,1.0
1624,1,493.22,98.62,309.37,924.0,1,1,1.0
1625,1,493.69,98.06,308.81,924.0,1,1,1.0
1626,1,494.44,98.3,308.06,924.0,1,1,1.0
1627,1,495.38,98.16,306.56000000000006,924.0,1,1,1.0
1628,1,496.78,98.2,305.63,924.0,1,1,1.0
1629,1,501.75,99.14,300.37,922.5,1,1,1.0
1630,1,509.91,99.05,291.74999999999994,922.5,1,1,1.0
1631,1,512.81,98.91,287.81000000000006,922.5,1,1,1.0
1632,1,516.38,99.23,285.0,922.5,1,1,1.0
1633,1,517.78,98.91,282.94000000000005,922.5,1,1,1.0
1634,1,518.25,99.05,282.19000000000005,922.5,1,1,1.0
1635,1,519.56,98.72,281.44000000000005,922.5,1,1,1.0
1636,1,520.5,98.48,280.5,922.5,1,1,1.0
1637,1,521.25,98.39,279.37,922.5,1,1,1.0
1638,1,521.34,98.77,279.38,922.5,1,1,1.0
1639,1,520.97,98.16,284.05999999999995,922.5,1,1,1.0
1640,1,520.59,98.86,279.93999999999994,922.5,1,1,1.0
1641,1,520.78,98.72,279.94000000000005,922.5,1,1,1.0
1642,1,520.78,98.77,280.31000000000006,922.5,1,1,1.0
1643,1,520.76,97.83,284.62,924.0,1,1,1.0
1644,1,522.49,98.25,283.13,922.5,1,1,1.0
1645,1,522.77,98.06,282.19000000000005,922.5,1,1,1.0
1646,1,523.41,97.83,282.56000000000006,922.5,1,1,1.0
1647,1,523.2,98.25,282.17999999999995,922.5,1,1,1.0
1648,1,524.04,98.16,280.5,922.5,1,1,1.0
1649,1,525.8,98.2,279.56000000000006,922.5,1,1,1.0
1650,1,526.62,98.11,279.0,922.5,1,1,1.0
1651,1,528.98,98.3,276.18999999999994,922.5,1,1,1.0
1652,1,530.16,97.45,275.62,924.0,1,1,1.0
1653,1,531.54,97.45,274.12,924.0,1,1,1.0
1654,1,534.12,98.2,271.67999999999995,922.5,1,1,1.0
1655,1,538.69,98.48,267.0,922.5,1,1,1.0
1656,1,540.66,99.19,265.31000000000006,921.0,1,1,1.0
1657,1,546.7,99.0,259.13,921.0,1,1,1.0
1658,1,553.27,98.95,253.12,921.0,1,1,1.0
1659,1,553.73,99.42,252.18999999999994,921.0,1,1,1.0
1660,1,555.47,98.95,250.68999999999994,921.0,1,1,1.0
1661,1,556.45,100.27,249.56999999999994,918.75,1,1,1.0
1662,1,558.05,99.61,248.81000000000006,921.0,1,1,1.0
1663,1,557.16,99.61,249.56000000000006,921.0,1,1,1.0
1664,1,556.78,99.84,249.94000000000005,921.0,1,1,1.0
1665,1,557.72,99.89,249.37,921.0,1,1,1.0
1666,1,557.25,99.66,249.37,921.0,1,1,1.0
1667,1,557.02,99.61,249.93000000000006,921.0,1,1,1.0
1668,1,558.14,99.7,248.81000000000006,921.0,1,1,1.0
1669,1,557.95,99.52,249.0,921.0,1,1,1.0
1670,1,557.95,99.61,248.80999999999995,921.0,1,1,1.0
1671,1,557.95,99.19,248.80999999999995,921.0,1,1,1.0
1672,1,558.42,98.95,248.44000000000005,921.0,1,1,1.0
1673,1,558.8,99.0,247.5,921.0,1,1,1.0
1674,1,559.5,99.23,246.94000000000005,921.0,1,1,1.0
1675,1,559.17,99.14,247.5,921.0,1,1,1.0
1676,1,560.48,98.34,245.81999999999994,922.5,1,1,1.0
1677,1,560.81,98.67,245.44000000000005,921.0,1,1,1.0
1678,1,561.28,98.25,245.44000000000005,922.5,1,1,1.0
1679,1,561.89,97.92,244.69000000000005,922.5,1,1,1.0
1680,1,561.7,97.64,245.25,922.5,1,1,1.0
1681,1,563.06,97.88,244.1300000000001,922.5,1,1,1.0
1682,1,562.83,97.55,244.30999999999995,922.5,1,1,1.0
1683,1,562.45,97.69,244.30999999999995,922.5,1,1,1.0
1684,1,562.41,97.83,244.12,922.5,1,1,1.0
1685,1,563.81,97.36,242.81000000000006,922.5,1,1,1.0
1686,1,562.92,97.17,244.31000000000006,922.5,1,1,1.0
1687,1,563.67,97.5,243.0,922.5,1,1,1.0
1688,1,563.77,96.84,242.81000000000006,924.0,1,1,1.0
1689,1,564.09,96.7,242.43999999999994,924.0,1,1,1.0
1690,1,564.56,97.73,241.5,922.5,1,1,1.0
1691,1,565.55,97.88,240.37,922.5,1,1,1.0
1692,1,565.36,97.69,240.55999999999995,922.5,1,1,1.0
1693,1,564.66,97.45,241.12,922.5,1,1,1.0
1694,1,564.05,97.55,241.5,922.5,1,1,1.0
1695,1,564.56,97.5,240.94000000000005,922.5,1,1,1.0
1696,1,563.77,97.64,241.87,922.5,1,1,1.0
1697,1,563.58,97.45,242.25,922.5,1,1,1.0
1698,1,562.92,97.45,242.81000000000006,922.5,1,1,1.0
1699,1,563.48,97.64,242.43999999999994,922.5,1,1,1.0
1700,1,563.11,97.64,243.37,922.5,1,1,1.0
1701,1,563.2,97.5,243.0,922.5,1,1,1.0
1702,1,563.67,97.31,242.44000000000005,922.5,1,1,1.0
1703,1,562.03,97.36,244.31000000000006,922.5,1,1,1.0
1704,1,561.61,97.22,244.68999999999994,922.5,1,1,1.0
1705,1,560.53,97.22,245.25,922.5,1,1,1.0
1706,1,560.39,97.36,246.0,922.5,1,1,1.0
1707,1,560.58,96.52,245.80999999999995,924.0,1,1,1.0
1708,1,558.52,96.38,248.06000000000006,924.0,1,1,1.0
1709,1,559.08,96.47,247.68999999999994,924.0,1,1,1.0
1710,1,558.8,96.52,247.68000000000006,924.0,1,1,1.0
1711,1,559.22,97.41,247.5,922.5,1,1,1.0
1712,1,558.94,97.5,247.68999999999994,922.5,1,1,1.0
1713,1,558.75,97.31,248.05999999999995,922.5,1,1,1.0
1714,1,558.56,97.08,248.44000000000005,922.5,1,1,1.0
1715,1,558.19,97.22,249.0,922.5,1,1,1.0
1716,1,559.12,97.41,247.68999999999994,922.5,1,1,1.0
1717,1,560.06,97.92,246.94000000000005,922.5,1,1,1.0
1718,1,560.06,97.55,247.1300000000001,922.5,1,1,1.0
1719,1,560.62,97.5,246.57000000000005,922.5,1,1,1.0
1720,1,561.0,97.97,247.12,922.5,1,1,1.0
1721,1,560.48,97.97,247.5,922.5,1,1,1.0
1722,1,560.34,97.59,248.06999999999994,922.5,1,1,1.0
1723,1,560.77,97.64,247.68000000000006,922.5,1,1,1.0
1724,1,560.72,97.55,247.68999999999994,922.5,1,1,1.0
1725,1,560.95,97.78,246.56999999999994,922.5,1,1,1.0
1726,1,561.33,97.31,246.55999999999995,922.5,1,1,1.0
1727,1,561.09,97.64,247.13,922.5,1,1,1.0
1728,1,561.84,97.83,246.0,922.5,1,1,1.0
1729,1,561.89,97.73,246.56000000000006,922.5,1,1,1.0
1730,1,561.38,96.98,246.92999999999995,924.0,1,1,1.0
1731,1,561.42,97.83,247.13,922.5,1,1,1.0
1732,1,561.19,97.08,247.5,924.0,1,1,1.0
1733,1,561.56,97.08,247.5,924.0,1,1,1.0
1734,1,562.78,97.64,246.0,922.5,1,1,1.0
1735,1,563.58,96.89,245.43999999999994,924.0,1,1,1.0
1736,1,563.48,97.27,244.88,922.5,1,1,1.0
1737,1,562.92,96.7,245.44000000000005,924.0,1,1,1.0
1738,1,563.39,96.8,244.69000000000005,924.0,1,1,1.0
1739,1,564.42,96.75,244.13,924.0,1,1,1.0
1740,1,564.94,96.7,243.0,924.0,1,1,1.0
1741,1,564.33,96.94,243.55999999999995,924.0,1,1,1.0
1742,1,565.5,97.08,242.25,924.0,1,1,1.0
1743,1,565.22,96.98,242.80999999999995,924.0,1,1,1.0
1744,1,565.55,96.84,242.81000000000006,924.0,1,1,1.0
1745,1,566.16,97.73,242.43000000000006,922.5,1,1,1.0
1746,1,565.78,97.59,242.81000000000006,922.5,1,1,1.0
1747,1,566.11,97.83,242.80999999999995,922.5,1,1,1.0
1748,1,565.41,97.97,244.12,922.5,1,1,1.0
1749,1,565.55,98.02,243.56000000000006,922.5,1,1,1.0
1750,1,566.25,97.55,242.80999999999995,922.5,1,1,1.0
1751,1,565.97,97.73,242.80999999999995,922.5,1,1,1.0
1752,1,566.06,97.64,242.44000000000005,922.5,1,1,1.0
1753,1,565.08,97.64,243.55999999999995,922.5,1,1,1.0
1754,1,565.55,97.5,242.81000000000006,922.5,1,1,1.0
1755,1,565.31,97.64,243.0,922.5,1,1,1.0
1756,1,565.83,97.27,241.87,922.5,1,1,1.0
1757,1,565.5,96.84,242.44000000000005,924.0,1,1,1.0
1758,1,565.5,96.84,242.44000000000005,924.0,1,1,1.0
1759,1,565.12,97.08,242.82000000000005,924.0,1,1,1.0
1760,1,565.59,96.75,241.5,924.0,1,1,1.0
1761,1,565.83,96.98,241.5,924.0,1,1,1.0
1762,1,565.78,96.7,241.88,924.0,1,1,1.0
1763,1,566.25,97.36,241.5,922.5,1,1,1.0
1764,1,566.86,96.8,241.12,924.0,1,1,1.0
1765,1,567.05,97.12,240.56000000000006,924.0,1,1,1.0
1766,1,566.95,97.59,240.93999999999994,922.5,1,1,1.0
1767,1,567.14,97.88,240.38,922.5,1,1,1.0
1768,1,567.09,97.69,240.93999999999994,922.5,1,1,1.0
1769,1,567.66,97.64,240.56000000000006,922.5,1,1,1.0
1770,1,567.84,97.88,240.38,922.5,1,1,1.0
1771,1,567.42,97.83,240.94000000000005,922.5,1,1,1.0
1772,1,567.09,97.78,241.5,922.5,1,1,1.0
1773,1,567.56,97.69,240.56000000000006,922.5,1,1,1.0
1774,1,567.52,97.78,240.93000000000006,922.5,1,1,1.0
1775,1,567.23,97.88,241.88,922.5,1,1,1.0
1776,1,567.19,97.78,241.8699999999999,922.5,1,1,1.0
1777,1,566.58,97.97,242.25,922.5,1,1,1.0
1778,1,567.33,97.97,241.87,922.5,1,1,1.0
1779,1,566.39,97.92,242.81000000000006,922.5,1,1,1.0
1780,1,566.91,97.5,242.25,922.5,1,1,1.0
1781,1,566.3,97.78,242.25,922.5,1,1,1.0
1782,1,566.58,97.22,242.80999999999995,924.0,1,1,1.0
1783,1,566.67,97.22,242.81000000000006,924.0,1,1,1.0
1784,1,567.05,97.5,242.43000000000006,922.5,1,1,1.0
1785,1,567.23,97.83,241.88,922.5,1,1,1.0
1786,1,566.39,97.83,242.81000000000006,922.5,1,1,1.0
1787,1,565.97,97.92,243.37,922.5,1,1,1.0
1788,1,565.45,97.83,243.56999999999994,922.5,1,1,1.0
1789,1,564.52,97.55,245.81000000000006,922.5,1,1,1.0
1790,1,564.98,97.73,244.68999999999994,922.5,1,1,1.0
1791,1,565.03,98.06,244.88,922.5,1,1,1.0
1792,1,563.72,97.97,246.93999999999994,922.5,1,1,1.0
1793,1,563.72,97.97,246.55999999999995,922.5,1,1,1.0
1794,1,562.73,98.16,247.5,922.5,1,1,1.0
1795,1,560.91,98.39,249.0,922.5,1,1,1.0
1796,1,559.55,98.11,250.12,922.5,1,1,1.0
1797,1,557.16,99.28,251.62,921.0,1,1,1.0
1798,1,556.22,99.61,252.37,921.0,1,1,1.0
1799,1,554.81,100.73,253.5,918.75,1,1,1.0
1800,1,552.28,100.55,255.75,918.75,1,1,1.0
1801,1,550.92,100.36,256.88,918.75,1,1,1.0
1802,1,551.16,100.41,256.68000000000006,918.75,1,1,1.0
1803,1,549.89,100.59,257.44000000000005,918.75,1,1,1.0
1804,1,549.89,100.83,256.31000000000006,918.75,1,1,1.0
1805,1,549.05,100.73,257.62,918.75,1,1,1.0
1806,1,548.11,99.7,258.55999999999995,921.0,1,1,1.0
1807,1,547.55,99.84,259.69000000000005,921.0,1,1,1.0
1808,1,546.47,99.8,261.18999999999994,921.0,1,1,1.0
1809,1,546.52,100.64,260.43000000000006,918.75,1,1,1.0
1810,1,546.61,100.88,261.18999999999994,918.74,1,1,1.0
1811,1,545.11,100.78,263.05999999999995,918.75,1,1,1.0
1812,1,545.62,101.3,262.13,917.25,1,1,1.0
1813,1,544.97,100.73,263.05999999999995,918.75,1,1,1.0
1814,1,543.98,101.58,263.81999999999994,917.25,1,1,1.0
1815,1,542.16,101.86,265.12,917.25,1,1,1.0
1816,1,539.91,101.02,266.43000000000006,918.75,1,1,1.0
1817,1,533.77,102.05,272.25,917.25,1,1,1.0
1818,1,525.0,102.7,280.30999999999995,917.25,1,1,1.0
1819,1,516.84,105.09,286.13,915.0,1,1,1.0
1820,1,501.66,107.16,302.06,913.5,1,1,1.0
1821,1,488.81,107.95,315.74999999999994,912.0,1,1,1.0
1822,1,479.44,108.38,325.31,912.0,1,1,1.0
1823,1,475.31,108.19,328.69,912.0,1,1,1.0
1824,1,480.47,111.38,323.43999999999994,908.24,1,1,1.0
1825,1,497.53,111.09,306.38,908.25,1,1,1.0
1826,1,504.84,110.86,299.63000000000005,909.75,1,1,1.0
1827,1,538.64,109.5,271.69000000000005,912.0,1,1,1.0
1828,1,538.36,110.62,273.55999999999995,909.76,1,1,1.0
1829,1,539.25,110.77,273.0,909.75,1,1,1.0
1830,1,540.61,110.53,272.62,909.75,1,1,1.0
1831,1,541.36,108.8,271.68999999999994,912.0,1,1,1.0
1832,1,542.2,107.95,271.31999999999994,913.5,1,1,1.0
1833,1,542.67,108.14,270.75,913.5,1,1,1.0
1834,1,543.61,107.44,269.05999999999995,913.5,1,1,1.0
1835,1,544.36,106.36,266.05999999999995,915.0,1,1,1.0
1836,1,545.2,106.12,264.18999999999994,915.0,1,1,1.0
1837,1,545.06,105.75,262.5,915.0,1,1,1.0
1838,1,545.58,106.08,261.93999999999994,913.5,1,1,1.0
1839,1,546.38,106.31,260.42999999999995,913.5,1,1,1.0
1840,1,547.83,105.98,257.43999999999994,915.0,1,1,1.0
1841,1,546.94,104.72,258.55999999999995,917.25,1,1,1.0
1842,1,546.84,104.77,258.18999999999994,917.25,1,1,1.0
1843,1,546.42,104.53,258.56000000000006,917.25,1,1,1.0
1844,1,547.88,105.52,256.87,915.0,1,1,1.0
1845,1,548.3,104.11,255.37,917.25,1,1,1.0
1846,1,547.83,104.11,255.75,917.25,1,1,1.0
1847,1,547.55,103.69,255.19000000000005,917.25,1,1,1.0
1848,1,547.03,103.55,255.75,917.25,1,1,1.0
1849,1,545.81,103.27,258.0,917.25,1,1,1.0
1850,1,545.25,104.3,259.13,915.0,1,1,1.0
1851,1,544.31,103.22,260.25,917.25,1,1,1.0
1852,1,544.08,102.7,260.80999999999995,917.25,1,1,1.0
1853,1,544.12,102.8,260.82000000000005,917.25,1,1,1.0
1854,1,543.47,102.61,261.93999999999994,917.25,1,1,1.0
1855,1,542.3,103.22,262.5,915.0,1,1,1.0
1856,1,542.53,101.86,262.69000000000005,917.25,1,1,1.0
1857,1,541.12,102.09,264.18999999999994,917.25,1,1,1.0
1858,1,539.86,101.44,265.12,918.75,1,1,1.0
1859,1,538.36,101.25,266.62,918.75,1,1,1.0
1860,1,538.41,101.39,266.62,918.75,1,1,1.0
1861,1,537.82,101.91,267.38,917.25,1,1,1.0
1862,1,536.51,102.0,268.69000000000005,917.25,1,1,1.0
1863,1,535.95,102.09,269.05999999999995,917.25,1,1,1.0
1864,1,535.8,102.19,269.82000000000005,917.25,1,1,1.0
1865,1,535.78,101.91,270.75,917.25,1,1,1.0
1866,2,945.87,-0.47,192.92999999999995,427.5,1,1,1.0
1866,1,535.05,102.23,270.75,917.25,1,1,1.0
1867,2,945.3,-1.22,186.85000000000014,430.88000000000005,1,1,1.0
1867,1,535.62,102.14,270.93999999999994,917.25,1,1,1.0
1868,2,943.41,3.21,190.5000000000001,425.63,1,1,1.0
1868,1,534.68,102.0,271.31000000000006,917.25,1,1,1.0
1869,2,943.03,1.27,189.0,427.87,1,1,1.0
1869,1,533.7,103.45,272.24,915.0,1,1,1.0
1870,2,942.66,2.02,196.12,427.87,1,1,1.0
1870,1,533.72,102.42,271.30999999999995,917.25,1,1,1.0
1871,2,942.42,1.88,191.63,427.87,1,1,1.0
1871,1,532.92,103.59,272.63,915.0,1,1,1.0
1872,2,942.23,-0.09,183.94000000000005,431.61999999999995,1,1,1.0
1872,1,532.76,103.31,273.37,915.0,1,1,1.0
1873,2,942.68,0.66,171.37,430.5,1,1,1.0
1873,1,532.36,102.09,273.55999999999995,917.25,1,1,1.0
1874,2,945.33,0.73,162.37,429.0,1,1,1.0
1874,1,532.85,102.19,273.0,917.25,1,1,1.0
1875,2,945.84,-2.53,142.4999999999999,435.75,1,1,1.0
1875,1,534.05,101.91,272.25,917.25,1,1,1.0
1876,2,946.03,-1.88,128.25,437.26,1,1,1.0
1876,1,533.2,101.77,273.38,917.25,1,1,1.0
1877,2,940.08,-1.03,124.87,439.5,1,1,1.0
1877,1,533.62,101.77,272.26,917.25,1,1,1.0
1878,2,929.48,-1.03,130.5999999999999,447.0,1,1,1.0
1878,1,532.88,101.81,273.0,917.25,1,1,1.0
1879,2,917.02,-1.88,138.75,453.38,1,1,1.0
1879,1,531.98,101.95,274.13,917.25,1,1,1.0
1880,2,906.02,2.11,142.1300000000001,455.25,1,1,1.0
1880,1,531.7,101.81,274.13,917.25,1,1,1.0
1881,2,895.38,2.2,148.68999999999994,456.75,1,1,1.0
1881,1,530.86,102.0,274.68999999999994,917.25,1,1,1.0
1882,2,885.14,3.05,154.9699999999999,455.25,1,1,1.0
1882,1,532.38,101.2,273.38,918.75,1,1,1.0
1883,2,876.61,0.94,160.59000000000003,459.0,1,1,1.0
1883,1,535.08,101.86,270.37,917.25,1,1,1.0
1884,2,867.33,1.64,165.18999999999994,463.5,1,1,1.0
1884,1,536.72,101.34,268.68999999999994,918.75,1,1,1.0
1885,2,860.16,-0.19,167.06000000000006,471.75,1,1,1.0
1885,1,536.77,102.19,269.06000000000006,917.25,1,1,1.0
1886,2,854.86,2.86,169.4999999999999,476.62,1,1,1.0
1886,1,536.06,101.16,269.6300000000001,918.75,1,1,1.0
1887,2,851.51,3.42,168.37,482.63,1,1,1.0
1887,1,537.42,102.09,268.31000000000006,917.25,1,1,1.0
1888,2,845.98,2.06,169.87,489.0,1,1,1.0
1888,1,537.87,102.19,268.12,917.25,1,1,1.0
1889,2,843.33,3.09,167.05999999999995,489.38000000000005,1,1,1.0
1889,1,539.44,102.14,265.8699999999999,917.25,1,1,1.0
1890,2,841.83,-0.02,166.39999999999998,493.12,1,1,1.0
1890,1,539.48,101.34,265.88,918.75,1,1,1.0
1891,2,840.66,0.47,163.87,492.0,1,1,1.0
1891,1,539.95,101.48,265.13,918.75,1,1,1.0
1892,2,838.5,0.42,161.25,491.63,1,1,1.0
1892,1,540.56,101.06,264.75,918.75,1,1,1.0
1893,2,836.3,1.31,158.72000000000003,490.13,1,1,1.0
1893,1,542.34,99.56,263.06999999999994,921.0,1,1,1.0
1894,2,833.72,-1.17,157.5,493.5,1,1,1.0
1894,1,546.14,99.38,259.88,921.0,1,1,1.0
1895,2,828.8,-0.63,158.25,493.12,1,1,1.0
1895,1,547.55,99.14,258.56000000000006,921.0,1,1,1.0
1896,2,825.75,-0.3,157.02999999999997,490.87,1,1,1.0
1896,1,549.75,99.7,255.75,921.0,1,1,1.0
1897,2,821.02,-0.49,157.5,490.12,1,1,1.0
1897,1,551.25,99.42,254.05999999999995,921.0,1,1,1.0
1898,2,812.91,-1.22,161.5300000000001,493.13000000000005,1,1,1.0
1898,1,551.11,99.52,253.87,921.0,1,1,1.0
1899,2,800.11,4.5,169.02999999999997,493.5,1,1,1.0
1899,1,550.78,99.7,254.06000000000006,921.0,1,1,1.0
1900,2,782.77,4.27,180.84000000000003,495.75,1,1,1.0
1900,1,550.97,97.22,252.37,924.0,1,1,1.0
1901,2,780.96,2.55,179.15999999999997,499.13,1,1,1.0
1901,1,550.03,96.75,253.13,924.0,1,1,1.0
1902,2,779.32,0.94,176.62,507.0,1,1,1.0
1902,3,981.35,5.2,164.06000000000006,477.0,1,1,1.0
1902,1,550.5,96.52,252.94000000000005,924.0,1,1,1.0
1903,2,778.45,-0.02,173.52999999999997,512.25,1,1,1.0
1903,3,966.84,3.52,177.38,480.75,1,1,1.0
1903,1,550.31,95.25,253.8800000000001,926.25,1,1,1.0
1904,2,776.43,-0.89,172.68000000000006,518.62,1,1,1.0
1904,3,960.56,2.53,177.75,487.5,1,1,1.0
1904,1,551.34,95.34,252.38,926.25,1,1,1.0
1905,2,772.69,1.95,172.5,525.0,1,1,1.0
1905,3,959.81,-0.94,181.69000000000005,501.0,1,1,1.0
1905,1,551.91,95.06,252.18000000000006,926.25,1,1,1.0
1906,2,769.59,0.0,171.38,532.5,1,1,1.0
1906,3,958.08,-2.16,170.52999999999986,505.13000000000005,1,1,1.0
1906,1,552.94,94.83,251.05999999999995,926.25,1,1,1.0
1907,2,765.42,-0.8,171.85000000000002,536.63,1,1,1.0
1907,3,960.09,-2.91,174.18999999999994,504.0,1,1,1.0
1907,1,553.31,94.5,251.06000000000006,926.25,1,1,1.0
1908,2,760.41,-1.01,173.43000000000006,535.5,1,1,1.0
1908,3,963.19,-1.03,173.44000000000005,501.36999999999995,1,1,1.0
1908,1,552.94,95.3,252.93999999999994,924.0,1,1,1.0
1909,2,753.56,-1.15,178.1300000000001,538.5,1,1,1.0
1909,3,964.73,-1.12,166.41000000000008,501.37,1,1,1.0
1909,1,552.94,94.5,252.93999999999994,926.25,1,1,1.0
1910,2,747.82,-0.8,182.25,540.0,1,1,1.0
1910,3,962.91,4.17,173.06000000000006,493.5,1,1,1.0
1910,1,553.88,94.36,252.37,926.25,1,1,1.0
1911,2,743.7,1.31,183.92999999999995,535.5,1,1,1.0
1911,3,958.64,6.94,175.7800000000001,489.37,1,1,1.0
1911,1,554.06,94.08,251.6300000000001,926.25,1,1,1.0
1912,2,741.16,2.06,184.88,534.3800000000001,1,1,1.0
1912,3,948.75,-0.28,171.55999999999995,502.5,1,1,1.0
1912,1,554.25,93.66,251.80999999999995,926.25,1,1,1.0
1913,2,736.62,3.26,186.47000000000003,531.0,1,1,1.0
1913,3,937.69,-1.17,174.55999999999995,498.37,1,1,1.0
1913,1,555.23,94.08,251.25,926.25,1,1,1.0
1914,2,731.09,1.99,186.37,535.5,1,1,1.0
1914,3,932.06,-0.63,169.5,499.5,1,1,1.0
1914,1,555.38,94.17,250.67999999999995,926.25,1,1,1.0
1915,2,727.01,2.79,186.75,536.25,1,1,1.0
1915,3,926.86,-0.23,165.09000000000003,502.5,1,1,1.0
1915,1,555.66,95.48,249.93000000000006,924.0,1,1,1.0
1916,2,721.78,2.58,189.75,543.0,1,1,1.0
1916,3,920.67,0.56,175.0300000000001,506.63,1,1,1.0
1916,1,556.31,95.77,249.0,924.0,1,1,1.0
1917,2,719.38,2.62,189.75,554.26,1,1,1.0
1917,3,913.97,-0.09,198.55999999999995,518.25,1,1,1.0
1917,1,556.88,95.95,247.67999999999995,924.0,1,1,1.0
1918,2,717.53,2.2,189.0,565.13,1,1,1.0
1918,3,910.41,0.47,205.87,517.12,1,1,1.0
1918,1,557.3,95.86,247.12,924.0,1,1,1.0
1919,2,715.92,1.5,191.5300000000001,579.0,1,1,1.0
1919,3,905.72,-0.47,210.55999999999995,503.63000000000005,1,1,1.0
1919,1,557.53,95.72,246.94000000000005,924.0,1,1,1.0
1920,2,715.92,2.77,191.5300000000001,582.37,1,1,1.0
1920,3,901.8,2.81,213.56999999999994,547.1300000000001,1,1,1.0
1920,1,557.58,96.33,247.68999999999994,922.5,1,1,1.0
1921,2,714.52,4.92,192.0,584.63,1,1,1.0
1921,3,898.73,3.66,215.81999999999994,548.25,1,1,1.0
1921,1,558.05,95.06,247.69000000000005,924.0,1,1,1.0
1922,2,714.94,8.34,190.9699999999999,586.88,1,1,1.0
1922,3,895.45,2.95,210.94000000000005,550.88,1,1,1.0
1922,1,558.05,95.2,247.5,924.0,1,1,1.0
1923,2,714.66,11.06,191.5300000000001,594.0,1,1,1.0
1923,3,893.44,3.19,202.30999999999995,554.25,1,1,1.0
1923,1,558.05,93.84,247.12,926.25,1,1,1.0
1924,2,715.08,12.84,192.37,603.0,1,1,1.0
1924,3,891.89,3.14,202.68999999999994,555.0,1,1,1.0
1924,1,558.09,93.8,247.13,926.25,1,1,1.0
1925,2,718.5,15.8,187.59000000000003,605.25,1,1,1.0
1925,3,890.11,2.91,201.18999999999994,554.25,1,1,1.0
1925,1,558.56,92.95,246.56000000000006,927.75,1,1,1.0
1926,2,719.68,16.36,187.13,607.5,1,1,1.0
1926,3,891.09,3.23,196.4999999999999,554.25,1,1,1.0
1926,1,558.05,94.03,248.06000000000006,926.25,1,1,1.0
1927,2,719.62,15.96,192.76,609.0,1,1,1.0
1927,3,891.19,5.06,190.8699999999999,549.0,1,1,1.0
1927,1,557.91,92.91,248.06000000000006,927.75,1,1,1.0
1928,2,720.82,16.12,194.25,609.0,1,1,1.0
1928,3,891.26,4.88,183.94000000000005,548.24,1,1,1.0
1928,1,556.73,92.86,249.38,927.75,1,1,1.0
1929,2,721.71,15.7,194.05999999999995,609.0,1,1,1.0
1929,3,890.13,4.69,180.0000000000001,547.1199999999999,1,1,1.0
1929,1,556.12,91.64,249.38,929.25,1,1,1.0
1930,2,723.35,14.98,195.18999999999994,609.75,1,1,1.0
1930,3,888.59,3.94,178.12,547.8699999999999,1,1,1.0
1930,1,555.8,92.58,250.12,927.75,1,1,1.0
1931,2,724.94,14.25,196.31999999999994,610.87,1,1,1.0
1931,3,886.66,3.75,178.04000000000008,547.13,1,1,1.0
1931,1,555.09,93.14,251.06999999999994,927.75,1,1,1.0
1932,2,728.11,14.48,196.5,610.13,1,1,1.0
1932,3,884.67,3.7,178.60000000000002,547.13,1,1,1.0
1932,1,555.0,92.06,250.69000000000005,929.25,1,1,1.0
1933,2,728.62,15.02,199.5,609.0,1,1,1.0
1933,3,881.48,3.56,182.44000000000005,546.0,1,1,1.0
1933,1,555.0,92.06,251.62,929.25,1,1,1.0
1934,2,729.82,15.35,201.18999999999994,609.75,1,1,1.0
1934,3,879.8,3.19,186.37000000000012,549.75,1,1,1.0
1934,1,554.06,93.52,253.1300000000001,926.25,1,1,1.0
1935,2,730.29,15.05,204.0,619.87,1,1,1.0
1935,3,879.42,3.28,187.60000000000002,560.25,1,1,1.0
1935,1,554.48,92.72,252.38,926.25,1,1,1.0
1936,2,732.28,20.23,203.63,626.62,1,1,1.0
1936,3,877.17,3.42,191.2500000000001,573.38,1,1,1.0
1936,1,555.05,91.73,250.69000000000005,927.75,1,1,1.0
1937,2,732.56,22.85,204.75,649.13,1,1,1.0
1937,3,876.52,-3.8,191.25,597.38,1,1,1.0
1937,1,554.81,92.06,250.1300000000001,927.75,1,1,1.0
1938,2,732.47,26.95,205.12,659.25,1,1,1.0
1938,3,875.72,-3.38,192.0,609.0,1,1,1.0
1938,1,555.28,91.5,247.69000000000005,929.25,1,1,1.0
1939,2,729.94,31.97,210.93999999999994,660.37,1,1,1.0
1939,3,874.27,-3.38,194.05999999999995,627.38,1,1,1.0
1939,1,554.34,91.22,248.81999999999994,929.25,1,1,1.0
1940,2,728.41,32.86,213.57000000000005,669.37,1,1,1.0
1940,3,873.42,-3.75,195.93999999999994,635.25,1,1,1.0
1940,1,553.88,91.08,249.0,929.25,1,1,1.0
1941,2,725.93,32.06,218.06000000000006,688.5,1,1,1.0
1941,3,870.0,-2.25,199.30999999999995,637.13,1,1,1.0
1941,1,551.72,90.61,252.37,929.25,1,1,1.0
1942,2,726.63,32.16,218.81000000000006,696.37,1,1,1.0
1942,3,868.73,-2.06,201.37999999999988,638.6199999999999,1,1,1.0
1942,1,548.25,89.67,256.30999999999995,931.5,1,1,1.0
1943,2,725.37,33.47,222.37,698.25,1,1,1.0
1943,3,868.12,-1.78,200.9999999999999,639.75,1,1,1.0
1943,1,546.28,90.75,257.63,929.25,1,1,1.0
1944,2,723.98,34.59,224.25,699.38,1,1,1.0
1944,3,866.58,-0.66,200.43999999999994,637.5,1,1,1.0
1944,1,546.09,90.8,258.18999999999994,929.25,1,1,1.0
1945,2,722.2,33.52,226.5,700.87,1,1,1.0
1945,3,866.72,-0.09,195.75,625.5,1,1,1.0
1945,1,547.22,90.75,256.30999999999995,929.25,1,1,1.0
1946,2,722.11,31.88,225.37,699.37,1,1,1.0
1946,3,867.0,0.56,194.6199999999999,627.75,1,1,1.0
1946,1,547.69,91.03,255.3699999999999,929.25,1,1,1.0
1947,2,721.5,34.03,226.88,693.0,1,1,1.0
1947,3,868.31,-0.09,195.3800000000001,618.75,1,1,1.0
1947,1,548.44,91.17,254.6199999999999,929.25,1,1,1.0
1948,2,721.31,34.12,228.75,694.5,1,1,1.0
1948,3,869.77,-0.23,197.05999999999995,596.25,1,1,1.0
1948,1,551.34,91.31,251.63,929.25,1,1,1.0
1949,2,721.59,33.33,227.63,696.37,1,1,1.0
1949,3,871.78,-0.56,196.30999999999995,607.5,1,1,1.0
1949,1,553.88,91.03,248.81000000000006,929.25,1,1,1.0
1950,2,722.77,31.64,226.5,703.13,1,1,1.0
1950,3,874.12,0.47,194.2600000000001,623.62,1,1,1.0
1950,1,554.25,91.59,249.0,927.75,1,1,1.0
1951,2,722.62,32.34,227.43999999999994,699.38,1,1,1.0
1951,3,877.27,0.66,191.52999999999997,627.37,1,1,1.0
1951,1,555.75,90.14,247.13,931.5,1,1,1.0
1952,2,723.16,34.03,228.38,700.13,1,1,1.0
1952,3,880.22,1.31,188.25,633.0,1,1,1.0
1952,1,555.0,90.33,248.05999999999995,931.5,1,1,1.0
1953,2,726.66,38.44,227.06000000000006,698.25,1,1,1.0
1953,3,882.56,0.09,184.41000000000008,651.38,1,1,1.0
1953,1,552.0,92.02,251.62,927.75,1,1,1.0
1954,2,731.25,40.12,227.44000000000005,715.88,1,1,1.0
1954,3,886.41,-1.97,179.5300000000001,670.5,1,1,1.0
1954,1,548.3,92.62,255.75,927.76,1,1,1.0
1955,2,735.66,49.03,234.0,723.0,1,1,1.0
1955,3,890.62,-1.88,175.04000000000008,689.26,1,1,1.0
1955,1,548.95,91.83,255.38,929.25,1,1,1.0
1956,2,739.65,48.94,244.88,733.1199999999999,1,1,1.0
1956,3,894.66,0.28,171.37,699.38,1,1,1.0
1956,1,548.44,91.83,255.93999999999994,929.25,1,1,1.0
1957,2,742.69,52.08,251.6199999999999,734.25,1,1,1.0
1957,3,903.19,3.0,163.8699999999999,707.62,1,1,1.0
1957,1,548.58,92.02,255.75,929.25,1,1,1.0
1958,2,750.98,56.67,246.75,742.5,1,1,1.0
1958,3,909.47,5.34,155.72000000000003,717.0,1,1,1.0
1958,1,551.48,92.2,251.63,929.25,1,1,1.0
1959,2,755.25,61.12,247.87,743.63,1,1,1.0
1959,3,916.41,7.22,151.7800000000001,720.75,1,1,1.0
1959,1,548.81,92.58,253.8800000000001,929.25,1,1,1.0
1960,2,761.81,62.55,249.3800000000001,751.5,1,1,1.0
1960,3,920.3,12.8,152.44000000000005,715.5,1,1,1.0
1960,1,547.08,92.81,256.30999999999995,929.25,1,1,1.0
1961,2,766.5,65.91,247.12,760.12,1,1,1.0
1961,3,929.25,11.72,147.55999999999995,715.5,1,1,1.0
1961,1,545.72,93.38,256.87,929.24,1,1,1.0
1962,2,770.48,66.09,242.43999999999994,768.75,1,1,1.0
1962,3,936.63,19.27,147.0000000000001,707.62,1,1,1.0
1962,1,544.12,92.34,258.18999999999994,931.5,1,1,1.0
1963,2,776.39,65.81,238.13,771.75,1,1,1.0
1963,3,943.2,19.48,146.43000000000006,704.25,1,1,1.0
1963,1,542.72,92.58,259.87,931.4999999999999,1,1,1.0
1964,2,780.94,66.19,234.75,773.25,1,1,1.0
1964,3,950.67,15.42,146.43999999999994,704.25,1,1,1.0
1964,1,540.52,94.12,261.93000000000006,929.26,1,1,1.0
1965,2,784.73,65.86,231.75,774.0,1,1,1.0
1965,3,956.93,14.37,147.18999999999994,706.87,1,1,1.0
1965,1,540.89,92.91,261.19000000000005,931.5000000000001,1,1,1.0
1966,2,788.02,66.47,233.81000000000006,772.5,1,1,1.0
1966,3,958.78,13.76,154.5,706.12,1,1,1.0
1966,1,540.87,94.5,260.42999999999995,929.25,1,1,1.0
1967,2,790.78,64.41,242.44000000000005,773.25,1,1,1.0
1967,3,960.66,12.68,162.84000000000003,706.87,1,1,1.0
1967,1,539.77,94.64,261.93000000000006,929.25,1,1,1.0
1968,2,791.62,64.78,251.63,771.75,1,1,1.0
1968,3,962.25,11.18,173.52999999999997,708.75,1,1,1.0
1968,1,541.05,94.97,260.44000000000005,927.75,1,1,1.0
1969,2,794.16,66.0,259.12,768.75,1,1,1.0
1969,3,965.88,10.92,178.2199999999999,717.75,1,1,1.0
1969,1,541.38,95.39,260.25,926.25,1,1,1.0
1970,2,796.69,65.48,266.6199999999999,778.5,1,1,1.0
1970,3,966.33,11.02,182.7199999999999,721.87,1,1,1.0
1970,1,542.34,95.3,258.56999999999994,926.25,1,1,1.0
1971,2,798.09,68.3,272.9999999999999,800.25,1,1,1.0
1971,3,965.3,13.55,191.25,711.75,1,1,1.0
1971,1,542.44,95.25,258.0,926.25,1,1,1.0
1972,2,799.22,70.59,279.0,819.75,1,1,1.0
1972,3,965.02,11.2,201.0,760.88,1,1,1.0
1972,1,542.86,95.25,257.62,926.25,1,1,1.0
1973,2,802.31,72.84,283.69000000000005,846.0,1,1,1.0
1973,1,542.72,95.11,258.93999999999994,926.25,1,1,1.0
1974,2,807.0,77.16,284.6199999999999,856.5,1,1,1.0
1974,1,539.13,94.88,262.13,926.24,1,1,1.0
1975,2,811.97,83.16,286.69000000000005,864.75,1,1,1.0
1975,3,956.77,14.16,229.30999999999995,445.11999999999995,1,1,1.0
1975,1,541.62,94.92,260.25,926.25,1,1,1.0
1976,2,815.53,87.47,287.80999999999995,870.75,1,1,1.0
1976,3,953.95,23.41,235.69000000000005,443.25,1,1,1.0
1976,1,536.04,94.73,265.87,926.25,1,1,1.0
1977,2,818.81,89.91,288.0,881.25,1,1,1.0
1977,3,950.81,23.2,240.55999999999995,469.13,1,1,1.0
1977,1,536.67,95.62,265.88,924.0,1,1,1.0
1978,2,822.89,89.91,287.06000000000006,893.25,1,1,1.0
1978,3,947.48,23.25,244.87999999999988,463.87,1,1,1.0
1978,1,537.19,95.86,265.30999999999995,924.0,1,1,1.0
1979,2,825.23,91.78,285.75,900.0,1,1,1.0
1979,3,944.11,22.17,248.43999999999994,477.38,1,1,1.0
1979,1,538.57,95.86,263.80999999999995,924.0,1,1,1.0
1980,2,826.5,92.91,287.05999999999995,900.0,1,1,1.0
1980,3,942.14,20.48,250.13,493.5,1,1,1.0
1980,1,540.19,96.28,262.5,922.5,1,1,1.0
1981,2,826.08,92.34,290.06000000000006,901.5,1,1,1.0
1981,3,940.17,19.78,251.63,509.25,1,1,1.0
1981,1,538.17,95.39,264.38,924.0,1,1,1.0
1982,2,825.19,92.95,291.0,901.5,1,1,1.0
1982,3,939.89,18.75,250.13,514.13,1,1,1.0
1982,1,539.11,95.34,262.5,924.0,1,1,1.0
1983,2,823.17,92.62,293.43999999999994,902.26,1,1,1.0
1983,3,939.61,18.52,249.37,521.25,1,1,1.0
1983,1,541.27,96.19,261.56000000000006,922.5,1,1,1.0
1984,2,820.41,91.97,298.31000000000006,903.0,1,1,1.0
1984,3,941.91,18.84,245.2500000000001,527.25,1,1,1.0
1984,1,543.42,95.86,259.69000000000005,922.5,1,1,1.0
1985,2,819.75,92.62,301.8699999999999,901.5,1,1,1.0
1985,1,544.17,96.05,259.69000000000005,922.5,1,1,1.0
1986,2,817.45,96.8,306.0,894.75,1,1,1.0
1986,3,965.02,11.2,201.0,760.88,1,1,1.0
1986,1,545.11,96.14,258.93999999999994,922.5,1,1,1.0
1987,2,815.53,97.92,308.80999999999995,892.5,1,1,1.0
1987,3,951.56,30.09,233.6300000000001,786.0,1,1,1.0
1987,1,546.14,95.95,258.0,922.5,1,1,1.0
1988,2,815.16,99.47,310.12,888.0,1,1,1.0
1988,3,958.12,26.32,227.43999999999994,826.5,1,1,1.0
1988,1,548.16,96.28,255.37,922.5,1,1,1.0
1989,2,815.25,101.02,312.3699999999999,887.25,1,1,1.0
1989,3,960.42,29.39,227.06000000000006,846.75,1,1,1.0
1989,1,549.61,96.19,253.87,922.5,1,1,1.0
1990,2,817.5,101.81,310.1199999999999,927.75,1,1,1.0
1990,3,961.92,31.03,226.13,866.25,1,1,1.0
1990,1,549.75,95.81,253.5,924.0,1,1,1.0
1991,2,819.94,110.67,310.5,951.7500000000001,1,1,1.0
1991,3,961.27,34.92,231.93000000000006,874.5,1,1,1.0
1991,1,551.44,96.75,251.05999999999995,924.0,1,1,1.0
1992,2,822.09,117.84,311.2499999999999,953.2499999999999,1,1,1.0
1992,3,963.47,37.27,233.6199999999999,884.25,1,1,1.0
1992,1,551.67,96.23,251.63,926.25,1,1,1.0
1993,2,822.19,123.0,314.44000000000005,949.5,1,1,1.0
1993,3,966.8,38.44,235.69000000000005,897.75,1,1,1.0
1993,1,551.48,96.09,251.81999999999994,926.25,1,1,1.0
1994,2,822.56,126.56,321.55999999999995,946.5,1,1,1.0
1994,3,972.98,41.62,233.81999999999994,904.5,1,1,1.0
1994,1,552.42,97.55,250.13,924.0,1,1,1.0
1995,2,821.77,128.44,330.18000000000006,944.25,1,1,1.0
1995,3,978.19,41.53,236.05999999999995,909.75,1,1,1.0
1995,1,551.06,97.83,251.6300000000001,924.0,1,1,1.0
1996,2,821.91,137.72,333.92999999999995,931.5,1,1,1.0
1996,3,987.28,42.94,235.5,909.75,1,1,1.0
1996,1,548.86,97.83,254.05999999999995,924.0,1,1,1.0
1997,2,823.88,147.28,337.87,922.5,1,1,1.0
1997,3,997.69,45.19,234.75,908.25,1,1,1.0
1997,1,549.94,97.64,253.1199999999999,924.0,1,1,1.0
1998,2,827.16,159.56,338.42999999999995,908.25,1,1,1.0
1998,3,1001.91,42.47,237.93999999999994,921.0,1,1,1.0
1998,1,549.38,97.64,253.5,924.0,1,1,1.0
1999,2,828.98,164.91,340.5,902.2500000000001,1,1,1.0
1999,3,1005.38,43.78,240.38,918.75,1,1,1.0
1999,1,549.33,97.03,253.87,924.0,1,1,1.0
2000,2,829.17,168.0,343.88,902.25,1,1,1.0
2000,3,1009.97,43.59,242.25,924.0,1,1,1.0
2000,1,549.98,97.31,252.93999999999994,924.0,1,1,1.0
2001,2,826.27,166.22,352.30999999999995,901.5,1,1,1.0
2001,3,1015.97,44.72,247.5,922.5,1,1,1.0
2001,1,550.27,96.89,252.37,924.0,1,1,1.0
2002,2,819.98,163.88,365.25,903.0000000000001,1,1,1.0
2002,1,549.66,96.52,253.87,924.0,1,1,1.0
2003,2,809.81,162.38,379.69000000000005,906.7399999999999,1,1,1.0
2003,3,941.91,18.84,245.2500000000001,527.25,1,1,1.0
2003,1,550.36,96.52,253.5,924.0,1,1,1.0
2004,2,801.14,163.59,392.2500000000001,906.7499999999999,1,1,1.0
2004,3,1029.94,46.31,251.6199999999999,699.3800000000001,1,1,1.0
2004,1,548.72,96.56,255.37,924.0,1,1,1.0
2005,2,794.81,166.41,402.75,904.5000000000001,1,1,1.0
2005,3,1036.64,51.94,249.0,760.1199999999999,1,1,1.0
2005,1,546.66,97.08,256.31000000000006,924.0,1,1,1.0
2006,2,789.28,169.12,413.25,901.4999999999999,1,1,1.0
2006,3,1042.59,53.06,248.06000000000017,789.75,1,1,1.0
2006,1,545.62,97.69,256.32000000000005,922.5,1,1,1.0
2007,2,784.27,173.81,420.75,900.0,1,1,1.0
2007,3,1048.31,54.66,252.37000000000012,797.25,1,1,1.0
2007,1,546.23,97.31,255.18999999999994,924.0,1,1,1.0
2008,2,781.5,178.03,422.6199999999999,893.25,1,1,1.0
2008,3,1015.97,44.72,247.5,922.5,1,1,1.0
2008,1,546.7,97.36,252.93999999999994,924.0,1,1,1.0
2009,2,782.34,182.74,422.63,888.75,1,1,1.0
2009,3,1053.75,56.72,255.19000000000005,975.0,1,1,1.0
2009,1,546.66,98.39,252.93000000000006,922.5,1,1,1.0
2010,2,784.73,187.99,420.75,884.25,1,1,1.0
2010,3,1048.31,54.66,252.37000000000012,797.25,1,1,1.0
2010,1,547.69,97.97,251.25,922.5,1,1,1.0
2011,2,786.89,196.48,418.5000000000001,874.5,1,1,1.0
2011,3,1064.67,59.86,254.62999999999988,641.62,1,1,1.0
2011,1,548.25,97.97,252.37,922.5,1,1,1.0
2012,2,791.67,201.47,410.63,870.0,1,1,1.0
2012,3,1065.94,63.28,257.6199999999999,646.5,1,1,1.0
2012,1,548.86,97.64,252.37,922.5,1,1,1.0
2013,2,796.03,208.17,405.0,863.2500000000001,1,1,1.0
2013,1,548.95,97.31,253.13,922.5,1,1,1.0
2014,2,801.28,215.25,395.25,856.5,1,1,1.0
2014,3,1053.75,56.72,255.19000000000005,975.0,1,1,1.0
2014,1,550.08,96.61,251.05999999999995,924.0,1,1,1.0
2015,2,797.16,219.61,395.62,852.7499999999999,1,1,1.0
2015,3,1054.22,83.72,283.69000000000005,885.0,1,1,1.0
2015,1,551.2,96.66,249.0,924.0,1,1,1.0
2016,2,787.17,222.89,399.38,852.0000000000001,1,1,1.0
2016,3,1043.72,78.0,296.6199999999999,788.25,1,1,1.0
2016,1,551.34,95.39,246.0,926.25,1,1,1.0
2017,2,776.53,224.44,403.8800000000001,852.0,1,1,1.0
2017,3,1019.77,80.11,322.30999999999995,790.5,1,1,1.0
2017,1,550.92,94.45,243.38,927.75,1,1,1.0
2018,2,766.92,222.66,406.88,852.7500000000001,1,1,1.0
2018,3,1005.23,79.31,336.55999999999995,826.5,1,1,1.0
2018,1,550.45,94.97,244.13,927.75,1,1,1.0
2019,2,745.5,217.5,422.6199999999999,853.5,1,1,1.0
2019,3,1005.19,82.17,340.5,986.2500000000001,1,1,1.0
2019,1,548.62,93.84,246.0,929.25,1,1,1.0
2020,2,733.5,220.12,424.8800000000001,853.4999999999999,1,1,1.0
2020,3,1005.28,85.08,348.19000000000005,986.2499999999999,1,1,1.0
2020,1,547.55,92.91,243.0,931.5000000000001,1,1,1.0
2021,2,696.66,218.11,455.2500000000001,854.2499999999999,1,1,1.0
2021,3,1010.25,86.34,351.3699999999999,986.2499999999999,1,1,1.0
2021,1,545.62,94.88,232.32000000000005,897.74,1,1,1.0
2022,2,665.06,216.09,481.1300000000001,855.7499999999999,1,1,1.0
2022,3,1011.0,87.8,356.6199999999999,984.0,1,1,1.0
2022,1,546.28,95.62,226.88,881.26,1,1,1.0
2023,2,661.5,216.0,476.6199999999999,855.0,1,1,1.0
2023,3,1010.77,88.59,359.44000000000005,982.4999999999999,1,1,1.0
2023,1,547.78,95.44,222.19000000000005,864.0,1,1,1.0
2024,2,665.81,217.45,466.5,854.25,1,1,1.0
2024,3,1011.28,90.14,363.0,984.0000000000001,1,1,1.0
2024,1,549.75,96.47,215.80999999999995,877.5,1,1,1.0
2025,2,662.39,217.83,464.63,853.4999999999999,1,1,1.0
2025,3,1012.08,91.64,367.31000000000006,982.5000000000001,1,1,1.0
2025,1,550.88,97.03,204.74,851.25,1,1,1.0
2026,2,659.86,218.2,456.7499999999999,852.75,1,1,1.0
2026,3,1014.61,92.95,369.56000000000006,980.25,1,1,1.0
2026,1,551.34,93.52,195.18999999999994,751.5,1,1,1.0
2027,2,654.33,220.83,452.2499999999999,849.7499999999999,1,1,1.0
2027,3,1015.78,95.3,371.80999999999995,977.25,1,1,1.0
2027,1,555.0,95.91,187.69000000000005,655.5,1,1,1.0
2028,2,645.19,223.88,448.8699999999999,846.7399999999999,1,1,1.0
2028,3,1019.62,99.75,371.06000000000006,971.25,1,1,1.0
2028,1,555.89,95.44,187.40999999999997,654.75,1,1,1.0
2029,2,635.62,227.81,443.2600000000001,843.75,1,1,1.0
2029,3,1021.69,102.94,372.19000000000005,967.5,1,1,1.0
2029,1,555.8,94.69,186.6500000000001,657.0,1,1,1.0
2030,2,625.69,234.84,435.75,839.9999999999999,1,1,1.0
2030,3,1020.94,107.16,378.3799999999999,963.7500000000001,1,1,1.0
2030,1,555.7,95.44,185.52999999999997,659.25,1,1,1.0
2031,2,610.12,237.19,437.2600000000001,834.75,1,1,1.0
2031,3,1024.31,111.19,380.80999999999995,960.0,1,1,1.0
2031,1,559.43,97.78,184.69000000000005,658.88,1,1,1.0
2032,2,581.91,248.25,448.87,823.5,1,1,1.0
2032,3,1026.0,114.09,384.0,956.9999999999999,1,1,1.0
2032,1,560.62,94.5,181.40999999999997,663.0,1,1,1.0
2033,2,585.84,264.56,427.5,806.25,1,1,1.0
2033,3,1028.91,117.84,390.75,951.7499999999999,1,1,1.0
2033,1,562.76,91.78,192.0,671.63,1,1,1.0
2034,2,576.94,268.69,420.3699999999999,801.75,1,1,1.0
2034,3,1029.19,119.72,397.1299999999999,949.5,1,1,1.0
2034,1,559.59,91.12,189.56999999999994,682.88,1,1,1.0
2035,2,567.84,272.81,410.25,798.0,1,1,1.0
2035,3,1024.03,119.34,405.3700000000001,951.7499999999999,1,1,1.0
2035,1,561.09,101.81,192.0,669.3800000000001,1,1,1.0
2036,2,562.08,299.06,397.5,771.75,1,1,1.0
2036,3,1019.81,118.41,417.3700000000001,955.5000000000001,1,1,1.0
2036,1,559.97,102.52,231.37,690.0,1,1,1.0
2037,2,549.94,309.09,385.5,765.0,1,1,1.0
2037,3,1017.38,115.5,422.62,958.5,1,1,1.0
2037,1,548.25,106.5,237.55999999999995,697.5,1,1,1.0
2038,2,534.09,299.62,395.25,773.2600000000001,1,1,1.0
2038,3,1022.34,114.56,419.62,958.5,1,1,1.0
2039,2,521.62,303.47,402.76,769.5,1,1,1.0
2039,3,1030.31,113.44,411.75,959.25,1,1,1.0
2039,1,548.25,106.5,237.55999999999995,697.5,1,1,1.0
2040,2,515.77,300.38,404.25,773.2399999999999,1,1,1.0
2040,3,1037.48,113.81,402.0,953.25,1,1,1.0
2040,1,588.66,93.75,200.25,434.25,1,1,1.0
2041,2,467.06,298.03,455.63000000000005,775.5,1,1,1.0
2041,3,1044.59,112.22,391.1300000000001,957.0,1,1,1.0
2041,1,589.64,93.56,200.44000000000005,440.99999999999994,1,1,1.0
2042,2,407.25,295.88,515.25,775.5000000000001,1,1,1.0
2042,3,1054.31,114.75,376.5,954.75,1,1,1.0
2042,1,592.22,94.03,198.0,442.5,1,1,1.0
2043,2,406.22,294.56,515.25,775.5,1,1,1.0
2043,3,1061.53,115.88,366.94000000000005,953.2399999999999,1,1,1.0
2043,1,591.98,93.75,198.0,447.75,1,1,1.0
2044,2,410.91,294.38,510.74999999999994,780.7399999999999,1,1,1.0
2044,3,1073.34,115.88,355.3100000000002,951.7399999999999,1,1,1.0
2044,1,590.77,93.75,199.12,451.5,1,1,1.0
2045,2,419.81,294.19,502.88000000000005,779.25,1,1,1.0
2045,3,1083.38,117.0,334.6899999999998,951.75,1,1,1.0
2045,1,590.44,93.47,199.30999999999995,456.0,1,1,1.0
2046,2,415.41,294.56,512.6199999999999,777.75,1,1,1.0
2046,3,1099.03,116.53,314.44000000000005,953.25,1,1,1.0
2046,1,588.19,93.09,201.93999999999994,460.88,1,1,1.0
2047,2,398.06,294.56,533.6300000000001,777.75,1,1,1.0
2047,3,1095.19,116.81,313.69000000000005,953.25,1,1,1.0
2047,1,588.8,92.81,202.12,463.49999999999994,1,1,1.0
2048,2,382.59,294.19,552.3800000000001,777.75,1,1,1.0
2048,3,1058.25,118.59,344.6300000000001,949.4999999999999,1,1,1.0
2048,1,589.78,93.19,201.94000000000005,463.86999999999995,1,1,1.0
2049,2,377.06,294.75,563.25,777.75,1,1,1.0
2049,3,1031.81,119.62,367.30999999999995,947.9999999999999,1,1,1.0
2049,1,588.23,92.53,202.13,463.88,1,1,1.0
2050,2,376.97,295.31,571.12,777.75,1,1,1.0
2050,3,1007.25,119.53,390.0,948.0,1,1,1.0
2050,1,581.16,92.06,207.93000000000006,461.99999999999994,1,1,1.0
2051,2,382.12,292.12,576.0,781.4999999999999,1,1,1.0
2051,3,1000.45,119.44,394.5,946.5,1,1,1.0
2052,2,386.44,293.06,578.6199999999999,780.75,1,1,1.0
2052,3,993.19,115.59,414.0,953.2499999999999,1,1,1.0
2053,2,401.81,291.19,574.1300000000001,781.5,1,1,1.0
2053,3,993.0,115.59,426.3800000000001,953.9999999999999,1,1,1.0
2054,2,417.19,283.31,567.0,789.75,1,1,1.0
2054,3,999.56,116.91,426.3800000000001,953.2500000000001,1,1,1.0
2055,2,421.88,274.88,568.87,798.0000000000001,1,1,1.0
2055,3,1009.97,117.84,422.6299999999999,952.4999999999999,1,1,1.0
2056,2,450.38,269.06,547.5,804.0,1,1,1.0
2056,3,1023.28,119.72,413.25,950.25,1,1,1.0
2056,1,581.16,92.06,207.93000000000006,461.99999999999994,1,1,1.0
2057,2,467.06,267.19,538.5,806.25,1,1,1.0
2057,3,1039.71,120.94,402.0,948.0,1,1,1.0
2057,1,558.09,91.5,178.68999999999994,499.5,1,1,1.0
2058,2,474.19,259.88,534.3699999999999,814.5000000000001,1,1,1.0
2058,3,1059.84,121.88,388.1200000000001,946.5000000000001,1,1,1.0
2058,1,556.97,91.31,175.5,502.49999999999994,1,1,1.0
2059,2,482.62,253.31,529.5,820.5,1,1,1.0
2059,3,1073.16,122.72,386.25,946.5,1,1,1.0
2059,1,558.33,91.88,168.64999999999998,501.37,1,1,1.0
2060,2,489.38,249.94,523.87,822.0,1,1,1.0
2060,3,1082.2,124.69,381.19000000000005,944.25,1,1,1.0
2060,1,559.64,92.16,166.40999999999997,503.62,1,1,1.0
2061,2,494.77,247.69,519.0,824.25,1,1,1.0
2061,3,1080.84,125.72,385.8800000000001,944.25,1,1,1.0
2061,1,562.08,91.78,163.58999999999992,493.13,1,1,1.0
2062,2,498.8,245.44,516.75,825.75,1,1,1.0
2062,3,1081.5,127.03,387.75,944.25,1,1,1.0
2062,1,562.64,91.97,163.59000000000003,483.75,1,1,1.0
2063,2,501.8,242.81,515.25,828.0,1,1,1.0
2063,3,1081.41,128.16,389.6299999999999,942.0000000000001,1,1,1.0
2063,1,563.2,92.25,162.27999999999997,476.63,1,1,1.0
2064,2,504.75,241.5,512.63,830.25,1,1,1.0
2064,3,1083.61,128.62,387.75,941.9999999999999,1,1,1.0
2064,1,561.94,92.72,163.8699999999999,474.75,1,1,1.0
2065,2,506.3,240.19,511.86999999999995,832.5,1,1,1.0
2065,3,1083.56,130.78,387.0,939.75,1,1,1.0
2065,1,552.19,93.09,172.68999999999994,477.38,1,1,1.0
2066,2,507.14,238.5,511.88,834.0,1,1,1.0
2066,3,1086.94,130.97,382.69000000000005,939.75,1,1,1.0
2066,1,556.78,93.47,168.0,472.12,1,1,1.0
2067,2,507.66,238.31,510.74999999999994,834.0,1,1,1.0
2067,3,1086.66,132.19,381.1899999999998,938.25,1,1,1.0
2067,1,554.39,93.66,170.34000000000003,470.62,1,1,1.0
2068,2,508.31,238.69,511.88000000000005,834.0,1,1,1.0
2068,3,1086.52,132.19,379.69000000000005,938.25,1,1,1.0
2068,1,558.14,94.12,167.15999999999997,460.5,1,1,1.0
2069,2,510.0,239.62,512.62,832.4999999999999,1,1,1.0
2069,3,1085.77,132.56,377.25,938.25,1,1,1.0
2069,1,554.67,94.12,170.5300000000001,456.38,1,1,1.0
2070,2,511.88,239.62,511.87,831.7600000000001,1,1,1.0
2070,3,1080.94,133.97,378.3799999999999,936.75,1,1,1.0
2070,1,552.94,93.66,172.68999999999994,457.12,1,1,1.0
2071,2,515.25,239.44,507.75,830.25,1,1,1.0
2071,3,1078.36,133.88,373.5,936.7399999999999,1,1,1.0
2071,1,553.03,93.66,170.81000000000006,451.5,1,1,1.0
2072,2,518.81,237.19,504.0,832.5,1,1,1.0
2072,3,1075.83,135.0,367.3100000000002,936.75,1,1,1.0
2072,1,551.44,93.84,170.80999999999995,448.88,1,1,1.0
2073,2,521.44,233.06,499.1199999999999,837.75,1,1,1.0
2073,3,1072.36,136.5,364.8800000000001,934.5,1,1,1.0
2073,1,550.64,93.0,169.22000000000003,444.75,1,1,1.0
2074,2,524.81,227.81,493.5,843.75,1,1,1.0
2074,3,1069.03,138.94,362.25,931.5,1,1,1.0
2074,1,551.16,92.81,168.93000000000006,431.63000000000005,1,1,1.0
2075,2,528.75,220.5,485.63,851.25,1,1,1.0
2075,3,1066.95,140.53,355.30999999999995,929.25,1,1,1.0
2075,1,549.66,91.97,171.0,441.0,1,1,1.0
2076,2,541.12,214.12,471.0,857.2600000000001,1,1,1.0
2076,3,1063.34,140.62,357.75,929.2600000000001,1,1,1.0
2076,1,548.95,92.25,171.8499999999999,442.5,1,1,1.0
2077,2,547.31,206.44,464.25,864.75,1,1,1.0
2077,3,1059.0,140.91,345.94000000000005,927.7500000000001,1,1,1.0
2077,1,549.28,92.62,171.56000000000006,439.5,1,1,1.0
2078,2,555.19,199.69,451.1199999999999,870.75,1,1,1.0
2078,3,1052.62,131.25,343.8800000000001,936.75,1,1,1.0
2078,1,550.45,92.53,170.52999999999997,439.5,1,1,1.0
2079,2,559.88,195.0,443.24,876.0,1,1,1.0
2079,3,1046.16,130.88,347.25,936.7399999999999,1,1,1.0
2079,1,550.22,92.62,170.80999999999995,438.38,1,1,1.0
2080,2,565.88,191.44,434.24,878.25,1,1,1.0
2080,3,1040.34,126.56,352.1200000000001,942.0,1,1,1.0
2080,1,555.05,91.97,166.4000000000001,433.12,1,1,1.0
2081,2,573.75,190.78,425.63,879.75,1,1,1.0
2081,3,1031.81,124.97,361.1300000000001,944.25,1,1,1.0
2081,1,556.12,91.12,165.57000000000005,440.26,1,1,1.0
2082,2,576.56,187.29,424.8800000000001,883.5,1,1,1.0
2082,3,1023.38,123.38,369.93999999999994,948.0000000000001,1,1,1.0
2082,1,564.42,90.61,154.41000000000008,405.75,1,1,1.0
2083,2,585.52,184.71,418.87,885.0,1,1,1.0
2083,3,1016.34,120.19,375.38,949.5,1,1,1.0
2083,1,561.54,90.7,158.25,414.38,1,1,1.0
2084,2,589.36,183.07,418.5,887.25,1,1,1.0
2084,3,1010.3,118.31,379.1200000000001,949.5,1,1,1.0
2084,1,572.53,94.88,152.63,385.12,1,1,1.0
2085,2,607.03,181.55,403.5,888.0,1,1,1.0
2085,3,1003.83,115.41,384.7499999999999,954.7500000000001,1,1,1.0
2085,1,561.38,92.2,166.39999999999998,411.0,1,1,1.0
2086,2,616.12,181.52,413.2600000000001,889.5,1,1,1.0
2086,3,997.08,113.53,391.12,957.0,1,1,1.0
2086,1,566.77,95.58,170.25,395.62,1,1,1.0
2087,2,629.06,179.93,403.5,888.75,1,1,1.0
2087,3,991.31,112.59,396.3800000000001,956.9999999999999,1,1,1.0
2087,1,558.09,90.84,192.75,438.75,1,1,1.0
2088,2,632.81,178.03,401.6300000000001,891.0,1,1,1.0
2088,3,990.19,110.44,396.3699999999999,960.0,1,1,1.0
2088,1,557.53,90.94,207.38,434.61999999999995,1,1,1.0
2089,2,641.53,174.91,395.6300000000001,897.0000000000001,1,1,1.0
2089,3,991.78,109.88,391.8800000000001,960.0000000000001,1,1,1.0
2089,1,553.83,92.91,220.12,433.12,1,1,1.0
2090,2,658.22,174.38,383.05999999999995,899.2399999999999,1,1,1.0
2090,3,997.03,108.09,382.69000000000005,962.2499999999999,1,1,1.0
2091,2,675.94,172.41,376.5,902.2500000000001,1,1,1.0
2091,3,1007.2,106.5,366.94000000000005,963.75,1,1,1.0
2092,2,689.02,168.94,369.93000000000006,904.5,1,1,1.0
2092,3,1014.0,105.89,352.30999999999995,963.7500000000001,1,1,1.0
2092,1,546.66,95.16,238.68000000000006,924.0,1,1,1.0
2093,2,699.61,162.84,363.7499999999999,909.7499999999999,1,1,1.0
2093,3,1020.05,104.02,336.75,963.75,1,1,1.0
2093,1,547.12,93.14,242.26,926.25,1,1,1.0
2094,2,706.55,155.81,364.8700000000001,915.0,1,1,1.0
2094,3,1025.48,102.05,324.3799999999999,963.75,1,1,1.0
2094,1,548.44,94.45,242.80999999999995,924.0,1,1,1.0
2095,2,713.48,146.62,364.1299999999999,923.9999999999999,1,1,1.0
2095,3,1031.16,97.12,310.8799999999999,963.7600000000001,1,1,1.0
2095,1,549.84,93.56,246.56999999999994,926.25,1,1,1.0
2096,2,721.69,139.22,360.0,931.5,1,1,1.0
2096,3,1036.12,91.22,300.3800000000001,951.75,1,1,1.0
2096,1,550.59,93.28,249.38,926.25,1,1,1.0
2097,2,729.66,133.69,356.2500000000001,938.25,1,1,1.0
2097,3,1042.73,85.41,284.25,936.75,1,1,1.0
2097,1,551.44,93.7,251.25,926.25,1,1,1.0
2098,2,733.92,127.31,351.7500000000001,946.5,1,1,1.0
2098,3,1047.05,82.43,274.69000000000005,915.0,1,1,1.0
2098,1,551.44,93.56,249.55999999999995,927.75,1,1,1.0
2099,2,741.09,123.84,343.4999999999999,946.4999999999999,1,1,1.0
2099,3,1050.61,77.53,270.3700000000001,892.5,1,1,1.0
2099,1,550.55,92.77,254.43000000000006,931.5,1,1,1.0
2100,2,750.94,120.94,332.44000000000005,948.0,1,1,1.0
2100,3,1049.25,72.09,268.1300000000001,894.0,1,1,1.0
2100,1,550.55,93.0,255.37,931.5,1,1,1.0
2101,2,760.03,118.31,319.5,951.75,1,1,1.0
2101,3,1041.66,67.22,269.25,897.0,1,1,1.0
2101,1,550.55,93.09,255.19000000000005,931.4999999999999,1,1,1.0
2102,2,769.88,115.88,304.87,953.2399999999999,1,1,1.0
2102,3,1036.5,63.75,266.05999999999995,898.5,1,1,1.0
2102,1,549.61,94.59,255.37,929.25,1,1,1.0
2103,2,778.88,114.47,292.5000000000001,954.75,1,1,1.0
2103,3,1024.22,62.44,271.8799999999999,897.0,1,1,1.0
2103,1,547.41,95.02,259.12,927.75,1,1,1.0
2104,2,782.62,113.16,285.7600000000001,957.0000000000001,1,1,1.0
2104,3,1020.0,61.69,269.25,903.0,1,1,1.0
2104,1,545.58,95.53,260.25,927.75,1,1,1.0
2105,2,787.03,114.56,280.30999999999995,953.25,1,1,1.0
2105,3,1013.25,58.97,263.80999999999995,904.5,1,1,1.0
2105,1,544.55,94.97,261.19000000000005,927.75,1,1,1.0
2106,2,792.75,114.94,273.94000000000005,949.5,1,1,1.0
2106,3,1010.34,57.47,257.43999999999994,906.75,1,1,1.0
2106,1,546.28,95.53,259.13,926.25,1,1,1.0
2107,2,797.62,115.08,269.07000000000005,944.2499999999999,1,1,1.0
2107,3,1010.62,57.84,248.9999999999999,904.5,1,1,1.0
2107,1,547.27,94.78,258.0,927.75,1,1,1.0
2108,2,798.66,115.08,260.42999999999995,939.7499999999999,1,1,1.0
2108,3,1008.56,56.81,242.44000000000005,906.75,1,1,1.0
2108,1,546.94,95.77,258.55999999999995,926.25,1,1,1.0
2109,2,799.22,114.47,256.69000000000005,929.25,1,1,1.0
2109,3,1005.38,55.78,240.0000000000001,904.5,1,1,1.0
2109,1,547.83,94.92,258.55999999999995,926.25,1,1,1.0
2110,2,797.81,113.06,251.6300000000001,913.5,1,1,1.0
2110,3,998.25,55.12,240.94000000000005,904.5,1,1,1.0
2110,1,549.33,96.28,256.68999999999994,924.0,1,1,1.0
2111,2,794.16,111.84,251.2500000000001,904.5,1,1,1.0
2111,3,989.06,50.62,235.69000000000005,900.0,1,1,1.0
2111,1,548.58,96.52,257.62,922.5,1,1,1.0
2112,2,791.25,108.38,246.0,894.74,1,1,1.0
2112,3,978.94,46.88,234.3699999999999,876.0,1,1,1.0
2112,1,548.95,95.34,256.68999999999994,924.0,1,1,1.0
2113,2,788.67,103.97,245.2500000000001,876.75,1,1,1.0
2113,3,969.33,45.14,239.2499999999999,842.25,1,1,1.0
2113,1,549.23,95.72,255.75,924.0,1,1,1.0
2114,2,788.48,100.5,243.56999999999994,849.75,1,1,1.0
2114,3,965.58,42.61,229.4999999999999,804.0,1,1,1.0
2114,1,549.7,95.91,254.63,924.0,1,1,1.0
2115,2,787.22,93.94,241.8699999999999,822.75,1,1,1.0
2115,3,958.83,40.48,229.87,799.5,1,1,1.0
2115,1,549.52,94.92,254.62,926.25,1,1,1.0
2116,2,787.59,88.97,237.57000000000005,813.75,1,1,1.0
2116,3,952.73,37.95,235.5,796.5,1,1,1.0
2116,1,549.33,94.22,255.37,927.75,1,1,1.0
2117,2,788.34,86.34,236.2499999999999,816.0,1,1,1.0
2117,3,948.38,36.3,240.37,794.25,1,1,1.0
2117,1,548.72,94.27,256.30999999999995,927.75,1,1,1.0
2118,2,788.53,84.38,230.44000000000005,823.5,1,1,1.0
2118,3,944.06,33.63,254.44000000000005,792.75,1,1,1.0
2118,1,546.66,94.17,257.62,927.75,1,1,1.0
2119,2,788.62,83.16,224.43999999999994,827.25,1,1,1.0
2119,3,939.19,32.34,275.05999999999995,786.0,1,1,1.0
2119,1,545.72,94.92,259.12,926.25,1,1,1.0
2120,2,787.59,82.69,219.38,828.75,1,1,1.0
2120,3,935.48,30.38,289.69000000000005,793.5,1,1,1.0
2120,1,546.09,95.34,258.56999999999994,926.25,1,1,1.0
2121,2,786.0,82.03,216.94000000000005,831.0,1,1,1.0
2121,3,931.55,29.25,303.94000000000005,792.0,1,1,1.0
2121,1,547.55,94.73,256.87,926.25,1,1,1.0
2122,2,785.48,82.41,212.63,830.25,1,1,1.0
2122,3,929.11,28.22,312.37,796.5,1,1,1.0
2122,1,547.45,94.64,256.88,926.25,1,1,1.0
2123,2,784.08,81.94,210.18999999999994,831.0,1,1,1.0
2123,3,927.23,27.75,316.69000000000005,798.75,1,1,1.0
2123,1,547.31,93.8,256.69000000000005,927.75,1,1,1.0
2124,2,783.38,82.31,205.87,830.25,1,1,1.0
2124,3,924.8,27.94,319.5,798.75,1,1,1.0
2124,1,549.05,93.89,255.75,927.75,1,1,1.0
2125,2,779.62,77.91,202.68999999999994,842.25,1,1,1.0
2125,3,922.55,27.94,320.6200000000001,798.75,1,1,1.0
2125,1,549.42,94.31,254.63,926.25,1,1,1.0
2126,2,780.28,75.84,198.56000000000006,840.75,1,1,1.0
2126,3,922.41,26.44,316.87,800.25,1,1,1.0
2126,1,549.94,93.98,254.05999999999995,926.25,1,1,1.0
2127,2,779.34,74.62,197.43999999999994,834.76,1,1,1.0
2127,3,923.2,25.41,310.5,799.5,1,1,1.0
2127,1,551.11,94.73,253.12,926.25,1,1,1.0
2128,2,782.67,74.53,194.81000000000006,819.75,1,1,1.0
2128,3,924.66,22.59,301.12,801.0,1,1,1.0
2128,1,550.83,94.17,253.87,926.25,1,1,1.0
2129,2,781.64,70.97,192.0,811.5,1,1,1.0
2129,3,929.25,18.66,286.69000000000005,807.75,1,1,1.0
2129,1,551.25,93.56,252.94000000000005,927.75,1,1,1.0
2130,2,780.61,65.06,192.0,804.0,1,1,1.0
2130,3,931.69,15.94,268.1199999999999,807.0,1,1,1.0
2130,1,551.72,93.66,252.37,927.75,1,1,1.0
2131,2,777.98,59.34,191.25,801.75,1,1,1.0
2131,3,932.53,14.06,253.8800000000001,774.0,1,1,1.0
2131,1,552.05,93.38,252.37,927.74,1,1,1.0
2132,2,774.38,54.0,191.81000000000006,794.25,1,1,1.0
2132,3,932.98,8.67,239.80999999999995,757.5,1,1,1.0
2132,1,551.16,93.33,254.43000000000006,926.25,1,1,1.0
2133,2,773.65,49.78,189.75,772.5,1,1,1.0
2133,3,935.98,9.28,221.6199999999999,738.38,1,1,1.0
2133,1,551.62,93.23,254.63,926.25,1,1,1.0
2134,2,770.91,48.47,189.0,745.87,1,1,1.0
2134,3,936.75,7.92,211.5,717.0,1,1,1.0
2134,1,550.88,92.67,256.67999999999995,926.25,1,1,1.0
2135,2,769.88,46.05,189.0,728.25,1,1,1.0
2135,3,934.12,6.47,209.63,714.75,1,1,1.0
2135,1,550.92,92.48,256.69000000000005,926.25,1,1,1.0
2136,2,766.36,42.66,190.40999999999997,727.5,1,1,1.0
2136,3,932.44,4.88,207.0,710.62,1,1,1.0
2136,1,551.62,92.44,256.32000000000005,926.25,1,1,1.0
2137,2,765.28,41.06,192.75,720.0,1,1,1.0
2137,3,933.09,3.75,202.4999999999999,714.75,1,1,1.0
2137,1,552.66,92.34,254.06000000000006,926.25,1,1,1.0
2138,2,760.12,38.06,195.76,717.75,1,1,1.0
2138,3,932.34,2.91,199.68999999999994,711.75,1,1,1.0
2138,1,550.36,91.69,256.30999999999995,926.25,1,1,1.0
2139,2,756.84,37.03,198.18999999999994,719.63,1,1,1.0
2139,3,929.91,1.31,198.0000000000001,714.0,1,1,1.0
2139,1,549.89,91.41,255.94000000000005,926.25,1,1,1.0
2140,2,757.03,36.09,200.81000000000006,721.88,1,1,1.0
2140,3,928.03,1.12,195.94000000000005,712.88,1,1,1.0
2140,1,550.08,91.03,257.43999999999994,927.75,1,1,1.0
2141,2,746.25,36.0,207.0,722.62,1,1,1.0
2141,3,926.44,0.66,193.8699999999999,710.62,1,1,1.0
2141,1,549.8,90.33,256.87,929.25,1,1,1.0
2142,2,744.84,37.5,203.25,722.62,1,1,1.0
2142,3,924.23,1.41,190.41000000000008,709.87,1,1,1.0
2142,1,549.47,90.84,256.87,927.75,1,1,1.0
2143,2,736.69,39.75,215.05999999999995,717.75,1,1,1.0
2143,3,921.05,1.5,189.27999999999997,709.5,1,1,1.0
2143,1,548.48,90.75,258.56999999999994,927.75,1,1,1.0
2144,2,737.06,41.25,211.5,714.0,1,1,1.0
2144,3,918.05,1.97,186.84000000000015,708.37,1,1,1.0
2144,1,549.61,91.27,258.18999999999994,927.75,1,1,1.0
2145,2,731.91,40.22,212.62,710.62,1,1,1.0
2145,3,913.59,1.41,185.82000000000005,710.62,1,1,1.0
2145,1,550.31,90.33,258.19000000000005,929.25,1,1,1.0
2146,2,727.59,40.27,209.63,700.5,1,1,1.0
2146,3,908.62,0.84,184.68999999999994,706.88,1,1,1.0
2146,1,550.64,89.81,258.19000000000005,929.25,1,1,1.0
2147,2,724.97,39.61,204.37,689.25,1,1,1.0
2147,3,904.5,-1.03,183.55999999999995,699.75,1,1,1.0
2147,1,551.44,89.91,257.6199999999999,929.25,1,1,1.0
2148,2,720.56,39.8,204.3800000000001,676.87,1,1,1.0
2148,3,900.52,0.87,181.68000000000006,675.0,1,1,1.0
2148,1,552.98,89.95,255.93999999999994,929.25,1,1,1.0
2149,2,715.5,36.28,208.69000000000005,675.0,1,1,1.0
2149,3,892.12,-2.62,189.10000000000002,660.0,1,1,1.0
2149,1,553.5,89.39,255.19000000000005,929.25,1,1,1.0
2150,2,709.08,30.75,213.75,679.87,1,1,1.0
2150,3,889.83,-1.5,189.84000000000003,636.0,1,1,1.0
2150,1,553.55,89.67,255.37,929.25,1,1,1.0
2151,2,705.84,26.34,216.38,666.38,1,1,1.0
2151,3,885.12,-2.65,195.17999999999995,629.63,1,1,1.0
2151,1,552.42,91.27,256.69000000000005,927.75,1,1,1.0
2152,2,704.2,22.03,216.38,652.5,1,1,1.0
2152,3,881.72,-4.15,200.25,625.5,1,1,1.0
2152,1,550.83,91.92,258.55999999999995,927.75,1,1,1.0
2153,2,703.59,16.03,214.31999999999994,638.63,1,1,1.0
2153,3,878.27,-5.3,208.8800000000001,624.0,1,1,1.0
2153,1,548.02,91.64,262.12,927.75,1,1,1.0
2154,2,700.17,14.81,215.06000000000006,621.3800000000001,1,1,1.0
2154,3,875.58,-5.3,217.12,618.38,1,1,1.0
2154,1,548.39,92.16,261.56000000000006,926.25,1,1,1.0
2155,2,702.89,13.31,208.5,612.75,1,1,1.0
2155,3,873.42,-4.97,225.0000000000001,622.88,1,1,1.0
2155,1,549.94,91.03,259.68999999999994,927.75,1,1,1.0
2156,2,701.25,12.84,205.5,603.0,1,1,1.0
2156,3,871.55,-4.99,230.25,619.87,1,1,1.0
2156,1,549.23,90.75,260.81999999999994,927.75,1,1,1.0
2157,2,702.75,13.78,197.63,595.13,1,1,1.0
2157,3,869.58,-5.51,235.87,622.13,1,1,1.0
2157,1,548.81,92.02,260.81000000000006,926.25,1,1,1.0
2158,2,701.77,13.03,193.5,579.0,1,1,1.0
2158,3,868.92,-4.08,236.81000000000006,621.0,1,1,1.0
2158,1,549.09,91.92,261.93999999999994,926.25,1,1,1.0
2159,2,702.0,12.98,188.25,563.63,1,1,1.0
2159,3,867.8,-4.15,237.55999999999995,620.63,1,1,1.0
2159,1,550.12,92.3,260.82000000000005,926.25,1,1,1.0
2160,2,704.2,14.39,181.9699999999999,549.0,1,1,1.0
2160,3,867.84,-3.45,236.63,619.13,1,1,1.0
2160,1,551.62,92.48,259.68999999999994,926.25,1,1,1.0
2161,2,702.09,14.53,181.40999999999997,549.75,1,1,1.0
2161,3,868.78,-2.91,234.55999999999995,618.38,1,1,1.0
2161,1,552.7,91.83,259.13,926.25,1,1,1.0
2162,2,699.84,15.56,182.7199999999999,558.3800000000001,1,1,1.0
2162,3,871.08,-3.33,230.2499999999999,618.38,1,1,1.0
2162,1,553.22,91.22,258.93999999999994,927.75,1,1,1.0
2163,2,700.03,13.88,181.41000000000008,581.24,1,1,1.0
2163,3,872.72,-2.72,225.75,618.0,1,1,1.0
2163,1,553.73,90.8,258.56999999999994,927.75,1,1,1.0
2164,2,698.72,14.16,183.0,575.25,1,1,1.0
2164,3,876.23,-1.66,220.12999999999988,615.75,1,1,1.0
2164,1,554.11,91.5,257.62,926.25,1,1,1.0
2165,2,697.5,13.03,186.27999999999997,558.38,1,1,1.0
2165,3,880.69,-1.73,213.94000000000005,607.5,1,1,1.0
2165,1,553.36,91.27,257.62,927.75,1,1,1.0
2166,2,700.64,11.95,186.0,544.88,1,1,1.0
2166,3,884.2,-0.42,208.87999999999988,589.5,1,1,1.0
2166,1,552.98,92.48,257.43999999999994,926.25,1,1,1.0
2167,2,700.5,9.47,187.97000000000003,542.25,1,1,1.0
2167,3,887.77,0.84,202.30999999999995,576.75,1,1,1.0
2167,1,551.2,93.66,258.0,924.0,1,1,1.0
2168,2,701.3,6.98,190.4000000000001,546.0,1,1,1.0
2168,3,890.77,1.08,196.12000000000012,562.12,1,1,1.0
2168,1,550.59,92.72,258.18999999999994,926.25,1,1,1.0
2169,2,702.75,4.41,191.52999999999997,544.12,1,1,1.0
2169,3,892.83,1.08,192.93999999999994,549.0,1,1,1.0
2169,1,549.7,94.03,259.13,924.0,1,1,1.0
2170,2,709.55,1.22,187.69000000000005,548.62,1,1,1.0
2170,3,895.12,0.91,189.29000000000008,545.25,1,1,1.0
2170,1,548.86,93.84,259.68999999999994,924.0,1,1,1.0
2171,2,708.19,0.19,190.68999999999994,551.25,1,1,1.0
2171,3,896.86,2.16,187.87,541.87,1,1,1.0
2171,1,548.67,93.94,260.25,924.0,1,1,1.0
2172,2,712.17,0.7,188.25,550.13,1,1,1.0
2172,3,898.73,3.23,187.12999999999988,541.88,1,1,1.0
2172,1,549.75,93.84,258.94000000000005,924.0,1,1,1.0
2173,2,714.56,-0.33,186.85000000000002,549.0,1,1,1.0
2173,3,898.31,-1.03,189.94000000000005,550.12,1,1,1.0
2173,1,550.36,94.36,258.55999999999995,924.0,1,1,1.0
2174,2,715.83,-0.61,186.64999999999998,548.63,1,1,1.0
2174,3,898.78,-1.31,190.69000000000005,549.0,1,1,1.0
2174,1,549.98,94.27,258.56999999999994,924.0,1,1,1.0
2175,2,718.22,0.0,185.15999999999997,548.62,1,1,1.0
2175,3,898.64,-1.03,192.7500000000001,552.37,1,1,1.0
2175,1,550.31,93.14,258.0,926.25,1,1,1.0
2176,2,719.95,-0.09,184.13,547.5,1,1,1.0
2176,3,898.78,-0.94,194.80999999999995,553.8800000000001,1,1,1.0
2176,1,551.16,93.0,257.62,926.25,1,1,1.0
2177,2,722.2,-0.19,183.8499999999999,548.6300000000001,1,1,1.0
2177,3,898.83,-1.22,196.87,553.5,1,1,1.0
2177,1,552.84,93.33,255.38,926.25,1,1,1.0
2178,2,722.62,-0.28,184.68999999999994,546.37,1,1,1.0
2178,3,898.31,-2.53,198.55999999999995,553.87,1,1,1.0
2178,1,552.66,93.66,255.37,926.25,1,1,1.0
2179,2,723.52,0.19,187.39999999999998,549.0,1,1,1.0
2179,3,899.2,-2.53,198.55999999999995,553.5,1,1,1.0
2179,1,552.8,93.66,255.18000000000006,926.25,1,1,1.0
2180,2,724.41,-0.56,188.43000000000006,548.6199999999999,1,1,1.0
2180,3,901.17,-2.53,199.13,552.37,1,1,1.0
2180,1,552.89,94.27,255.75,924.0,1,1,1.0
2181,2,723.84,-0.56,192.93999999999994,549.0,1,1,1.0
2181,3,904.97,-2.62,199.8699999999999,552.0,1,1,1.0
2181,1,550.73,93.89,258.18999999999994,924.0,1,1,1.0
2182,2,726.02,0.0,190.88,541.5,1,1,1.0
2182,3,912.09,2.16,198.38,545.25,1,1,1.0
2182,1,549.7,93.89,258.93999999999994,924.0,1,1,1.0
2183,2,728.27,1.05,196.13,533.63,1,1,1.0
2183,3,917.39,3.45,197.43999999999994,542.62,1,1,1.0
2183,1,549.7,94.22,258.93999999999994,924.0,1,1,1.0
2184,2,733.48,2.16,193.30999999999995,529.12,1,1,1.0
2184,3,922.69,-0.94,193.5,541.5,1,1,1.0
2184,1,549.52,94.36,259.12,924.0,1,1,1.0
2185,2,740.41,2.25,191.25,526.5,1,1,1.0
2185,3,932.11,-0.38,184.9699999999999,532.5,1,1,1.0
2185,1,548.86,94.22,258.93999999999994,924.0,1,1,1.0
2186,2,748.55,-0.28,182.72000000000003,524.62,1,1,1.0
2186,3,940.45,0.28,176.3499999999999,524.63,1,1,1.0
2186,1,550.12,93.28,257.63,926.25,1,1,1.0
2187,2,758.02,1.59,173.14999999999998,494.63000000000005,1,1,1.0
2187,3,953.48,1.69,165.0999999999999,508.87,1,1,1.0
2187,1,550.92,94.36,256.88,924.0,1,1,1.0
2188,2,769.69,1.31,162.0,488.25,1,1,1.0
2188,3,966.19,5.16,155.05999999999995,490.5,1,1,1.0
2188,1,552.09,93.66,256.31999999999994,926.25,1,1,1.0
2189,2,778.36,1.97,156.65999999999997,483.75,1,1,1.0
2189,3,979.88,3.56,142.12,486.0,1,1,1.0
2189,1,552.56,93.89,256.31000000000006,926.25,1,1,1.0
2190,2,784.42,3.89,156.94000000000005,477.0,1,1,1.0
2190,3,989.62,5.48,141.38,486.0,1,1,1.0
2190,1,553.41,93.98,255.93000000000006,926.25,1,1,1.0
2191,2,791.11,4.22,157.68999999999994,475.86999999999995,1,1,1.0
2191,3,1000.31,4.59,137.34000000000015,493.13000000000005,1,1,1.0
2191,1,554.25,93.8,254.63,926.25,1,1,1.0
2192,2,796.88,3.47,169.67999999999995,477.0,1,1,1.0
2192,3,1007.62,2.2,129.4699999999999,495.75,1,1,1.0
2192,1,554.53,93.61,254.06000000000006,926.25,1,1,1.0
2193,2,804.94,0.96,178.68999999999994,479.63,1,1,1.0
2193,3,1009.31,-0.19,129.75,495.0,1,1,1.0
2193,1,554.44,93.52,254.05999999999995,926.25,1,1,1.0
2194,2,812.53,-0.35,175.5,481.87,1,1,1.0
2194,3,1009.66,1.5,124.22000000000014,491.25,1,1,1.0
2194,1,554.02,93.33,254.62,926.25,1,1,1.0
2195,2,815.44,-0.59,177.08999999999992,482.25,1,1,1.0
2195,3,1010.16,3.61,132.93999999999994,489.37,1,1,1.0
2195,1,552.75,93.61,256.30999999999995,926.25,1,1,1.0
2196,2,816.42,-0.42,187.97000000000003,479.25,1,1,1.0
2196,3,1008.09,5.86,141.09000000000003,487.5,1,1,1.0
2196,1,550.64,93.56,258.56000000000006,926.25,1,1,1.0
2197,2,816.61,-0.68,190.97000000000003,477.38,1,1,1.0
2197,3,1007.44,8.55,144.83999999999992,486.75,1,1,1.0
2197,1,549.33,93.98,259.87,926.25,1,1,1.0
2198,2,818.34,1.01,188.43999999999994,473.62,1,1,1.0
2198,3,1006.64,7.27,147.56000000000006,486.75,1,1,1.0
2198,1,550.17,93.52,259.13,926.25,1,1,1.0
2199,2,820.36,3.89,191.52999999999997,468.38,1,1,1.0
2199,3,1004.91,5.62,150.18999999999994,488.26,1,1,1.0
2199,1,549.42,94.12,259.69000000000005,926.26,1,1,1.0
2200,2,822.28,3.98,190.69000000000005,463.5,1,1,1.0
2200,1,549.98,93.75,258.56999999999994,926.25,1,1,1.0
2201,2,826.31,5.41,190.69000000000005,456.38,1,1,1.0
2201,1,550.59,93.38,258.0,926.24,1,1,1.0
2202,2,834.7,3.87,186.27999999999997,447.75,1,1,1.0
2202,1,550.41,93.42,258.0,926.25,1,1,1.0
2203,2,848.44,0.66,176.05999999999995,444.75,1,1,1.0
2203,1,551.2,93.7,256.88,926.25,1,1,1.0
2204,2,859.78,2.34,172.69000000000005,446.25,1,1,1.0
2204,1,551.62,93.84,256.88,926.25,1,1,1.0
2205,2,879.84,1.69,163.32000000000005,447.75,1,1,1.0
2205,1,552.56,93.7,255.94000000000005,926.25,1,1,1.0
2206,2,900.02,3.12,154.97000000000003,444.37,1,1,1.0
2206,1,553.73,93.47,254.63,926.25,1,1,1.0
2207,2,921.98,2.65,146.06999999999994,445.87,1,1,1.0
2207,1,553.83,93.47,254.43999999999994,926.25,1,1,1.0
2208,2,942.84,2.72,138.10000000000002,445.5,1,1,1.0
2208,1,553.97,93.7,254.05999999999995,926.25,1,1,1.0
2209,2,949.17,4.62,139.88,445.5,1,1,1.0
2209,1,554.11,93.7,253.5,926.25,1,1,1.0
2210,2,954.28,3.02,137.33999999999992,448.13,1,1,1.0
2210,1,554.39,93.66,253.13,926.25,1,1,1.0
2211,2,958.17,1.66,143.63,447.75,1,1,1.0
2211,1,553.59,94.12,253.88,926.26,1,1,1.0
2212,2,959.11,2.32,158.2499999999999,446.63,1,1,1.0
2212,1,552.47,93.84,255.18999999999994,926.25,1,1,1.0
2213,2,959.58,1.05,158.89999999999998,447.75,1,1,1.0
2213,1,552.0,93.14,255.38,927.75,1,1,1.0
2214,2,958.92,0.19,164.5300000000001,450.75,1,1,1.0
2214,1,551.58,94.03,255.93999999999994,926.25,1,1,1.0
2215,2,959.44,1.12,179.25,450.76,1,1,1.0
2215,1,551.06,93.84,256.69000000000005,926.25,1,1,1.0
2216,2,959.95,1.12,177.0999999999999,450.0,1,1,1.0
2216,1,551.58,93.94,255.93999999999994,926.25,1,1,1.0
2217,2,962.67,0.47,173.15999999999997,449.61999999999995,1,1,1.0
2217,1,552.19,93.94,255.75,926.25,1,1,1.0
2218,2,967.36,1.03,162.2800000000001,450.0,1,1,1.0
2218,1,552.19,93.84,255.3699999999999,926.25,1,1,1.0
2219,2,977.81,-0.94,152.44000000000005,450.0,1,1,1.0
2219,1,552.05,93.94,255.37,926.25,1,1,1.0
2220,2,991.12,-1.69,145.88,447.75,1,1,1.0
2220,1,552.56,94.08,255.19000000000005,926.25,1,1,1.0
2221,2,1008.14,0.16,136.40999999999997,441.0,1,1,1.0
2221,1,552.14,94.41,256.31000000000006,926.25,1,1,1.0
2222,2,1023.66,3.73,121.87,432.37,1,1,1.0
2222,1,552.19,94.03,255.93999999999994,926.25,1,1,1.0
2223,2,1044.89,8.34,102.18999999999983,426.38000000000005,1,1,1.0
2223,1,551.2,94.12,256.88,926.26,1,1,1.0
2224,1,549.42,95.48,258.94000000000005,924.0,1,1,1.0
2225,1,548.3,94.41,259.68000000000006,926.25,1,1,1.0
2226,1,548.53,94.31,259.13,926.25,1,1,1.0
2227,1,548.67,94.22,259.13,926.25,1,1,1.0
2228,1,549.42,95.2,258.19000000000005,924.0,1,1,1.0
2229,1,550.5,95.2,256.88,924.0,1,1,1.0
2230,1,550.45,95.11,257.43999999999994,924.0,1,1,1.0
2231,1,550.73,95.3,256.88,924.0,1,1,1.0
2232,1,551.91,95.2,255.37,924.0,1,1,1.0
2233,1,552.0,94.88,255.38,924.0,1,1,1.0
2234,1,552.14,95.06,255.38,924.0,1,1,1.0
2235,1,551.91,95.11,255.37,924.0,1,1,1.0
2236,1,551.77,94.22,255.37,926.25,1,1,1.0
2237,1,551.62,95.2,255.38,924.0,1,1,1.0
2238,1,549.05,95.2,258.19000000000005,924.0,1,1,1.0
2239,1,548.58,95.34,258.55999999999995,924.0,1,1,1.0
2240,1,548.25,95.3,258.94000000000005,924.0,1,1,1.0
2241,1,548.53,95.16,258.19000000000005,924.0,1,1,1.0
2242,1,549.98,95.2,256.68999999999994,924.0,1,1,1.0
2243,1,551.06,95.2,255.94000000000005,924.0,1,1,1.0
2244,1,550.88,95.11,256.31000000000006,924.0,1,1,1.0
2245,1,550.73,95.3,255.75,924.0,1,1,1.0
2246,1,551.53,95.39,255.19000000000005,924.0,1,1,1.0
2247,1,552.23,95.58,254.43999999999994,924.0,1,1,1.0
2248,1,552.61,95.44,254.05999999999995,924.0,1,1,1.0
2249,1,551.72,95.58,255.18999999999994,924.0,1,1,1.0
2250,1,551.91,95.06,255.37,924.0,1,1,1.0
2251,1,550.36,95.58,256.87,924.0,1,1,1.0
2252,1,547.64,95.48,259.88,924.0,1,1,1.0
2253,1,548.58,95.44,258.55999999999995,924.0,1,1,1.0
2254,1,548.67,95.44,258.19000000000005,924.0,1,1,1.0
2255,1,550.03,95.06,256.88,924.0,1,1,1.0
2256,1,550.27,95.3,256.68000000000006,924.0,1,1,1.0
2257,1,551.44,95.44,255.3699999999999,924.0,1,1,1.0
2258,1,552.28,95.2,254.63,924.0,1,1,1.0
2259,1,552.47,95.39,254.62,924.0,1,1,1.0
2260,1,553.12,94.08,253.88,926.25,1,1,1.0
2261,1,553.64,93.89,252.94000000000005,926.25,1,1,1.0
2262,1,553.92,94.88,252.94000000000005,924.0,1,1,1.0
2263,1,553.78,95.02,252.38,924.0,1,1,1.0
2264,1,552.98,95.06,253.88,924.0,1,1,1.0
2265,1,551.81,95.25,255.19000000000005,924.0,1,1,1.0
2266,1,550.83,95.06,256.30999999999995,924.0,1,1,1.0
2267,1,549.75,95.53,257.44000000000005,924.0,1,1,1.0
2268,1,549.52,95.62,257.62,924.0,1,1,1.0
2269,1,549.98,95.67,257.43999999999994,924.0,1,1,1.0
2270,1,550.64,95.3,256.69000000000005,924.0,1,1,1.0
2271,1,550.88,95.44,256.67999999999995,924.0,1,1,1.0
2272,1,550.64,95.53,256.69000000000005,924.0,1,1,1.0
2273,1,551.16,95.16,255.93000000000006,924.0,1,1,1.0
2274,1,550.59,95.44,256.68999999999994,924.0,1,1,1.0
2275,1,551.2,95.2,255.93999999999994,924.0,1,1,1.0
2276,1,550.64,95.2,256.69000000000005,924.0,1,1,1.0
2277,1,550.12,95.2,257.43999999999994,924.0,1,1,1.0
2278,1,547.45,95.44,259.88,924.0,1,1,1.0
2279,1,547.69,95.58,259.8699999999999,924.0,1,1,1.0
2280,1,549.66,95.72,257.43000000000006,924.0,1,1,1.0
2281,1,549.75,95.11,257.63,924.0,1,1,1.0
2282,1,550.64,94.92,256.31000000000006,924.0,1,1,1.0
2283,1,550.73,94.92,256.88,924.0,1,1,1.0
2284,1,551.3,94.92,255.94000000000005,924.0,1,1,1.0
2285,1,550.92,95.11,256.31000000000006,924.0,1,1,1.0
2286,1,550.45,95.25,256.88,924.0,1,1,1.0
2287,1,550.22,95.2,257.43999999999994,924.0,1,1,1.0
2288,1,549.52,95.16,258.0,924.0,1,1,1.0
2289,1,548.86,95.53,258.55999999999995,924.0,1,1,1.0
2290,1,549.28,95.06,258.19000000000005,924.0,1,1,1.0
2291,1,547.36,95.39,260.25,924.0,1,1,1.0
2292,1,548.25,95.39,258.94000000000005,924.0,1,1,1.0
2293,1,549.19,95.86,258.18999999999994,924.0,1,1,1.0
2294,1,550.27,95.91,256.68000000000006,924.0,1,1,1.0
2295,1,550.64,95.86,256.31000000000006,924.0,1,1,1.0
2296,1,550.17,96.56,256.88,922.5,1,1,1.0
2297,1,550.36,96.7,256.87,922.5,1,1,1.0
2298,1,550.83,96.61,256.30999999999995,922.5,1,1,1.0
2299,1,551.2,96.33,255.75,924.0,1,1,1.0
2300,1,551.39,97.03,255.19000000000005,922.5,1,1,1.0
2301,1,550.83,97.03,255.37,922.5,1,1,1.0
2302,1,549.98,97.27,256.31999999999994,922.5,1,1,1.0
2303,1,549.52,97.08,256.68000000000006,922.5,1,1,1.0
2304,1,545.06,97.92,261.56000000000006,921.0,1,1,1.0
2305,1,546.19,98.39,260.80999999999995,921.0,1,1,1.0
2306,1,546.56,98.48,260.25,921.0,1,1,1.0
2307,1,548.77,98.34,258.0,921.0,1,1,1.0
2308,1,548.16,98.62,258.0,921.0,1,1,1.0
2309,1,548.48,97.64,258.0,922.5,1,1,1.0
2310,1,548.86,98.11,257.43999999999994,922.5,1,1,1.0
2311,1,548.91,98.72,257.62,921.0,1,1,1.0
2312,1,549.61,98.67,256.87,921.0,1,1,1.0
2313,1,550.08,98.86,256.30999999999995,921.0,1,1,1.0
2314,1,550.92,98.95,255.94000000000005,921.0,1,1,1.0
2315,1,551.44,98.86,255.3699999999999,921.0,1,1,1.0
2316,1,551.25,99.33,256.30999999999995,921.0,1,1,1.0
2317,1,550.27,99.33,256.31000000000006,921.0,1,1,1.0
2318,1,548.91,99.19,257.62,921.0,1,1,1.0
2319,1,549.8,99.19,256.87,921.0,1,1,1.0
2320,1,549.98,99.19,257.63,921.0,1,1,1.0
2321,1,551.02,99.0,256.68000000000006,921.0,1,1,1.0
2322,1,551.67,99.33,256.31000000000006,921.0,1,1,1.0
2323,1,552.0,99.28,255.75,921.0,1,1,1.0
2324,1,552.33,99.47,255.37,921.0,1,1,1.0
2325,1,552.33,99.56,255.18999999999994,921.0,1,1,1.0
2326,1,552.47,100.5,255.37,918.75,1,1,1.0
2327,1,552.14,100.69,255.38,918.75,1,1,1.0
2328,1,552.05,100.83,255.37,918.75,1,1,1.0
2329,1,551.48,100.5,256.31999999999994,918.75,1,1,1.0
2330,1,550.92,100.36,256.31000000000006,918.75,1,1,1.0
2331,1,550.69,99.38,256.8699999999999,921.0,1,1,1.0
2332,1,549.09,100.59,258.56999999999994,918.75,1,1,1.0
2333,1,548.58,100.59,258.93999999999994,918.75,1,1,1.0
2334,1,548.77,99.61,258.93000000000006,921.0,1,1,1.0
2335,1,549.05,99.38,258.19000000000005,921.0,1,1,1.0
2336,1,549.89,99.52,257.44000000000005,921.0,1,1,1.0
2337,1,551.53,101.06,255.75,918.75,1,1,1.0
2338,1,552.05,99.8,255.19000000000005,921.0,1,1,1.0
2339,1,552.47,99.66,255.18999999999994,921.0,1,1,1.0
2340,1,553.22,99.52,254.05999999999995,921.0,1,1,1.0
2341,1,553.88,99.05,253.87,921.0,1,1,1.0
2342,1,553.78,98.95,253.88,921.0,1,1,1.0
2343,1,553.5,98.06,254.05999999999995,922.5,1,1,1.0
2344,1,553.08,99.0,254.05999999999995,921.0,1,1,1.0
2345,1,552.66,98.2,254.06000000000006,922.5,1,1,1.0
2346,1,551.58,98.58,255.18999999999994,921.0,1,1,1.0
2347,1,550.5,97.45,255.94000000000005,922.5,1,1,1.0
2348,1,550.27,97.92,256.31000000000006,921.0,1,1,1.0
2349,1,549.75,97.08,256.87,922.5,1,1,1.0
2350,1,549.7,97.22,256.88,922.5,1,1,1.0
2351,1,549.98,97.22,256.68999999999994,922.5,1,1,1.0
2352,1,549.98,96.52,255.93999999999994,924.0,1,1,1.0
2353,1,549.61,96.7,256.87,922.5,1,1,1.0
2354,1,548.02,95.86,258.56000000000006,924.0,1,1,1.0
2355,1,546.42,96.14,260.25,924.0,1,1,1.0
2356,1,544.59,95.86,262.5,924.0,1,1,1.0
2357,1,544.88,96.0,262.12,924.0,1,1,1.0
2358,1,546.05,95.91,260.81000000000006,924.0,1,1,1.0
2359,1,545.44,96.19,261.18999999999994,924.0,1,1,1.0
2360,1,546.23,96.38,260.25,924.0,1,1,1.0
2361,1,547.27,96.09,259.12,924.0,1,1,1.0
2362,1,548.25,96.09,258.19000000000005,924.0,1,1,1.0
2363,1,548.95,95.95,257.63,924.0,1,1,1.0
2364,1,549.14,95.86,257.63,924.0,1,1,1.0
2365,1,549.28,95.44,257.63,924.0,1,1,1.0
2366,1,548.39,95.77,258.56000000000006,924.0,1,1,1.0
2367,1,547.17,95.81,259.13,924.0,1,1,1.0
2368,1,546.23,95.72,260.25,924.0,1,1,1.0
2369,1,545.34,95.86,261.18999999999994,924.0,1,1,1.0
2370,1,543.52,95.62,262.68000000000006,924.0,1,1,1.0
2371,1,544.17,95.86,262.13,924.0,1,1,1.0
2372,1,545.02,95.77,261.56000000000006,924.0,1,1,1.0
2373,1,545.48,95.62,261.18999999999994,924.0,1,1,1.0
2374,1,545.72,95.86,260.43999999999994,924.0,1,1,1.0
2375,1,545.53,94.5,260.44000000000005,926.25,1,1,1.0
2376,1,545.44,95.44,261.18999999999994,924.0,1,1,1.0
2377,1,544.73,95.44,262.13,924.0,1,1,1.0
2378,1,545.16,95.62,261.56000000000006,924.0,1,1,1.0
2379,1,547.69,95.39,258.55999999999995,924.0,1,1,1.0
2380,1,549.23,95.11,256.31999999999994,924.0,1,1,1.0
2381,1,550.69,94.45,254.6199999999999,926.25,1,1,1.0
2382,1,551.2,94.59,254.05999999999995,926.25,1,1,1.0
2383,1,551.62,94.41,253.5,926.25,1,1,1.0
2384,1,550.88,95.25,254.62,924.0,1,1,1.0
2385,1,549.33,95.34,256.30999999999995,924.0,1,1,1.0
2386,1,548.53,95.3,256.88,924.0,1,1,1.0
2387,1,547.59,94.08,257.43999999999994,926.25,1,1,1.0
2388,1,545.91,95.3,258.93000000000006,924.0,1,1,1.0
2389,1,546.28,93.75,259.13,926.25,1,1,1.0
2390,1,546.28,95.11,259.13,924.0,1,1,1.0
2391,1,546.38,94.03,258.56000000000006,926.25,1,1,1.0
2392,1,546.38,95.02,259.12,924.0,1,1,1.0
2393,1,546.66,95.2,258.56000000000006,924.0,1,1,1.0
2394,1,546.42,93.89,258.56000000000006,926.25,1,1,1.0
2395,1,547.78,94.22,256.88,926.25,1,1,1.0
2396,1,549.47,95.2,255.37,924.0,1,1,1.0
2397,1,549.66,95.2,255.37,924.0,1,1,1.0
2398,1,549.52,94.97,255.37,924.0,1,1,1.0
2399,1,549.09,95.02,256.31999999999994,924.0,1,1,1.0
2400,1,549.05,94.88,256.69000000000005,924.0,1,1,1.0
2401,1,548.86,93.8,257.43999999999994,926.25,1,1,1.0
2402,1,549.05,95.2,256.87,924.0,1,1,1.0
2403,1,548.95,95.2,256.88,924.0,1,1,1.0
2404,1,549.19,94.31,256.68999999999994,926.25,1,1,1.0
2405,1,549.0,94.22,257.44000000000005,926.25,1,1,1.0
2406,1,548.58,94.17,257.43999999999994,926.25,1,1,1.0
2407,1,549.61,93.89,256.30999999999995,926.25,1,1,1.0
2408,1,551.02,95.06,254.62,924.0,1,1,1.0
2409,1,551.91,95.11,253.5,924.0,1,1,1.0
2410,1,552.75,94.36,253.13,926.25,1,1,1.0
2411,1,553.31,94.31,252.3800000000001,926.25,1,1,1.0
2412,1,553.31,94.08,252.3800000000001,926.25,1,1,1.0
2413,1,553.17,95.58,252.94000000000005,924.0,1,1,1.0
2414,1,552.94,95.3,253.1199999999999,924.0,1,1,1.0
2415,1,550.41,94.83,255.93000000000006,924.0,1,1,1.0
2416,1,549.0,95.2,256.88,924.0,1,1,1.0
2417,1,550.36,95.06,255.75,924.0,1,1,1.0
2418,1,551.11,95.2,254.05999999999995,924.0,1,1,1.0
2419,1,551.77,95.06,253.87,924.0,1,1,1.0
2420,1,552.33,95.06,253.5,924.0,1,1,1.0
2421,1,552.7,95.25,253.13,924.0,1,1,1.0
2422,1,552.84,94.88,253.5,924.0,1,1,1.0
2423,1,553.36,95.02,252.93999999999994,924.0,1,1,1.0
2424,1,553.12,94.73,252.93999999999994,924.0,1,1,1.0
2425,1,552.61,93.98,252.93999999999994,926.25,1,1,1.0
2426,1,549.94,94.03,255.18999999999994,926.25,1,1,1.0
2427,1,550.69,93.89,254.43999999999994,926.25,1,1,1.0
2428,1,551.67,94.64,253.88,924.0,1,1,1.0
2429,1,551.81,94.92,253.5,924.0,1,1,1.0
2430,1,552.05,93.84,253.87,926.25,1,1,1.0
2431,1,552.66,94.08,252.93000000000006,926.25,1,1,1.0
2432,1,553.27,94.03,252.37,926.25,1,1,1.0
2433,1,553.88,94.08,252.17999999999995,926.25,1,1,1.0
2434,1,554.34,93.75,251.25,926.25,1,1,1.0
2435,1,553.17,93.8,252.38,926.25,1,1,1.0
2436,1,549.98,94.59,255.93999999999994,924.0,1,1,1.0
2437,1,549.89,94.78,255.75,924.0,1,1,1.0
2438,1,552.23,94.64,254.06999999999994,924.0,1,1,1.0
2439,1,553.12,94.78,253.5,924.0,1,1,1.0
2440,1,553.5,94.69,252.38,924.0,1,1,1.0
2441,1,553.5,93.98,252.94000000000005,926.25,1,1,1.0
2442,1,553.88,94.17,252.37,926.25,1,1,1.0
2443,1,554.16,93.98,251.81000000000006,926.25,1,1,1.0
2444,1,553.73,93.84,251.81999999999994,926.25,1,1,1.0
2445,1,552.98,93.8,252.38,926.25,1,1,1.0
2446,1,550.22,93.89,255.18999999999994,926.25,1,1,1.0
2447,1,549.09,93.56,256.31999999999994,926.25,1,1,1.0
2448,1,550.22,93.8,255.37,926.25,1,1,1.0
2449,1,549.7,93.56,255.75,926.25,1,1,1.0
2450,1,549.8,93.56,255.94000000000005,926.25,1,1,1.0
2451,1,549.75,93.66,256.30999999999995,926.25,1,1,1.0
2452,1,549.89,93.23,256.31000000000006,926.25,1,1,1.0
2453,1,550.55,93.52,255.37,926.25,1,1,1.0
2454,1,551.3,93.33,255.18000000000006,926.25,1,1,1.0
2455,1,551.72,93.52,254.62,926.25,1,1,1.0
2456,1,551.3,93.42,254.06000000000006,926.25,1,1,1.0
2457,1,549.14,93.33,256.69000000000005,926.25,1,1,1.0
2458,1,545.25,93.28,260.44000000000005,926.25,1,1,1.0
2459,1,541.45,93.42,264.75,926.25,1,1,1.0
2460,1,543.42,93.38,262.5,926.24,1,1,1.0
2461,1,545.95,94.69,260.43999999999994,924.0,1,1,1.0
2462,1,546.66,93.8,259.12,926.25,1,1,1.0
2463,1,547.78,94.78,258.19000000000005,924.0,1,1,1.0
2464,1,548.39,94.83,257.63,924.0,1,1,1.0
2465,1,550.31,94.83,255.19000000000005,924.0,1,1,1.0
2466,1,552.33,93.8,252.93999999999994,926.25,1,1,1.0
2467,1,552.61,93.56,252.93999999999994,926.25,1,1,1.0
2468,1,553.59,94.27,252.38,924.0,1,1,1.0
2469,1,552.84,94.03,253.5,926.25,1,1,1.0
2470,1,552.28,93.84,254.06000000000006,926.25,1,1,1.0
2471,1,549.47,93.89,256.87,926.25,1,1,1.0
2472,1,549.33,93.89,256.68999999999994,926.25,1,1,1.0
2473,1,550.97,95.02,255.37,924.0,1,1,1.0
2474,1,551.2,95.11,255.38,924.0,1,1,1.0
2475,1,552.42,95.11,254.44000000000005,924.0,1,1,1.0
2476,1,553.22,95.06,253.5,924.0,1,1,1.0
2477,1,554.2,95.02,252.38,924.0,1,1,1.0
2478,1,554.53,94.88,252.19000000000005,924.0,1,1,1.0
2479,1,554.67,94.88,252.38,924.0,1,1,1.0
2480,1,555.0,94.92,252.38,924.0,1,1,1.0
2481,1,554.81,94.78,252.94000000000005,924.0,1,1,1.0
2482,1,554.25,93.66,253.5,926.25,1,1,1.0
2483,1,552.09,94.45,255.18999999999994,924.0,1,1,1.0
2484,1,550.64,93.42,256.88,926.25,1,1,1.0
2485,1,552.09,93.66,255.38,926.25,1,1,1.0
2486,1,551.34,93.89,256.31999999999994,926.25,1,1,1.0
2487,1,552.61,93.94,255.18999999999994,926.25,1,1,1.0
2488,1,553.88,93.56,253.5,926.25,1,1,1.0
2489,1,554.39,93.56,252.94000000000005,926.25,1,1,1.0
2490,1,555.98,93.23,251.81999999999994,926.25,1,1,1.0
2491,1,556.31,93.52,251.6300000000001,926.25,1,1,1.0
2492,1,556.92,93.8,250.69000000000005,926.25,1,1,1.0
2493,1,555.94,93.7,251.6199999999999,926.25,1,1,1.0
2494,1,554.86,93.52,252.37,926.25,1,1,1.0
2495,1,554.67,93.7,252.19000000000005,926.25,1,1,1.0
2496,1,553.59,93.42,253.88,926.25,1,1,1.0
2497,1,552.94,93.66,254.05999999999995,926.25,1,1,1.0
2498,1,552.14,93.75,255.38,926.25,1,1,1.0
2499,1,552.09,93.7,255.18999999999994,926.25,1,1,1.0
2500,1,552.28,93.75,255.38,926.25,1,1,1.0
2501,1,552.38,93.94,255.17999999999995,926.25,1,1,1.0
2502,1,553.64,93.84,254.44000000000005,926.25,1,1,1.0
2503,1,554.16,93.61,253.12,926.25,1,1,1.0
2504,1,554.91,93.66,252.37,926.25,1,1,1.0
2505,1,554.95,93.75,251.63,926.25,1,1,1.0
2506,1,554.25,95.02,252.37,924.0,1,1,1.0
2507,1,554.06,94.22,252.3800000000001,926.25,1,1,1.0
2508,1,552.98,94.08,253.88,926.25,1,1,1.0
2509,1,553.12,95.11,253.88,924.0,1,1,1.0
2510,1,555.05,95.16,251.62,924.0,1,1,1.0
2511,1,556.03,94.55,250.69000000000005,926.25,1,1,1.0
2512,1,554.53,94.64,252.19000000000005,926.25,1,1,1.0
2513,1,552.8,94.73,253.87,926.25,1,1,1.0
2514,1,553.92,94.78,252.38,926.25,1,1,1.0
2515,1,555.89,94.88,250.69000000000005,926.24,1,1,1.0
2516,1,555.8,94.64,251.06000000000006,926.25,1,1,1.0
2517,1,557.77,94.73,249.0,926.25,1,1,1.0
2518,1,557.72,94.64,249.0,926.25,1,1,1.0
2519,1,557.11,94.69,249.37,926.25,1,1,1.0
2520,1,557.25,96.05,248.80999999999995,924.0,1,1,1.0
2521,1,557.02,96.14,249.0,924.0,1,1,1.0
2522,1,555.89,96.05,249.94000000000005,924.0,1,1,1.0
2523,1,557.3,94.88,249.0,926.24,1,1,1.0
2524,1,557.02,95.81,249.37,924.0,1,1,1.0
2525,1,557.91,95.91,249.0,924.0,1,1,1.0
2526,1,558.98,96.23,247.68999999999994,924.0,1,1,1.0
2527,1,558.8,96.09,247.5,924.0,1,1,1.0
2528,1,559.41,96.0,246.56000000000006,924.0,1,1,1.0
2529,1,558.66,96.05,246.93000000000006,924.0,1,1,1.0
2530,1,559.17,95.86,247.5,924.0,1,1,1.0
2531,1,560.25,96.23,245.80999999999995,924.0,1,1,1.0
2532,1,559.59,95.16,246.56999999999994,926.25,1,1,1.0
2533,1,559.17,96.09,248.06000000000006,924.0,1,1,1.0
2534,1,558.23,96.38,248.43999999999994,924.0,1,1,1.0
2535,1,557.53,95.58,249.38,926.25,1,1,1.0
2536,1,556.36,96.19,249.93999999999994,924.0,1,1,1.0
2537,1,556.88,96.19,249.37,924.0,1,1,1.0
2538,1,555.38,96.23,250.67999999999995,924.0,1,1,1.0
2539,1,555.47,95.86,251.25,924.0,1,1,1.0
2540,1,554.72,95.77,251.80999999999995,924.0,1,1,1.0
2541,1,553.97,95.72,252.18999999999994,924.0,1,1,1.0
2542,1,553.59,95.62,252.93999999999994,924.0,1,1,1.0
2543,1,554.2,95.77,252.18999999999994,924.0,1,1,1.0
2544,1,554.53,95.62,252.38,924.0,1,1,1.0
2545,1,552.89,95.44,253.88,924.0,1,1,1.0
2546,1,552.66,95.77,254.06000000000006,924.0,1,1,1.0
2547,1,552.75,95.86,253.87,924.0,1,1,1.0
2548,1,552.8,95.72,253.87,924.0,1,1,1.0
2549,1,553.69,95.72,252.93999999999994,924.0,1,1,1.0
2550,1,553.22,95.86,253.5,924.0,1,1,1.0
2551,1,553.45,95.95,253.88,924.0,1,1,1.0
2552,1,553.41,95.95,253.12,924.0,1,1,1.0
2553,1,554.2,96.19,252.18999999999994,924.0,1,1,1.0
2554,1,554.91,96.09,251.62,924.0,1,1,1.0
2555,1,555.23,96.0,251.25,924.0,1,1,1.0
2556,1,555.89,95.86,250.13,924.0,1,1,1.0
2557,1,553.73,95.34,252.38,924.0,1,1,1.0
2558,1,553.78,95.58,252.38,924.0,1,1,1.0
2559,1,553.92,96.0,252.94000000000005,924.0,1,1,1.0
2560,1,554.06,95.53,251.6300000000001,924.0,1,1,1.0
2561,1,554.48,95.62,251.63,924.0,1,1,1.0
2562,1,555.05,95.86,251.06000000000006,924.0,1,1,1.0
2563,1,554.86,95.77,251.62,924.0,1,1,1.0
2564,1,555.0,95.77,251.62,924.0,1,1,1.0
2565,1,554.72,95.86,251.62,924.0,1,1,1.0
2566,1,554.62,96.0,251.82000000000005,924.0,1,1,1.0
2567,1,553.97,96.38,252.37,922.5,1,1,1.0
2568,1,554.34,95.34,252.18999999999994,924.0,1,1,1.0
2569,1,553.31,95.86,253.5,924.0,1,1,1.0
2570,1,554.67,95.67,251.63,924.0,1,1,1.0
2571,1,555.42,95.62,251.25,924.0,1,1,1.0
2572,1,555.28,96.0,251.25,924.0,1,1,1.0
2573,1,554.3,96.8,252.18000000000006,922.5,1,1,1.0
2574,1,553.5,96.0,252.94000000000005,924.0,1,1,1.0
2575,1,553.31,96.33,253.1300000000001,924.0,1,1,1.0
2576,1,553.59,95.95,252.93999999999994,924.0,1,1,1.0
2577,1,553.22,96.05,253.5,924.0,1,1,1.0
2578,1,553.27,95.62,254.06000000000006,924.0,1,1,1.0
2579,1,552.94,95.62,253.8699999999999,924.0,1,1,1.0
2580,1,551.86,96.42,254.43999999999994,922.5,1,1,1.0
2581,1,549.75,96.23,257.44000000000005,924.0,1,1,1.0
2582,1,549.66,96.14,257.62,924.0,1,1,1.0
2583,1,546.61,96.23,259.87,924.0,1,1,1.0
2584,1,546.52,96.23,260.81000000000006,924.0,1,1,1.0
2585,1,545.44,96.09,261.55999999999995,924.0,1,1,1.0
2586,1,544.97,95.86,262.12,924.0,1,1,1.0
2587,1,544.64,95.62,262.13,924.0,1,1,1.0
2588,1,544.64,96.05,262.5,924.0,1,1,1.0
2589,1,544.45,96.0,262.5,924.0,1,1,1.0
2590,1,544.31,95.91,262.69000000000005,924.0,1,1,1.0
2591,1,544.17,95.86,263.06000000000006,924.0,1,1,1.0
2592,1,544.41,96.19,262.12,924.0,1,1,1.0
2593,1,546.23,96.94,259.88,922.5,1,1,1.0
2594,1,545.58,96.7,260.80999999999995,922.5,1,1,1.0
2595,1,545.81,96.52,260.44000000000005,922.5,1,1,1.0
2596,1,546.28,96.7,260.25,922.5,1,1,1.0
2597,1,547.22,96.19,258.93999999999994,924.0,1,1,1.0
2598,1,546.75,96.09,258.94000000000005,924.0,1,1,1.0
2599,1,547.5,96.75,258.0,922.5,1,1,1.0
2600,1,547.69,96.38,258.55999999999995,922.5,1,1,1.0
2601,1,547.5,96.47,258.94000000000005,922.5,1,1,1.0
2602,1,547.03,95.44,258.94000000000005,924.0,1,1,1.0
2603,1,547.45,96.0,258.93999999999994,922.5,1,1,1.0
2604,1,548.67,95.53,257.44000000000005,924.0,1,1,1.0
2605,1,550.03,95.44,255.19000000000005,924.0,1,1,1.0
2606,1,552.19,95.44,253.1199999999999,924.0,1,1,1.0
2607,1,555.05,96.56,250.69000000000005,922.5,1,1,1.0
2608,1,558.56,95.91,246.94000000000005,924.0,1,1,1.0
2609,1,565.97,96.52,238.5,924.0,1,1,1.0
2610,1,570.94,96.75,234.3699999999999,924.0,1,1,1.0
2611,1,570.14,95.77,234.38,926.25,1,1,1.0
2612,1,569.44,95.44,234.3699999999999,926.25,1,1,1.0
2613,1,564.98,95.34,238.13,926.25,1,1,1.0
2614,1,564.61,95.34,239.25,927.75,1,1,1.0
2615,1,561.05,95.48,244.87,927.75,1,1,1.0
2616,1,558.05,95.44,253.12,927.75,1,1,1.0
2617,1,556.03,95.44,261.19000000000005,927.75,1,1,1.0
2618,1,551.25,95.2,270.75,927.75,1,1,1.0
2619,1,546.14,94.69,282.56000000000006,927.75,1,1,1.0
2620,1,541.97,93.23,293.43999999999994,929.25,1,1,1.0
2621,1,540.0,93.52,306.94000000000005,927.75,1,1,1.0
2622,1,540.7,93.8,317.63,927.75,1,1,1.0
2623,1,541.59,93.38,325.5,927.74,1,1,1.0
2624,1,544.45,90.09,330.0,931.5,1,1,1.0
2625,1,546.47,89.06,334.30999999999995,931.5,1,1,1.0
2626,1,552.47,88.03,333.0,931.5,1,1,1.0
2627,1,559.12,86.53,329.63,931.5,1,1,1.0
2628,1,564.0,87.19,326.25,903.0,1,1,1.0
2629,1,569.25,87.84,321.19000000000005,870.75,1,1,1.0
2630,1,571.69,85.97,318.0,855.0,1,1,1.0
2631,1,580.69,83.81,308.05999999999995,847.5,1,1,1.0
2632,1,587.06,80.06,299.44000000000005,851.25,1,1,1.0
2633,1,589.22,79.31,293.43999999999994,852.0,1,1,1.0
2634,1,597.28,79.12,284.06000000000006,852.76,1,1,1.0
2635,1,602.72,79.03,276.55999999999995,855.0,1,1,1.0
2636,1,605.44,79.97,273.0,852.75,1,1,1.0
2637,1,607.31,80.25,270.94000000000005,852.75,1,1,1.0
2638,1,609.19,80.72,269.05999999999995,851.25,1,1,1.0
2639,1,610.03,81.0,268.31000000000006,851.25,1,1,1.0
2640,1,609.84,81.19,269.06999999999994,849.75,1,1,1.0
2641,1,610.22,81.19,269.62,846.0,1,1,1.0
2642,1,610.97,80.72,269.80999999999995,847.5,1,1,1.0
2643,1,612.09,78.94,269.25,849.0,1,1,1.0
2644,1,613.69,75.89,268.30999999999995,822.75,1,1,1.0
2645,1,617.25,71.25,265.13,822.0,1,1,1.0
2646,1,620.91,66.05,260.81000000000006,799.5,1,1,1.0
2647,1,623.62,58.97,260.82000000000005,797.25,1,1,1.0
2648,1,626.34,46.45,263.25,768.0,1,1,1.0
2649,1,630.14,44.62,266.63,739.5,1,1,1.0
2650,1,635.95,40.78,266.06999999999994,722.63,1,1,1.0
2651,1,639.75,36.0,265.87,721.88,1,1,1.0
2652,1,642.7,32.67,266.63,723.38,1,1,1.0
2653,1,647.16,32.11,265.12,727.5,1,1,1.0
2654,1,649.88,31.78,263.81000000000006,727.5,1,1,1.0
2655,1,653.25,30.61,260.25,727.5,1,1,1.0
2656,1,657.75,32.58,255.75,723.37,1,1,1.0
2657,1,662.2,32.39,251.63,723.38,1,1,1.0
2658,1,667.69,32.2,245.80999999999995,719.63,1,1,1.0
2659,1,672.98,32.95,240.56999999999994,717.75,1,1,1.0
2660,1,677.95,35.02,235.68999999999994,700.5,1,1,1.0
2661,1,682.88,32.02,231.17999999999995,694.5,1,1,1.0
2662,1,687.38,29.25,227.06000000000006,684.37,1,1,1.0
2663,1,693.0,23.02,222.38,671.62,1,1,1.0
2664,1,696.98,22.2,219.38,646.5,1,1,1.0
2665,1,699.38,19.41,219.0,618.75,1,1,1.0
2666,1,700.12,11.62,219.0,617.26,1,1,1.0
2667,1,701.48,9.56,220.31999999999994,616.5,1,1,1.0
2668,1,702.42,8.81,221.63,615.3800000000001,1,1,1.0
2669,1,703.88,7.97,220.5,616.5,1,1,1.0
2670,1,706.88,7.64,219.17999999999995,617.25,1,1,1.0
2671,1,708.77,7.12,222.75,618.38,1,1,1.0
2672,1,709.97,7.03,226.68999999999994,618.0,1,1,1.0
2673,1,711.42,8.3,230.25,615.75,1,1,1.0
2674,1,712.92,9.23,233.44000000000005,614.25,1,1,1.0
2675,1,714.61,9.16,235.87,613.5,1,1,1.0
2676,1,717.38,9.09,237.0,614.25,1,1,1.0
2677,1,720.0,7.41,238.69000000000005,615.0,1,1,1.0
2678,1,723.56,4.03,240.0,603.38,1,1,1.0
2679,1,733.73,3.42,235.5,589.5,1,1,1.0
2680,1,743.86,0.47,230.05999999999995,579.75,1,1,1.0
2681,1,758.77,-1.55,222.37,561.38,1,1,1.0
2682,1,772.03,-1.48,211.88,547.88,1,1,1.0
2683,1,787.22,-0.52,197.43999999999994,535.5,1,1,1.0
2684,1,801.05,-2.06,181.69000000000005,534.0,1,1,1.0
2685,1,813.7,-1.5,168.65999999999997,534.0,1,1,1.0
2686,1,824.06,-2.06,157.69000000000005,532.1199999999999,1,1,1.0
2687,1,833.2,-2.06,150.55999999999995,532.1199999999999,1,1,1.0
2688,1,839.95,-2.53,160.9699999999999,533.62,1,1,1.0
2689,1,844.36,-2.53,178.40999999999997,536.25,1,1,1.0
2690,1,846.47,0.19,192.75,532.1199999999999,1,1,1.0
2691,1,845.62,0.52,197.63,531.0,1,1,1.0
2692,1,846.47,1.27,200.44000000000005,529.12,1,1,1.0
2693,1,847.5,0.66,201.55999999999995,528.75,1,1,1.0
2694,1,852.19,1.17,195.94000000000005,514.5,1,1,1.0
2695,1,857.2,-0.14,189.0,501.75,1,1,1.0
2696,1,864.61,-0.61,187.87,489.0,1,1,1.0
2697,1,877.38,0.98,185.63,478.13,1,1,1.0
2698,1,892.36,3.19,187.9699999999999,468.0,1,1,1.0
2699,1,907.59,2.84,187.68999999999994,468.0,1,1,1.0
2700,1,926.67,3.0,167.15999999999997,466.12,1,1,1.0
2701,1,957.05,-2.16,158.72000000000003,473.63000000000005,1,1,1.0
2702,1,967.45,0.28,145.5999999999999,471.75,1,1,1.0
2703,1,965.39,-0.56,157.0300000000001,473.62,1,1,1.0
2704,1,966.14,-0.56,157.9699999999999,471.75,1,1,1.0
2705,1,968.06,0.94,165.55999999999995,472.12,1,1,1.0
2706,1,970.45,-1.12,167.15999999999985,474.0,1,1,1.0
2707,1,972.96,3.61,174.94000000000005,469.87,1,1,1.0
2708,1,972.38,6.98,165.37,463.5,1,1,1.0
2709,1,970.62,7.69,176.42999999999995,463.5,1,1,1.0
2710,1,973.27,8.06,176.25,461.25,1,1,1.0
2711,1,987.47,22.59,161.52999999999997,444.75,1,1,1.0
2712,1,1009.41,57.23,135.7500000000001,404.63,1,1,1.0
