1117,1,1039.78,1.24,102.75,409.5,1,1,1.0
1118,1,1038.47,0.73,104.72000000000003,410.62,1,1,1.0
1119,1,1033.92,0.28,107.61999999999989,410.63000000000005,1,1,1.0
1120,1,1022.6,1.88,113.24999999999989,413.62,1,1,1.0
1121,1,1013.02,0.16,117.94000000000005,420.38,1,1,1.0
1122,1,1003.38,-1.2,120.56000000000006,426.75,1,1,1.0
1123,1,993.61,-2.81,123.84000000000003,427.5,1,1,1.0
1124,1,985.17,-1.78,133.40999999999997,421.86999999999995,1,1,1.0
1125,1,977.53,-1.69,140.35000000000014,415.88,1,1,1.0
1126,1,970.78,-2.44,145.8800000000001,418.5,1,1,1.0
1127,1,965.58,-1.41,150.7499999999999,417.75,1,1,1.0
1128,1,962.27,-0.66,154.69000000000005,418.88000000000005,1,1,1.0
1129,1,961.17,2.81,154.13,417.75,1,1,1.0
1130,1,960.33,2.2,154.31000000000006,424.5,1,1,1.0
1131,1,959.06,1.71,153.0,435.75,1,1,1.0
1132,1,957.09,0.07,152.82000000000005,440.63,1,1,1.0
1133,1,956.67,0.77,151.60000000000002,441.0,1,1,1.0
1134,1,955.59,1.52,155.07000000000005,442.13,1,1,1.0
1135,1,953.18,2.72,151.87,439.86999999999995,1,1,1.0
1136,1,952.83,1.12,137.62,439.5,1,1,1.0
1137,1,949.01,0.94,133.77999999999997,439.12,1,1,1.0
1138,1,943.45,-1.03,128.25,442.11999999999995,1,1,1.0
1139,1,938.25,-1.41,129.0,442.5,1,1,1.0
1140,1,931.55,-0.66,132.94000000000005,442.13000000000005,1,1,1.0
1141,1,925.83,0.0,134.7199999999999,442.5,1,1,1.0
1142,1,920.02,-0.19,136.12000000000012,440.25,1,1,1.0
1143,1,912.82,-0.02,139.02999999999986,439.5,1,1,1.0
1144,1,897.8,0.54,152.44000000000005,439.5,1,1,1.0
1145,1,873.47,0.66,173.44000000000005,441.0,1,1,1.0
1146,1,857.62,0.49,182.2600000000001,441.75,1,1,1.0
1147,1,844.88,0.07,190.87,443.63,1,1,1.0
1147,2,1021.59,0.75,121.13,460.87,1,1,1.0
1148,1,837.7,-0.61,189.27999999999997,448.88,1,1,1.0
1148,2,1013.67,-2.02,129.0000000000001,465.0,1,1,1.0
1149,1,830.34,1.62,195.38,445.5,1,1,1.0
1149,2,1005.94,2.62,139.22000000000003,472.88,1,1,1.0
1150,1,827.91,2.98,192.18000000000006,445.87,1,1,1.0
1150,2,992.37,2.2,153.7499999999999,484.5,1,1,1.0
1151,1,830.77,2.93,186.27999999999997,453.37,1,1,1.0
1151,2,983.34,1.41,164.54000000000008,482.25,1,1,1.0
1152,1,827.53,1.12,187.13,460.88,1,1,1.0
1152,2,978.0,-1.78,169.69000000000005,496.86999999999995,1,1,1.0
1153,1,827.16,0.59,186.0,464.62,1,1,1.0
1153,2,972.23,-1.69,176.06999999999994,499.5,1,1,1.0
1154,1,825.75,1.01,186.0,464.62,1,1,1.0
1154,2,972.23,-1.78,175.78999999999996,499.5,1,1,1.0
1155,1,825.19,-0.45,183.0,466.88,1,1,1.0
1155,2,966.7,-0.89,178.5999999999999,497.25,1,1,1.0
1156,1,825.61,1.78,176.34000000000003,465.0,1,1,1.0
1156,2,958.88,-0.8,186.7399999999999,496.13,1,1,1.0
1157,1,824.72,1.31,170.52999999999997,466.13,1,1,1.0
1157,2,955.5,0.84,189.83999999999992,495.0,1,1,1.0
1158,1,824.11,1.45,163.02999999999997,466.13,1,1,1.0
1158,2,953.3,1.59,189.27999999999997,495.75,1,1,1.0
1159,1,821.67,2.37,159.2800000000001,463.87,1,1,1.0
1159,2,955.92,-1.2,173.90999999999997,498.75,1,1,1.0
1160,1,819.05,2.65,153.19000000000005,463.5,1,1,1.0
1160,2,955.45,0.8,164.90999999999985,498.37,1,1,1.0
1161,1,813.23,2.81,149.81999999999994,463.5,1,1,1.0
1161,2,953.77,0.91,164.52999999999997,497.25,1,1,1.0
1162,1,806.62,3.8,148.68999999999994,460.87,1,1,1.0
1162,2,957.75,0.87,159.94000000000005,499.5,1,1,1.0
1163,1,800.72,0.84,150.47000000000003,468.0,1,1,1.0
1163,2,955.36,3.94,161.81000000000006,496.12,1,1,1.0
1164,1,796.38,1.03,153.75,472.88000000000005,1,1,1.0
1164,2,954.84,6.19,160.32000000000005,492.37,1,1,1.0
1165,1,793.01,1.88,154.31000000000006,481.5,1,1,1.0
1165,2,952.78,8.11,156.94000000000005,493.5,1,1,1.0
1166,1,787.45,2.62,155.25,482.26,1,1,1.0
1166,2,947.11,1.15,156.4699999999999,499.87,1,1,1.0
1167,1,781.69,-1.88,158.25,501.38,1,1,1.0
1167,2,936.05,1.17,164.34000000000015,507.38,1,1,1.0
1168,1,778.31,1.03,158.25,502.13000000000005,1,1,1.0
1168,2,928.03,0.33,169.5,516.75,1,1,1.0
1169,1,777.0,3.94,157.69000000000005,495.0,1,1,1.0
1169,2,921.33,0.09,173.7199999999999,526.13,1,1,1.0
1170,1,773.91,3.47,158.25,493.5,1,1,1.0
1170,2,921.61,-1.41,170.5300000000001,533.63,1,1,1.0
1171,1,773.2,3.42,156.93999999999994,497.25,1,1,1.0
1171,2,920.16,-0.56,167.42999999999995,537.3699999999999,1,1,1.0
1172,1,771.38,2.81,156.92999999999995,503.25,1,1,1.0
1172,2,920.95,-0.09,162.0,541.12,1,1,1.0
1173,1,770.39,2.62,155.25,510.0,1,1,1.0
1173,2,920.16,0.28,157.95999999999992,543.75,1,1,1.0
1174,1,768.98,0.54,155.25,518.62,1,1,1.0
1174,2,917.39,1.31,156.4699999999999,540.0,1,1,1.0
1175,1,767.25,0.28,157.77999999999997,525.75,1,1,1.0
1175,2,913.83,-0.19,155.7199999999999,546.0,1,1,1.0
1176,1,764.34,0.12,162.38,528.0,1,1,1.0
1176,2,907.73,0.94,157.22000000000003,546.3699999999999,1,1,1.0
1177,1,760.5,1.45,162.55999999999995,531.38,1,1,1.0
1177,2,903.09,-0.61,157.02999999999986,547.13,1,1,1.0
1178,1,757.41,1.59,158.25,532.13,1,1,1.0
1178,2,892.38,0.61,165.0000000000001,545.25,1,1,1.0
1179,1,754.17,0.89,158.72000000000003,533.63,1,1,1.0
1179,2,891.54,1.31,165.37000000000012,545.25,1,1,1.0
1180,1,750.52,1.92,157.02999999999997,532.5,1,1,1.0
1180,2,884.18,1.1,177.56000000000006,546.75,1,1,1.0
1181,1,749.2,-0.8,141.8499999999999,535.13,1,1,1.0
1181,2,868.85,1.88,195.18999999999994,544.5,1,1,1.0
1182,1,747.63,0.21,141.85000000000002,532.5,1,1,1.0
1182,2,860.67,0.61,206.2500000000001,546.37,1,1,1.0
1183,1,743.81,1.15,143.16000000000008,530.25,1,1,1.0
1183,2,854.48,1.5,215.06999999999994,546.38,1,1,1.0
1184,1,739.92,0.8,144.94000000000005,528.37,1,1,1.0
1184,2,849.47,0.84,220.30999999999995,553.88,1,1,1.0
1185,1,738.52,0.89,146.43000000000006,528.38,1,1,1.0
1185,2,843.4,0.98,226.5000000000001,557.25,1,1,1.0
1186,1,736.5,0.77,147.55999999999995,531.0,1,1,1.0
1186,2,838.1,0.56,231.7499999999999,574.8800000000001,1,1,1.0
1187,1,736.69,0.05,146.43999999999994,537.37,1,1,1.0
1187,2,834.23,0.56,234.37999999999988,572.6300000000001,1,1,1.0
1188,1,736.55,-0.21,145.5,545.25,1,1,1.0
1188,2,832.31,1.12,234.3800000000001,598.5,1,1,1.0
1189,1,737.53,-0.14,143.35000000000002,553.87,1,1,1.0
1189,2,830.23,1.88,234.93000000000006,609.0,1,1,1.0
1190,1,737.25,0.09,142.59000000000003,563.25,1,1,1.0
1190,2,828.89,0.75,234.38,613.5,1,1,1.0
1191,1,736.08,-1.03,143.14999999999998,562.12,1,1,1.0
1191,2,829.15,1.31,231.93999999999994,622.8800000000001,1,1,1.0
1192,1,735.05,0.23,144.19000000000005,563.25,1,1,1.0
1192,2,828.94,2.16,229.30999999999995,625.5,1,1,1.0
1193,1,733.36,0.61,144.55999999999995,567.0,1,1,1.0
1193,2,828.63,1.59,227.63,626.63,1,1,1.0
1194,1,730.92,2.3,145.88,573.0,1,1,1.0
1194,2,831.28,1.22,222.94000000000005,630.0,1,1,1.0
1195,1,728.72,2.48,144.18999999999994,578.25,1,1,1.0
1195,2,829.43,0.56,222.37,629.6300000000001,1,1,1.0
1196,1,727.5,3.76,145.12,588.75,1,1,1.0
1196,2,829.71,0.66,219.55999999999995,629.62,1,1,1.0
1197,1,724.36,2.98,147.18999999999994,594.37,1,1,1.0
1197,2,829.15,-0.94,217.87,631.1300000000001,1,1,1.0
1198,1,722.16,3.89,147.93000000000006,595.5,1,1,1.0
1198,2,829.83,-0.47,215.06000000000006,631.88,1,1,1.0
1199,1,717.98,4.69,150.18999999999994,595.1199999999999,1,1,1.0
1199,2,829.43,-0.09,212.06000000000006,633.0,1,1,1.0
1200,1,713.77,4.76,154.5,595.12,1,1,1.0
1200,2,829.97,-0.47,208.5,631.88,1,1,1.0
1201,1,709.62,3.49,162.75,597.38,1,1,1.0
1201,2,829.03,-0.19,207.3800000000001,625.5,1,1,1.0
1202,1,705.91,3.87,167.35000000000002,598.5,1,1,1.0
1202,2,832.2,4.24,200.80999999999995,619.13,1,1,1.0
1203,1,702.98,4.22,168.38,598.5,1,1,1.0
1203,2,831.44,6.35,201.19000000000005,622.13,1,1,1.0
1204,1,698.58,3.84,167.14999999999998,597.0,1,1,1.0
1204,2,833.06,3.42,196.8800000000001,639.38,1,1,1.0
1205,1,695.77,3.94,169.21000000000004,596.25,1,1,1.0
1205,2,826.22,6.14,200.44000000000005,655.5,1,1,1.0
1206,1,693.42,1.83,166.41000000000008,596.25,1,1,1.0
1206,2,823.78,8.65,198.75,666.37,1,1,1.0
1207,1,692.44,4.22,163.8699999999999,599.25,1,1,1.0
1207,2,817.78,11.53,200.81000000000006,679.13,1,1,1.0
1208,1,691.78,6.75,161.25,606.37,1,1,1.0
1208,2,814.97,12.8,199.87,687.0,1,1,1.0
1209,1,689.67,9.84,158.91000000000008,605.25,1,1,1.0
1209,2,810.05,13.17,200.43000000000006,693.75,1,1,1.0
1210,1,688.97,12.94,154.68999999999994,605.25,1,1,1.0
1210,2,801.84,14.48,204.75,696.38,1,1,1.0
1211,1,687.94,12.47,153.75,614.25,1,1,1.0
1211,2,797.62,16.5,205.13,697.5,1,1,1.0
1212,1,689.16,10.31,148.31000000000006,628.5,1,1,1.0
1212,2,790.64,18.42,207.0,695.25,1,1,1.0
1213,1,688.92,13.83,144.75,628.5,1,1,1.0
1213,2,781.08,18.23,211.68999999999994,695.25,1,1,1.0
1214,1,689.02,18.23,141.37,634.88,1,1,1.0
1214,2,768.7,16.12,218.43999999999994,698.26,1,1,1.0
1215,1,687.47,20.34,142.97000000000003,640.13,1,1,1.0
1215,2,764.67,16.17,217.5,698.25,1,1,1.0
1216,1,685.12,25.2,148.32000000000005,643.87,1,1,1.0
1216,2,745.34,15.7,233.25,697.5,1,1,1.0
1217,1,682.17,31.55,151.97000000000003,639.75,1,1,1.0
1217,2,735.94,15.19,241.8699999999999,698.25,1,1,1.0
1218,1,679.12,26.58,159.76,648.0,1,1,1.0
1218,2,718.45,14.58,263.06999999999994,698.25,1,1,1.0
1219,1,681.98,32.93,158.06999999999994,637.87,1,1,1.0
1219,2,700.45,14.48,288.75,698.25,1,1,1.0
1220,2,693.28,16.08,299.63,704.62,1,1,1.0
1221,2,689.77,15.89,306.56000000000006,726.75,1,1,1.0
1222,2,678.42,16.55,321.19000000000005,754.5,1,1,1.0
1223,2,680.34,17.62,319.68999999999994,778.5,1,1,1.0
1224,2,679.36,17.72,321.55999999999995,797.25,1,1,1.0
1225,2,676.83,20.25,326.25,804.0,1,1,1.0
1226,2,676.59,24.14,323.43999999999994,808.5,1,1,1.0
1227,2,676.59,25.36,324.0,819.75,1,1,1.0
1228,2,675.38,26.48,325.31000000000006,822.0,1,1,1.0
1229,2,675.0,28.17,325.30999999999995,822.0,1,1,1.0
1230,2,675.84,28.83,321.56999999999994,821.25,1,1,1.0
1231,2,676.41,29.84,317.25,819.75,1,1,1.0
1232,2,678.28,30.73,310.88,819.0,1,1,1.0
1233,2,679.22,33.07,301.5,816.0,1,1,1.0
1234,2,678.38,34.29,291.74,814.5,1,1,1.0
1235,2,676.88,33.16,280.5,818.25,1,1,1.0
1236,2,675.28,34.1,271.31000000000006,818.25,1,1,1.0
1237,2,675.14,33.89,258.94000000000005,818.25,1,1,1.0
1238,2,674.25,35.18,247.69000000000005,815.25,1,1,1.0
1239,2,671.06,44.72,244.69000000000005,803.25,1,1,1.0
1240,2,663.47,45.84,249.93999999999994,809.25,1,1,1.0
1241,2,652.08,45.61,267.55999999999995,829.5,1,1,1.0
1242,2,643.03,49.36,255.19000000000005,844.5,1,1,1.0
1243,2,630.09,56.95,262.13,839.25,1,1,1.0
1244,1,759.98,44.62,188.25,684.0,1,1,1.0
1244,2,621.28,64.12,267.38,837.0,1,1,1.0
1245,1,759.07,43.73,199.13,696.75,1,1,1.0
1245,2,612.47,66.98,274.12,840.0,1,1,1.0
1246,1,761.53,46.03,201.38,702.75,1,1,1.0
1246,2,606.66,68.81,277.31000000000006,840.75,1,1,1.0
1247,1,756.84,51.28,205.88,709.88,1,1,1.0
1247,2,598.03,68.67,288.0,843.0,1,1,1.0
1248,1,757.64,53.16,209.06000000000006,711.75,1,1,1.0
1248,2,586.78,68.77,293.44000000000005,843.75,1,1,1.0
1249,1,768.7,53.16,203.05999999999995,714.75,1,1,1.0
1249,2,573.84,71.77,303.93999999999994,840.0,1,1,1.0
1250,1,769.36,53.53,207.0,715.88,1,1,1.0
1250,2,565.88,73.78,308.42999999999995,835.5,1,1,1.0
1251,1,767.09,58.03,213.55999999999995,714.75,1,1,1.0
1251,2,561.84,75.66,311.43999999999994,833.25,1,1,1.0
1252,1,762.38,56.7,225.0,717.0,1,1,1.0
1252,2,551.95,75.47,321.18999999999994,834.75,1,1,1.0
1253,1,763.88,56.39,227.42999999999995,717.0,1,1,1.0
1253,2,546.09,74.81,329.06999999999994,836.25,1,1,1.0
1254,1,759.82,55.99,237.55999999999995,717.0,1,1,1.0
1254,2,537.98,74.34,331.5,839.25,1,1,1.0
1255,1,754.99,53.53,249.18999999999994,719.63,1,1,1.0
1255,2,532.36,74.25,327.37,848.25,1,1,1.0
1256,1,761.95,52.64,247.13,720.38,1,1,1.0
1256,2,531.84,74.62,315.18999999999994,860.26,1,1,1.0
1257,1,768.09,51.49,246.0,720.38,1,1,1.0
1257,2,527.2,74.62,301.88,885.0,1,1,1.0
1258,1,779.25,50.53,240.55999999999995,717.75,1,1,1.0
1258,2,526.05,74.44,279.57000000000005,906.75,1,1,1.0
1259,1,778.03,51.47,246.94000000000005,717.0,1,1,1.0
1259,2,524.34,72.56,266.63,936.75,1,1,1.0
1260,1,776.02,51.09,252.18000000000006,722.63,1,1,1.0
1260,2,525.75,71.81,259.87,939.75,1,1,1.0
1261,1,776.77,50.44,254.05999999999995,729.75,1,1,1.0
1261,2,527.72,70.69,255.18999999999994,942.0,1,1,1.0
1262,1,776.58,50.34,257.43999999999994,739.5,1,1,1.0
1262,2,529.22,69.84,251.80999999999995,956.9999999999999,1,1,1.0
1263,1,776.95,50.39,258.94000000000005,751.5,1,1,1.0
1263,2,531.66,68.11,249.37,967.4999999999999,1,1,1.0
1264,1,777.38,51.98,260.2399999999999,757.13,1,1,1.0
1264,2,532.22,67.59,251.05999999999995,968.9999999999999,1,1,1.0
1265,1,778.03,52.31,260.44000000000005,762.3800000000001,1,1,1.0
1265,2,532.22,69.56,250.12,975.0,1,1,1.0
1266,1,779.11,53.53,259.87,765.0,1,1,1.0
1266,2,531.47,69.33,251.80999999999995,989.2499999999999,1,1,1.0
1267,1,778.97,56.16,259.69000000000005,767.25,1,1,1.0
1267,2,525.84,70.31,256.88,995.25,1,1,1.0
1268,1,778.88,56.98,258.92999999999995,768.0,1,1,1.0
1268,2,510.38,73.08,271.67999999999995,992.9999999999999,1,1,1.0
1269,1,783.33,61.69,254.06000000000006,762.3699999999999,1,1,1.0
1269,2,493.41,73.45,289.68,995.25,1,1,1.0
1270,1,787.5,64.03,249.3800000000001,760.13,1,1,1.0
1270,2,478.5,76.78,312.94000000000005,993.0,1,1,1.0
1271,1,792.28,67.22,243.0,758.25,1,1,1.0
1271,2,468.47,79.12,341.62,991.4999999999999,1,1,1.0
1272,1,792.94,68.72,240.94000000000005,757.12,1,1,1.0
1272,2,454.41,81.33,372.56,989.2499999999999,1,1,1.0
1273,1,793.41,68.91,240.37,758.25,1,1,1.0
1273,2,447.38,82.83,388.12,987.7499999999999,1,1,1.0
1274,1,791.16,68.53,241.87,759.38,1,1,1.0
1274,2,441.28,84.52,407.25,987.75,1,1,1.0
1275,1,789.98,68.44,242.25,759.3699999999999,1,1,1.0
1275,2,437.44,84.14,419.61999999999995,987.7500000000001,1,1,1.0
1276,1,788.58,69.0,243.56000000000006,759.38,1,1,1.0
1276,2,434.81,83.06,427.49999999999994,989.25,1,1,1.0
1277,1,786.98,70.5,245.44000000000005,757.5,1,1,1.0
1277,2,433.12,82.08,434.63,989.2499999999999,1,1,1.0
1278,1,784.78,69.94,246.94000000000005,760.1199999999999,1,1,1.0
1278,2,432.66,80.25,439.11999999999995,993.0,1,1,1.0
1279,1,782.44,71.16,249.3699999999999,758.25,1,1,1.0
1279,2,432.0,79.5,443.25,993.0,1,1,1.0
1280,1,780.28,70.78,250.69000000000005,758.25,1,1,1.0
1280,2,431.44,79.88,444.36999999999995,993.0000000000001,1,1,1.0
1281,1,777.75,71.06,252.94000000000005,758.25,1,1,1.0
1281,2,432.84,80.62,443.25000000000006,991.4999999999999,1,1,1.0
1282,1,775.92,71.44,252.93999999999994,759.3699999999999,1,1,1.0
1282,2,434.06,81.84,441.74999999999994,989.2499999999999,1,1,1.0
1283,1,774.23,69.33,252.37999999999988,777.0,1,1,1.0
1283,2,436.88,81.38,439.12,991.5000000000001,1,1,1.0
1284,1,773.53,69.52,251.80999999999995,798.75,1,1,1.0
1284,2,440.81,82.5,432.38000000000005,991.5,1,1,1.0
1285,1,772.69,70.17,251.25,815.25,1,1,1.0
1285,2,445.22,82.88,422.62,993.0000000000001,1,1,1.0
1286,1,771.75,73.22,251.25,826.5,1,1,1.0
1286,2,449.62,83.62,415.13,992.9999999999999,1,1,1.0
1287,1,770.95,73.88,251.25,840.0,1,1,1.0
1287,2,456.47,84.14,405.75,993.0000000000001,1,1,1.0
1288,1,771.0,75.47,249.94000000000005,840.75,1,1,1.0
1288,2,460.69,85.27,398.61999999999995,991.5,1,1,1.0
1289,1,771.7,76.69,248.81999999999994,840.0,1,1,1.0
1289,2,466.59,85.5,388.50000000000006,991.5,1,1,1.0
1290,1,771.98,78.84,248.06999999999994,841.5,1,1,1.0
1290,2,474.19,87.09,376.11999999999995,989.2499999999999,1,1,1.0
1291,1,773.44,82.22,247.1199999999999,841.5,1,1,1.0
1291,2,480.19,89.44,367.31,987.75,1,1,1.0
1292,1,775.69,85.03,245.43999999999994,840.75,1,1,1.0
1292,2,483.66,91.17,364.68,986.2500000000001,1,1,1.0
1293,1,776.86,86.53,245.43999999999994,840.0,1,1,1.0
1293,2,485.6,92.06,363.75,984.0,1,1,1.0
1294,1,779.81,87.19,244.1300000000001,840.0,1,1,1.0
1294,2,485.51,91.73,367.87,984.0,1,1,1.0
1295,1,781.92,88.22,243.0000000000001,839.25,1,1,1.0
1295,2,484.45,91.08,372.19,983.9999999999999,1,1,1.0
1296,1,783.94,89.16,242.44000000000005,838.5,1,1,1.0
1296,2,483.98,89.62,376.13,986.2600000000001,1,1,1.0
1297,1,786.61,90.75,240.56000000000006,836.25,1,1,1.0
1297,2,483.94,89.72,378.36999999999995,986.25,1,1,1.0
1298,1,788.81,91.88,239.05999999999995,835.5,1,1,1.0
1298,2,483.14,90.09,384.0,986.2499999999999,1,1,1.0
1299,1,790.59,93.47,238.68999999999994,833.25,1,1,1.0
1299,2,483.23,91.31,390.38,984.0,1,1,1.0
1300,1,791.91,94.59,240.0000000000001,831.75,1,1,1.0
1300,2,482.16,89.34,392.99999999999994,989.2499999999999,1,1,1.0
1301,1,792.56,96.38,241.8800000000001,830.24,1,1,1.0
1301,2,480.84,89.48,398.63000000000005,989.25,1,1,1.0
1302,1,793.12,96.0,242.82000000000005,831.0,1,1,1.0
1302,2,477.94,88.69,405.75000000000006,987.75,1,1,1.0
1303,1,793.5,97.12,244.1199999999999,829.5,1,1,1.0
1303,2,473.91,87.09,412.11999999999995,989.2499999999999,1,1,1.0
1304,1,793.88,96.94,244.31000000000006,829.5,1,1,1.0
1304,2,468.47,85.55,420.0,991.5,1,1,1.0
1305,1,794.81,97.41,244.1300000000001,828.75,1,1,1.0
1305,2,460.41,85.22,430.49999999999994,991.5,1,1,1.0
1306,1,795.0,97.03,244.69000000000005,828.75,1,1,1.0
1306,2,453.28,86.67,440.25,989.2500000000001,1,1,1.0
1307,1,795.66,96.09,244.31000000000006,829.5,1,1,1.0
1307,2,444.66,86.53,448.11999999999995,989.25,1,1,1.0
1308,1,796.59,96.09,244.13,829.5,1,1,1.0
1308,2,434.25,86.25,454.5,989.25,1,1,1.0
1309,1,796.59,95.25,244.13,830.25,1,1,1.0
1309,2,425.81,86.86,456.74999999999994,987.7499999999999,1,1,1.0
1310,1,797.91,94.22,242.42999999999995,831.0,1,1,1.0
1310,2,417.75,86.53,456.0,987.75,1,1,1.0
1311,1,799.12,93.0,241.88,831.75,1,1,1.0
1311,2,412.12,89.16,451.5,984.0000000000001,1,1,1.0
1312,1,801.56,92.53,240.3800000000001,831.75,1,1,1.0
1312,2,406.59,91.92,450.00000000000006,980.2500000000001,1,1,1.0
1313,1,803.34,92.16,239.82000000000005,831.75,1,1,1.0
1313,2,401.16,92.34,449.24999999999994,980.2499999999999,1,1,1.0
1314,1,805.5,91.12,238.69000000000005,833.26,1,1,1.0
1314,2,398.06,92.91,445.13000000000005,978.7500000000001,1,1,1.0
1315,1,807.38,92.06,237.17999999999995,831.75,1,1,1.0
1315,2,394.5,91.41,445.88,980.2500000000001,1,1,1.0
1316,1,808.22,92.44,237.19000000000005,831.75,1,1,1.0
1316,2,391.36,89.77,445.87,982.5,1,1,1.0
1317,1,808.88,92.81,237.17999999999995,831.0,1,1,1.0
1317,2,388.69,89.11,448.11999999999995,982.4999999999999,1,1,1.0
1318,1,810.19,94.03,237.19000000000005,830.25,1,1,1.0
1318,2,386.25,88.36,454.5,982.4999999999999,1,1,1.0
1319,1,811.03,94.69,237.55999999999995,828.75,1,1,1.0
1319,2,385.03,86.34,463.88,983.9999999999999,1,1,1.0
1320,1,811.41,95.72,237.56000000000006,828.0,1,1,1.0
1320,2,387.94,84.38,468.00000000000006,986.2399999999999,1,1,1.0
1321,1,811.97,96.28,237.55999999999995,827.25,1,1,1.0
1321,2,391.31,83.48,472.49999999999994,986.25,1,1,1.0
1322,1,812.81,97.41,236.80999999999995,825.75,1,1,1.0
1322,2,396.09,83.81,472.50000000000006,986.25,1,1,1.0
1323,1,811.78,99.0,237.94000000000005,822.75,1,1,1.0
1323,2,405.47,83.58,463.12,987.7499999999999,1,1,1.0
1324,1,811.12,99.56,238.68999999999994,822.0,1,1,1.0
1324,2,412.41,84.09,456.74999999999994,987.7499999999999,1,1,1.0
1325,1,809.16,100.03,240.37,822.0,1,1,1.0
1325,2,422.34,85.08,445.13000000000005,986.2499999999999,1,1,1.0
1326,1,808.03,99.47,240.94000000000005,822.75,1,1,1.0
1326,2,431.25,87.42,437.25,984.0000000000001,1,1,1.0
1327,1,806.81,98.91,240.94000000000005,822.75,1,1,1.0
1327,2,442.31,80.81,426.38000000000005,990.0,1,1,1.0
1328,1,806.44,98.91,240.94000000000005,822.75,1,1,1.0
1328,2,458.25,80.62,413.25,992.9999999999999,1,1,1.0
1329,1,806.72,98.91,239.05999999999995,822.75,1,1,1.0
1329,2,478.45,86.77,400.50000000000006,987.75,1,1,1.0
1330,1,805.12,98.25,239.2600000000001,822.75,1,1,1.0
1330,2,493.59,85.41,394.13000000000005,989.2500000000001,1,1,1.0
1331,1,802.78,98.06,238.69000000000005,822.0,1,1,1.0
1331,2,505.08,83.95,390.75000000000006,991.5,1,1,1.0
1332,1,801.66,97.31,237.17999999999995,821.25,1,1,1.0
1332,2,515.39,85.03,385.88,989.25,1,1,1.0
1333,1,799.59,97.12,237.57000000000005,819.76,1,1,1.0
1333,2,523.45,85.55,384.0,987.75,1,1,1.0
1334,1,798.28,96.94,236.6300000000001,819.75,1,1,1.0
1334,2,532.22,84.84,381.93999999999994,987.7499999999999,1,1,1.0
1335,1,797.16,96.94,234.37,819.75,1,1,1.0
1335,2,539.44,84.89,381.18999999999994,986.2500000000001,1,1,1.0
1336,1,795.23,96.47,232.5,819.75,1,1,1.0
1336,2,548.34,85.88,376.88,984.0000000000001,1,1,1.0
1337,1,792.7,96.0,231.75,821.25,1,1,1.0
1337,2,557.16,86.06,370.31000000000006,984.0,1,1,1.0
1338,1,789.94,95.44,230.43999999999994,822.75,1,1,1.0
1338,2,563.34,84.0,366.56999999999994,986.25,1,1,1.0
1339,1,788.02,94.5,228.0,823.5,1,1,1.0
1339,2,567.94,84.28,363.0,986.25,1,1,1.0
1340,1,792.84,94.88,219.38,824.24,1,1,1.0
1340,2,574.5,83.25,355.88,987.75,1,1,1.0
1341,1,795.05,93.47,213.56000000000006,828.75,1,1,1.0
1341,2,581.62,82.5,349.88,989.25,1,1,1.0
1342,1,795.84,91.41,209.43999999999994,831.0,1,1,1.0
1342,2,582.09,82.31,349.13,989.25,1,1,1.0
1343,1,795.94,91.69,205.8699999999999,831.0,1,1,1.0
1343,2,579.84,82.08,347.63,989.2499999999999,1,1,1.0
1344,1,796.27,93.47,202.5,828.0,1,1,1.0
1344,2,575.06,82.69,350.44000000000005,987.75,1,1,1.0
1345,1,794.48,92.91,201.56999999999994,827.25,1,1,1.0
1345,2,571.03,82.03,351.38,987.75,1,1,1.0
1346,1,791.81,91.59,201.3800000000001,828.0,1,1,1.0
1346,2,572.81,82.73,347.6300000000001,987.75,1,1,1.0
1347,1,788.91,91.41,201.37,825.75,1,1,1.0
1347,2,584.16,82.97,332.81000000000006,987.75,1,1,1.0
1348,1,786.7,91.31,200.25,824.25,1,1,1.0
1348,2,589.12,82.55,325.5,987.75,1,1,1.0
1349,1,778.03,90.84,207.0,822.75,1,1,1.0
1349,2,591.75,82.36,321.94000000000005,989.2499999999999,1,1,1.0
1350,1,770.62,91.59,212.63,819.0,1,1,1.0
1350,2,589.78,82.83,319.69000000000005,987.7499999999999,1,1,1.0
1351,1,767.86,91.97,213.75,816.0,1,1,1.0
1351,2,585.94,83.81,321.0,987.75,1,1,1.0
1352,1,764.86,92.16,214.87,813.75,1,1,1.0
1352,2,576.84,84.28,326.81999999999994,987.75,1,1,1.0
1353,1,760.03,91.97,218.25,811.5,1,1,1.0
1353,2,570.0,85.17,328.69000000000005,987.7500000000001,1,1,1.0
1354,1,755.86,91.97,221.05999999999995,809.25,1,1,1.0
1354,2,565.97,85.92,326.25,986.2500000000001,1,1,1.0
1355,1,751.08,93.19,225.0,807.75,1,1,1.0
1355,2,560.62,86.72,328.32000000000005,986.25,1,1,1.0
1356,1,747.91,93.09,227.07000000000005,807.75,1,1,1.0
1356,2,549.94,85.59,335.6199999999999,987.7499999999999,1,1,1.0
1357,1,742.94,92.06,231.93999999999994,809.25,1,1,1.0
1357,2,535.5,85.45,345.94000000000005,989.25,1,1,1.0
1358,1,736.08,91.41,239.05999999999995,810.75,1,1,1.0
1358,2,522.7,83.58,355.31999999999994,991.4999999999999,1,1,1.0
1359,1,729.94,91.97,245.25,808.5,1,1,1.0
1359,2,511.27,82.03,366.0,993.0,1,1,1.0
1360,1,726.77,91.97,248.44000000000005,809.25,1,1,1.0
1360,2,497.25,80.58,378.0,995.2499999999999,1,1,1.0
1361,1,726.42,92.16,248.06000000000006,809.25,1,1,1.0
1361,2,481.88,78.66,387.74,999.0000000000001,1,1,1.0
1362,1,724.99,92.53,249.55999999999995,808.5,1,1,1.0
1362,2,467.72,80.58,399.37,995.2499999999999,1,1,1.0
1363,1,724.76,92.34,250.12,811.5,1,1,1.0
1363,2,459.0,82.59,405.75,989.2499999999999,1,1,1.0
1364,1,724.45,92.72,251.63,815.25,1,1,1.0
1364,2,451.12,81.42,409.88,991.5000000000001,1,1,1.0
1365,1,724.24,91.78,252.18999999999994,819.0,1,1,1.0
1365,2,444.75,81.09,408.37,991.4999999999999,1,1,1.0
1366,1,724.69,92.25,251.6199999999999,822.0,1,1,1.0
1366,2,441.28,80.44,403.5,993.0,1,1,1.0
1367,1,725.86,92.91,249.93999999999994,824.25,1,1,1.0
1367,2,439.88,80.16,400.5,993.0000000000001,1,1,1.0
1368,1,727.55,93.84,248.06000000000006,824.25,1,1,1.0
1368,2,439.5,80.95,399.38,991.5,1,1,1.0
1369,1,727.92,94.22,248.06000000000006,823.5,1,1,1.0
1369,2,440.53,81.38,397.5,991.5000000000001,1,1,1.0
1370,1,730.17,95.16,246.94000000000005,822.75,1,1,1.0
1370,2,442.31,83.16,397.13000000000005,989.2500000000001,1,1,1.0
1371,1,732.42,97.03,246.0,821.25,1,1,1.0
1371,2,444.47,84.98,396.75,987.75,1,1,1.0
1372,1,734.51,97.5,245.25,821.25,1,1,1.0
1372,2,449.53,85.69,393.38,987.75,1,1,1.0
1373,1,736.71,97.97,244.30999999999995,821.25,1,1,1.0
1373,2,455.25,86.67,390.0,986.2500000000001,1,1,1.0
1374,1,738.84,99.84,244.31999999999994,819.0,1,1,1.0
1374,2,462.84,88.59,385.13000000000005,983.9999999999999,1,1,1.0
1375,1,741.21,100.41,243.55999999999995,819.0,1,1,1.0
1375,2,472.31,89.48,383.44,984.0,1,1,1.0
1376,1,742.88,102.66,244.31000000000006,816.75,1,1,1.0
1376,2,485.02,89.72,377.62,986.25,1,1,1.0
1377,1,745.08,104.16,245.25,816.0,1,1,1.0
1377,2,495.52,91.97,375.75,982.5,1,1,1.0
1378,1,746.2,105.19,247.68999999999994,815.25,1,1,1.0
1378,2,505.22,94.45,371.43999999999994,978.75,1,1,1.0
1379,1,746.39,106.5,250.13,814.5,1,1,1.0
1379,2,513.42,98.72,365.63,975.0,1,1,1.0
1380,1,745.78,108.28,253.5,812.25,1,1,1.0
1380,2,522.84,102.84,358.5,971.2499999999999,1,1,1.0
1381,1,746.11,107.91,255.75,813.75,1,1,1.0
1381,2,532.41,107.25,355.87,967.5,1,1,1.0
1382,1,746.39,108.75,257.63,811.5,1,1,1.0
1382,2,540.61,109.59,353.62,965.2499999999999,1,1,1.0
1383,1,747.28,110.91,257.63,807.75,1,1,1.0
1383,2,547.69,110.62,349.5,963.7600000000001,1,1,1.0
1384,1,749.58,113.16,256.68999999999994,804.0,1,1,1.0
1384,2,553.5,111.47,344.62,962.25,1,1,1.0
1385,1,752.16,114.0,254.62,803.25,1,1,1.0
1385,2,558.0,112.78,339.0,958.5,1,1,1.0
1386,1,753.38,116.34,253.87,799.5,1,1,1.0
1386,2,560.91,111.75,336.56000000000006,958.5,1,1,1.0
1387,1,754.5,117.47,252.94000000000005,798.75,1,1,1.0
1387,2,561.66,112.88,335.25,957.0000000000001,1,1,1.0
1388,1,757.27,117.47,249.93000000000006,799.5,1,1,1.0
1388,2,559.78,112.41,337.5,957.0000000000001,1,1,1.0
1389,1,758.91,117.75,248.06000000000006,798.75,1,1,1.0
1389,2,559.31,112.22,337.8800000000001,957.0,1,1,1.0
1390,1,760.41,119.06,246.93000000000006,797.25,1,1,1.0
1390,2,558.66,111.84,340.5,956.9999999999999,1,1,1.0
1391,1,762.94,119.16,244.30999999999995,797.25,1,1,1.0
1391,2,557.91,110.53,340.87,958.5,1,1,1.0
1392,1,763.97,118.97,242.80999999999995,797.25,1,1,1.0
1392,2,556.69,109.22,340.30999999999995,960.0,1,1,1.0
1393,1,765.19,119.06,240.3699999999999,797.25,1,1,1.0
1393,2,556.5,108.66,340.30999999999995,960.0000000000001,1,1,1.0
1394,1,765.56,119.44,240.3800000000001,797.25,1,1,1.0
1394,2,557.16,107.25,339.0,962.25,1,1,1.0
1395,1,766.88,119.53,237.56000000000006,797.25,1,1,1.0
1395,2,556.22,106.59,340.30999999999995,963.7499999999999,1,1,1.0
1396,1,766.59,119.62,237.18999999999994,797.26,1,1,1.0
1396,2,556.03,106.97,342.0,962.25,1,1,1.0
1397,1,765.28,119.16,237.56000000000006,797.25,1,1,1.0
1397,2,556.41,106.88,343.87,962.2399999999999,1,1,1.0
1398,1,763.92,119.16,239.06000000000006,797.25,1,1,1.0
1398,2,556.88,106.97,345.37,962.25,1,1,1.0
1399,1,763.59,118.5,239.25,797.25,1,1,1.0
1399,2,556.88,106.88,345.74,962.2399999999999,1,1,1.0
1400,1,762.94,118.59,239.25,796.5,1,1,1.0
1400,2,556.69,107.25,346.30999999999995,962.25,1,1,1.0
1401,1,761.77,117.38,238.5,797.24,1,1,1.0
1401,2,555.28,106.69,345.38,962.25,1,1,1.0
1402,1,760.5,115.78,240.0,798.75,1,1,1.0
1402,2,553.12,105.84,347.63,963.7499999999999,1,1,1.0
1403,1,760.03,113.91,237.94000000000005,801.75,1,1,1.0
1403,2,549.38,104.34,352.31000000000006,965.2499999999999,1,1,1.0
1404,1,759.42,112.78,237.56000000000006,803.25,1,1,1.0
1404,2,546.56,103.08,354.3800000000001,967.4999999999999,1,1,1.0
1405,1,759.42,111.94,239.06000000000006,804.75,1,1,1.0
1405,2,544.31,102.7,353.6300000000001,969.0,1,1,1.0
1406,1,759.52,111.0,239.25,807.0,1,1,1.0
1406,2,542.77,100.83,350.81000000000006,971.2499999999999,1,1,1.0
1407,1,756.61,110.25,240.93999999999994,807.75,1,1,1.0
1407,2,540.75,100.69,351.37,971.25,1,1,1.0
1408,1,753.66,109.41,241.5,809.25,1,1,1.0
1408,2,540.42,100.03,350.81000000000006,972.75,1,1,1.0
1409,1,752.34,107.44,239.25,811.5,1,1,1.0
1409,2,539.39,98.72,346.88,975.0,1,1,1.0
1410,1,748.97,106.41,239.80999999999995,812.25,1,1,1.0
1410,2,539.11,97.31,346.87,977.25,1,1,1.0
1411,1,746.91,104.53,236.81000000000006,814.5,1,1,1.0
1411,2,538.69,96.0,350.43999999999994,978.75,1,1,1.0
1412,1,744.59,104.06,236.80999999999995,814.5,1,1,1.0
1412,2,539.11,96.23,349.87,978.75,1,1,1.0
1413,1,742.06,102.84,237.18000000000006,816.0,1,1,1.0
1413,2,540.14,95.06,347.25,980.25,1,1,1.0
1414,1,735.02,100.59,242.82000000000005,818.25,1,1,1.0
1414,2,541.45,94.78,352.13,980.25,1,1,1.0
1415,1,732.0,102.19,243.0,816.0,1,1,1.0
1415,2,543.42,95.02,352.31000000000006,980.25,1,1,1.0
1416,1,721.38,99.19,252.94000000000005,819.75,1,1,1.0
1416,2,545.91,93.94,354.56000000000006,980.25,1,1,1.0
1417,1,723.16,102.09,249.0,816.0,1,1,1.0
1417,2,547.59,93.33,354.93999999999994,980.2499999999999,1,1,1.0
1418,1,727.1,102.38,240.55999999999995,815.24,1,1,1.0
1418,2,549.38,92.58,354.37,980.2499999999999,1,1,1.0
1419,1,735.38,102.94,228.17999999999995,815.25,1,1,1.0
1419,2,550.78,92.2,351.38,980.25,1,1,1.0
1420,1,734.16,108.47,222.37,808.5,1,1,1.0
1420,2,552.56,92.34,350.44000000000005,978.7499999999999,1,1,1.0
1421,1,737.65,110.81,211.5,803.25,1,1,1.0
1421,2,553.41,93.33,351.37,977.2499999999999,1,1,1.0
1422,1,744.59,111.56,192.75,796.5,1,1,1.0
1422,2,554.72,94.12,350.80999999999995,974.9999999999999,1,1,1.0
1423,1,736.73,109.03,187.40999999999997,797.25,1,1,1.0
1423,2,555.84,93.84,351.75,974.9999999999999,1,1,1.0
1424,1,737.16,105.19,180.56000000000006,795.75,1,1,1.0
1424,2,556.59,92.58,351.75,977.2499999999999,1,1,1.0
1425,1,764.32,114.63,149.80999999999995,765.75,1,1,1.0
1425,2,556.97,92.62,351.75,977.2600000000001,1,1,1.0
1426,1,768.94,116.34,144.0,756.0,1,1,1.0
1426,2,557.16,91.03,352.68000000000006,980.25,1,1,1.0
1427,1,769.31,115.12,143.16000000000008,751.88,1,1,1.0
1427,2,557.25,90.61,353.05999999999995,980.2499999999999,1,1,1.0
1428,1,757.69,101.44,155.43999999999994,760.8699999999999,1,1,1.0
1428,2,557.44,89.39,352.68999999999994,982.5000000000001,1,1,1.0
1429,1,766.83,107.44,140.43999999999994,742.5,1,1,1.0
1429,2,557.25,89.02,352.30999999999995,982.5,1,1,1.0
1430,1,766.64,109.59,140.63,737.63,1,1,1.0
1430,2,557.62,88.12,352.13,983.9999999999999,1,1,1.0
1431,1,767.46,107.81,139.9699999999999,740.6300000000001,1,1,1.0
1431,2,557.81,87.75,352.1300000000001,984.0,1,1,1.0
1432,1,767.44,108.42,140.43999999999994,738.38,1,1,1.0
1432,2,557.81,87.33,352.31000000000006,983.9999999999999,1,1,1.0
1433,1,766.36,104.91,142.77999999999997,743.62,1,1,1.0
1433,2,557.81,85.27,353.6300000000001,986.25,1,1,1.0
1434,2,558.28,84.38,354.0,987.7399999999999,1,1,1.0
1435,2,558.94,84.23,354.55999999999995,987.75,1,1,1.0
1436,2,560.34,84.14,354.56999999999994,987.7500000000001,1,1,1.0
1437,2,562.31,84.52,354.3800000000001,987.75,1,1,1.0
1438,2,564.19,85.22,353.05999999999995,986.25,1,1,1.0
1439,2,564.84,85.17,354.0,986.2500000000001,1,1,1.0
1440,2,565.41,85.78,354.37,986.25,1,1,1.0
1441,2,566.16,85.97,353.62,986.25,1,1,1.0
1442,2,565.12,86.16,354.38,986.2500000000001,1,1,1.0
1443,2,565.31,87.19,353.06000000000006,984.0,1,1,1.0
1444,2,561.66,87.23,354.56000000000006,986.25,1,1,1.0
1445,2,560.72,90.19,353.05999999999995,982.5,1,1,1.0
1446,2,560.06,93.14,349.1300000000001,978.7500000000001,1,1,1.0
1447,2,561.47,94.59,339.75,978.7499999999999,1,1,1.0
1448,2,560.91,100.69,333.93000000000006,972.75,1,1,1.0
1449,1,766.36,104.91,142.77999999999997,743.62,1,1,1.0
1449,2,561.66,101.58,327.75,971.2499999999999,1,1,1.0
1450,1,693.38,81.52,206.42999999999995,768.75,1,1,1.0
1450,2,559.5,102.0,325.30999999999995,972.75,1,1,1.0
1451,1,685.76,85.52,210.75,764.25,1,1,1.0
1451,2,552.98,104.16,328.31999999999994,971.2500000000001,1,1,1.0
1452,1,676.12,91.69,220.32000000000005,754.5,1,1,1.0
1452,2,542.11,104.53,339.75,972.75,1,1,1.0
1453,1,674.34,91.69,222.93999999999994,756.0,1,1,1.0
1453,2,534.52,105.28,348.56000000000006,972.75,1,1,1.0
1454,1,672.0,91.41,225.38,757.12,1,1,1.0
1454,2,526.92,105.0,356.81000000000006,972.75,1,1,1.0
1455,1,666.28,92.91,231.19000000000005,752.62,1,1,1.0
1455,2,518.2,106.88,366.93999999999994,971.2399999999999,1,1,1.0
1456,1,665.3,89.48,233.25,766.88,1,1,1.0
1456,2,511.12,109.59,368.26,968.9999999999999,1,1,1.0
1457,1,663.94,91.78,237.55999999999995,774.0,1,1,1.0
1457,2,500.72,118.41,330.0,957.0000000000001,1,1,1.0
1458,1,660.94,91.22,242.80999999999995,781.5,1,1,1.0
1458,2,491.06,124.69,335.24999999999994,949.5,1,1,1.0
1459,1,659.86,90.66,244.87,786.75,1,1,1.0
1459,2,482.53,128.16,341.25,944.2500000000001,1,1,1.0
1460,1,657.52,89.62,248.81000000000006,788.26,1,1,1.0
1460,2,474.94,133.12,346.31,938.2600000000001,1,1,1.0
1461,1,656.44,89.48,251.80999999999995,786.0,1,1,1.0
1461,2,468.84,139.22,350.82,931.5,1,1,1.0
1462,1,655.45,89.95,254.63,785.25,1,1,1.0
1462,2,460.03,145.5,358.13,924.0,1,1,1.0
1463,1,654.47,87.89,255.75,790.5,1,1,1.0
1463,2,453.09,151.78,358.13000000000005,917.25,1,1,1.0
1464,1,655.22,87.8,257.62,795.75,1,1,1.0
1464,2,447.47,159.66,360.75,908.2500000000001,1,1,1.0
1465,1,657.61,88.69,258.55999999999995,800.25,1,1,1.0
1465,2,438.98,163.59,367.31999999999994,904.4999999999999,1,1,1.0
1466,1,660.47,88.36,258.55999999999995,804.0,1,1,1.0
1466,2,432.47,166.22,371.05999999999995,903.0,1,1,1.0
1467,1,665.02,85.45,256.31000000000006,810.75,1,1,1.0
1467,2,426.8,168.38,371.06,900.0000000000001,1,1,1.0
1468,1,668.48,83.58,256.88,816.0,1,1,1.0
1468,2,422.2,170.06,367.69,898.5,1,1,1.0
1469,1,672.98,82.22,256.31999999999994,818.25,1,1,1.0
1469,2,417.23,170.81,367.68999999999994,898.5,1,1,1.0
1470,1,680.53,78.7,253.13,822.75,1,1,1.0
1470,2,413.95,171.47,366.57,898.5,1,1,1.0
1471,1,690.14,78.28,248.06000000000006,824.25,1,1,1.0
1471,2,412.22,172.12,368.25,899.2600000000001,1,1,1.0
1472,1,699.19,78.23,246.55999999999995,824.25,1,1,1.0
1472,2,410.39,171.84,371.44000000000005,898.4999999999999,1,1,1.0
1473,1,706.99,73.59,248.43999999999994,830.25,1,1,1.0
1473,2,408.7,171.56,372.56,899.25,1,1,1.0
1474,1,714.21,75.23,255.38,828.0,1,1,1.0
1474,2,407.53,169.59,372.19000000000005,901.4999999999999,1,1,1.0
1475,1,718.62,75.23,265.30999999999995,824.25,1,1,1.0
1475,2,405.84,167.44,373.13000000000005,903.0,1,1,1.0
1476,1,723.44,74.25,268.13,823.5,1,1,1.0
1476,2,405.38,166.5,372.56000000000006,904.5,1,1,1.0
1477,1,728.67,73.69,263.81000000000006,825.75,1,1,1.0
1477,2,405.47,164.62,371.05999999999995,906.7600000000001,1,1,1.0
1478,1,733.22,76.27,259.68999999999994,824.25,1,1,1.0
1478,2,406.5,164.53,370.30999999999995,906.75,1,1,1.0
1479,1,736.64,77.25,259.69000000000005,823.5,1,1,1.0
1479,2,407.3,165.75,369.94,904.5,1,1,1.0
1480,1,739.88,77.91,264.17999999999995,823.5,1,1,1.0
1480,2,408.0,164.16,371.05999999999995,906.7500000000001,1,1,1.0
1481,1,742.41,84.0,270.93000000000006,816.75,1,1,1.0
1481,2,408.89,163.69,373.5,906.75,1,1,1.0
1482,1,744.7,84.28,279.0,816.75,1,1,1.0
1482,2,410.02,162.0,372.56000000000006,909.75,1,1,1.0
1483,1,747.0,87.66,287.05999999999995,812.25,1,1,1.0
1483,2,411.8,160.31,370.31,912.0,1,1,1.0
1484,1,750.0,88.12,293.05999999999995,810.76,1,1,1.0
1484,2,413.95,157.78,369.19,913.5,1,1,1.0
1485,1,752.06,89.53,298.30999999999995,808.5,1,1,1.0
1485,2,416.16,155.25,372.56,917.25,1,1,1.0
1486,1,756.56,90.47,304.1300000000001,807.75,1,1,1.0
1486,2,417.61,153.47,374.80999999999995,918.75,1,1,1.0
1487,1,763.69,89.72,308.05999999999995,810.75,1,1,1.0
1487,2,420.33,150.84,374.06,920.9999999999999,1,1,1.0
1488,1,772.41,88.59,307.67999999999995,813.75,1,1,1.0
1488,2,421.31,148.22,373.13000000000005,924.0,1,1,1.0
1489,1,779.06,88.31,308.44000000000005,816.0,1,1,1.0
1489,2,423.56,146.25,371.81,926.25,1,1,1.0
1490,1,780.0,88.31,314.44000000000005,822.0,1,1,1.0
1490,2,425.81,144.84,381.94,926.2499999999999,1,1,1.0
1491,1,781.03,88.41,319.5,828.0,1,1,1.0
1491,2,427.59,142.78,397.88000000000005,927.75,1,1,1.0
1492,1,782.16,88.22,320.62,834.75,1,1,1.0
1492,2,428.91,140.25,399.74999999999994,929.25,1,1,1.0
1493,1,782.53,89.25,321.94000000000005,839.25,1,1,1.0
1493,2,431.34,136.69,397.13000000000005,934.5,1,1,1.0
1494,1,782.44,90.84,321.94000000000005,841.5,1,1,1.0
1494,2,434.91,134.81,390.74999999999994,936.75,1,1,1.0
1495,1,782.62,91.5,321.57000000000005,843.75,1,1,1.0
1495,2,438.84,131.72,385.50000000000006,939.75,1,1,1.0
1496,1,781.69,94.22,321.19000000000005,842.25,1,1,1.0
1496,2,445.97,128.44,376.5,944.25,1,1,1.0
1497,1,780.84,94.41,320.9999999999999,843.75,1,1,1.0
1497,2,454.03,127.12,366.56000000000006,944.2600000000001,1,1,1.0
1498,1,781.88,95.53,315.37,843.0,1,1,1.0
1498,2,466.12,124.22,352.13,948.0,1,1,1.0
1499,1,781.41,95.06,308.81000000000006,843.0,1,1,1.0
1499,2,473.53,122.81,342.75,948.0,1,1,1.0
1500,1,781.41,95.06,302.06000000000006,843.75,1,1,1.0
1500,2,483.47,120.66,334.87,949.5000000000001,1,1,1.0
1501,1,781.41,93.66,297.37,846.75,1,1,1.0
1501,2,495.38,117.0,326.62,957.0,1,1,1.0
1502,1,781.97,93.09,291.0,847.5,1,1,1.0
1502,2,504.38,116.62,319.67999999999995,956.9999999999999,1,1,1.0
1503,1,781.97,93.66,285.75,846.75,1,1,1.0
1503,2,507.38,115.03,318.37,958.5,1,1,1.0
1504,1,781.97,94.12,280.5,846.76,1,1,1.0
1504,2,509.65,115.5,318.37,957.0,1,1,1.0
1505,1,780.75,95.06,275.6300000000001,846.0,1,1,1.0
1505,2,510.19,113.06,320.06,958.5,1,1,1.0
1506,1,782.34,98.06,267.38,844.5,1,1,1.0
1506,2,509.62,107.62,324.0,962.2600000000001,1,1,1.0
1507,1,782.72,97.15,263.05999999999995,846.0,1,1,1.0
1507,2,508.03,106.27,326.25,960.0,1,1,1.0
1508,1,783.09,96.75,258.93999999999994,851.25,1,1,1.0
1508,2,506.62,106.5,328.68999999999994,948.0,1,1,1.0
1509,1,784.27,96.07,254.62000000000012,864.75,1,1,1.0
1509,2,502.88,108.56,335.24,933.0,1,1,1.0
1510,1,782.34,94.5,255.93999999999994,883.5,1,1,1.0
1510,2,499.41,108.52,340.31,927.75,1,1,1.0
1511,1,783.56,95.44,253.5,902.25,1,1,1.0
1511,2,494.72,109.08,344.05999999999995,923.9999999999999,1,1,1.0
1512,1,785.25,97.69,251.6300000000001,918.75,1,1,1.0
1512,2,489.28,108.47,349.88,927.75,1,1,1.0
1513,1,790.88,99.14,245.2399999999999,926.2500000000001,1,1,1.0
1513,2,484.97,108.8,349.87,927.75,1,1,1.0
1514,1,793.12,101.53,244.13,929.25,1,1,1.0
1514,2,482.06,107.3,350.06,929.25,1,1,1.0
1515,1,794.62,106.5,247.13,927.75,1,1,1.0
1515,2,481.22,107.25,348.55999999999995,929.25,1,1,1.0
1516,1,793.69,109.27,252.19000000000005,929.25,1,1,1.0
1516,2,481.78,106.55,346.88,931.5,1,1,1.0
1517,1,792.94,112.59,256.30999999999995,927.7499999999999,1,1,1.0
1517,2,483.28,107.67,343.88,929.2500000000001,1,1,1.0
1518,1,794.72,114.7,259.8699999999999,926.25,1,1,1.0
1518,2,484.69,108.84,341.25000000000006,926.2499999999999,1,1,1.0
1519,1,799.88,115.55,261.17999999999995,926.25,1,1,1.0
1519,2,486.38,107.95,337.12,924.0,1,1,1.0
1520,1,802.17,115.5,266.63,927.75,1,1,1.0
1520,2,486.84,110.06,334.88000000000005,918.75,1,1,1.0
1521,1,809.51,117.33,264.19000000000005,926.2499999999999,1,1,1.0
1521,2,486.75,110.91,332.44000000000005,909.75,1,1,1.0
1522,1,812.41,117.56,265.88,926.25,1,1,1.0
1522,2,486.38,111.09,330.92999999999995,891.0,1,1,1.0
1523,1,813.91,119.91,269.07000000000005,924.0000000000001,1,1,1.0
1523,2,485.34,111.09,332.82,878.25,1,1,1.0
1524,1,814.29,120.98,272.6200000000001,924.0,1,1,1.0
1524,2,483.0,110.16,337.12,863.25,1,1,1.0
1525,1,814.06,122.62,276.55999999999995,922.4999999999999,1,1,1.0
1525,2,481.41,106.88,338.43,852.74,1,1,1.0
1526,1,814.71,123.19,282.19000000000005,922.5,1,1,1.0
1526,2,479.72,104.25,340.87,852.75,1,1,1.0
1527,1,814.34,124.97,285.17999999999995,921.0,1,1,1.0
1527,2,478.31,101.53,343.49999999999994,859.5,1,1,1.0
1528,1,815.34,125.72,286.32000000000005,917.25,1,1,1.0
1528,2,478.31,99.75,346.88000000000005,865.5,1,1,1.0
1529,1,814.31,127.97,288.3800000000001,913.5,1,1,1.0
1529,2,479.25,97.88,350.44000000000005,868.5,1,1,1.0
1530,1,812.06,130.36,291.0,908.2499999999999,1,1,1.0
1530,2,480.75,96.47,354.37,870.0,1,1,1.0
1531,1,806.72,132.38,296.25,906.7399999999999,1,1,1.0
1531,2,483.56,94.97,359.99999999999994,872.25,1,1,1.0
1532,1,797.34,134.06,304.4999999999999,904.5,1,1,1.0
1532,2,486.84,94.88,357.19,872.24,1,1,1.0
1533,1,788.72,135.7,311.44000000000005,903.0,1,1,1.0
1533,2,489.09,94.78,351.38000000000005,871.5,1,1,1.0
1534,1,779.06,137.16,319.69000000000005,901.5000000000001,1,1,1.0
1534,2,492.84,94.88,350.82,870.74,1,1,1.0
1535,1,772.22,138.66,322.5,899.2500000000001,1,1,1.0
1535,2,501.56,95.25,345.38000000000005,870.75,1,1,1.0
1536,1,764.44,140.72,326.25,898.5,1,1,1.0
1536,2,508.36,94.78,339.37,870.75,1,1,1.0
1537,1,754.12,141.94,331.4999999999999,899.25,1,1,1.0
1537,2,517.55,94.12,330.56000000000006,870.76,1,1,1.0
1538,1,742.88,143.72,338.62,902.25,1,1,1.0
1538,2,526.36,93.84,321.55999999999995,870.0,1,1,1.0
1539,1,732.61,146.34,344.06000000000006,902.9999999999999,1,1,1.0
1539,2,532.69,94.31,315.3699999999999,866.25,1,1,1.0
1540,1,725.62,147.94,346.88,908.25,1,1,1.0
1540,2,542.48,91.59,306.0,866.25,1,1,1.0
1541,1,725.02,150.75,340.5,909.75,1,1,1.0
1541,2,551.06,88.88,295.1300000000001,867.0,1,1,1.0
1542,1,726.61,151.41,331.4999999999999,913.5000000000001,1,1,1.0
1542,2,558.33,85.03,290.80999999999995,860.25,1,1,1.0
1543,1,729.98,153.0,321.0,917.25,1,1,1.0
1543,2,562.55,81.66,283.12,856.5,1,1,1.0
1544,1,730.88,154.41,314.06000000000006,918.7500000000001,1,1,1.0
1544,2,564.7,78.09,275.25,855.75,1,1,1.0
1545,1,730.12,157.22,309.38,917.25,1,1,1.0
1545,2,569.58,76.03,265.30999999999995,857.25,1,1,1.0
1546,1,726.84,161.16,306.38,915.0000000000001,1,1,1.0
1546,2,574.45,73.22,249.0,855.75,1,1,1.0
1547,1,722.25,164.53,305.44000000000005,912.0,1,1,1.0
1547,2,582.89,69.0,239.06000000000006,855.75,1,1,1.0
1548,1,725.11,172.22,298.30999999999995,903.0,1,1,1.0
1548,2,588.8,69.0,231.18000000000006,846.75,1,1,1.0
1549,1,718.08,185.81,302.80999999999995,888.75,1,1,1.0
1549,2,590.3,69.23,253.5,839.25,1,1,1.0
1550,1,709.59,172.69,308.43999999999994,901.5,1,1,1.0
1550,2,594.89,65.3,222.56000000000006,837.0,1,1,1.0
1551,1,699.35,172.41,316.30999999999995,899.2500000000001,1,1,1.0
1551,2,598.41,66.66,211.68000000000006,818.25,1,1,1.0
1552,1,694.59,181.88,314.43999999999994,888.7399999999999,1,1,1.0
1552,2,598.59,67.97,212.63,669.37,1,1,1.0
1553,1,680.62,181.03,330.93999999999994,888.75,1,1,1.0
1553,2,601.78,63.19,199.69000000000005,509.25000000000006,1,1,1.0
1554,1,660.19,176.34,345.3699999999999,893.9999999999999,1,1,1.0
1554,2,605.86,63.66,210.75,504.75,1,1,1.0
1555,1,640.69,168.84,354.3699999999999,902.2499999999999,1,1,1.0
1555,2,609.47,63.84,235.68999999999994,496.13,1,1,1.0
1556,1,634.31,164.62,347.25,908.2600000000001,1,1,1.0
1556,2,612.84,63.47,238.68999999999994,494.62,1,1,1.0
1557,1,630.14,161.44,340.5,915.0,1,1,1.0
1557,2,612.33,63.38,247.12,526.5,1,1,1.0
1558,1,630.56,156.09,332.81000000000006,920.9999999999999,1,1,1.0
1558,2,617.04,88.69,248.25,476.61999999999995,1,1,1.0
1559,1,632.72,153.56,318.37,922.5,1,1,1.0
1559,2,616.9,96.8,243.94000000000005,457.86999999999995,1,1,1.0
1560,1,631.22,153.94,305.43999999999994,918.75,1,1,1.0
1561,1,625.59,154.88,291.0,917.2399999999999,1,1,1.0
1562,1,621.84,158.62,288.75,911.9999999999999,1,1,1.0
1563,1,616.76,161.06,293.06000000000006,908.25,1,1,1.0
1564,1,612.66,161.44,292.5,909.75,1,1,1.0
1565,1,608.25,161.62,295.5,909.7600000000001,1,1,1.0
1565,2,616.9,96.8,243.94000000000005,457.86999999999995,1,1,1.0
1566,1,603.84,164.62,299.06999999999994,906.7600000000001,1,1,1.0
1566,2,615.66,82.88,255.75,315.74,1,1,1.0
1567,1,600.28,168.0,302.44000000000005,904.5,1,1,1.0
1567,2,618.19,84.75,254.25,328.31,1,1,1.0
1568,1,594.66,173.53,308.81000000000006,898.5,1,1,1.0
1568,2,614.72,83.34,258.55999999999995,323.63,1,1,1.0
1569,1,590.44,177.66,310.8699999999999,894.0000000000001,1,1,1.0
1569,2,615.66,83.16,258.18000000000006,329.42999999999995,1,1,1.0
1570,1,586.69,181.41,312.0,891.0000000000001,1,1,1.0
1570,2,617.44,83.62,256.30999999999995,341.26,1,1,1.0
1571,1,582.47,181.97,313.68999999999994,892.5,1,1,1.0
1571,2,620.34,83.16,251.25,347.25,1,1,1.0
1572,1,577.22,183.09,317.25,893.9999999999999,1,1,1.0
1572,2,621.28,82.45,249.56000000000006,406.5,1,1,1.0
1573,1,573.09,186.94,318.38,889.5,1,1,1.0
1573,2,622.78,80.81,249.56000000000006,441.74999999999994,1,1,1.0
1574,1,568.69,183.02,326.6199999999999,892.5,1,1,1.0
1574,2,622.22,78.56,251.05999999999995,448.88000000000005,1,1,1.0
1575,1,563.34,183.61,327.38,891.7499999999999,1,1,1.0
1575,2,621.66,77.91,252.37,462.0,1,1,1.0
1576,1,558.84,183.98,326.25,891.0,1,1,1.0
1576,2,624.52,79.62,250.12,463.5,1,1,1.0
1577,1,555.09,186.82,325.88,888.0,1,1,1.0
1577,2,624.8,82.38,250.68000000000006,468.0,1,1,1.0
1578,1,550.92,188.46,327.38,885.0,1,1,1.0
1578,2,624.0,83.72,252.38,471.0,1,1,1.0
1579,1,549.8,190.78,326.81000000000006,882.0,1,1,1.0
1579,2,623.72,85.83,254.25,475.87000000000006,1,1,1.0
1580,1,547.5,189.94,328.30999999999995,882.75,1,1,1.0
1580,2,623.77,87.98,255.56000000000006,479.63,1,1,1.0
1581,1,546.0,192.14,325.5,879.7500000000001,1,1,1.0
1581,2,621.28,97.69,258.56000000000006,639.3699999999999,1,1,1.0
1582,1,543.7,193.01,321.55999999999995,879.0,1,1,1.0
1582,2,620.53,101.62,260.25,640.5,1,1,1.0
1583,1,544.27,194.18,312.75,878.25,1,1,1.0
1583,2,619.31,103.78,262.1300000000001,628.88,1,1,1.0
1584,1,542.58,195.09,310.5,877.4999999999999,1,1,1.0
1584,2,619.22,106.03,262.5,637.5,1,1,1.0
1585,1,541.22,193.97,309.93999999999994,879.0,1,1,1.0
1585,2,616.78,106.03,266.06000000000006,675.75,1,1,1.0
1586,1,538.31,194.46,312.94000000000005,878.25,1,1,1.0
1586,2,615.19,106.31,268.30999999999995,680.6300000000001,1,1,1.0
1587,1,536.72,195.59,314.80999999999995,876.7499999999999,1,1,1.0
1587,2,614.72,105.38,269.62,694.5,1,1,1.0
1588,1,531.09,191.06,324.0,876.0,1,1,1.0
1589,1,502.59,193.59,349.13000000000005,876.7499999999999,1,1,1.0
1589,2,614.72,105.38,269.62,694.5,1,1,1.0
1590,1,503.16,193.78,346.86999999999995,876.75,1,1,1.0
1590,2,617.88,97.97,275.06000000000006,788.25,1,1,1.0
1591,1,486.09,186.38,367.88000000000005,885.7399999999999,1,1,1.0
1591,2,616.52,99.38,276.94000000000005,785.24,1,1,1.0
1592,1,490.97,186.56,362.43999999999994,885.75,1,1,1.0
1592,2,616.08,99.94,277.68999999999994,785.25,1,1,1.0
1593,1,487.78,186.0,365.06000000000006,887.25,1,1,1.0
1593,2,615.26,100.22,278.25,783.75,1,1,1.0
1594,1,487.69,186.66,365.06,887.2500000000001,1,1,1.0
1594,2,615.12,100.5,277.87,783.0,1,1,1.0
1595,1,484.03,188.81,369.19000000000005,885.75,1,1,1.0
1595,2,614.62,100.17,278.26,783.0,1,1,1.0
1596,1,479.81,190.03,372.74999999999994,885.0,1,1,1.0
1596,2,614.48,100.03,277.68999999999994,783.0,1,1,1.0
1597,1,479.81,192.75,371.06,882.0,1,1,1.0
1597,2,614.88,99.7,276.56000000000006,782.25,1,1,1.0
1598,1,478.22,194.44,372.0,880.5,1,1,1.0
1598,2,614.37,99.66,276.55999999999995,781.5,1,1,1.0
1599,1,464.25,194.72,384.75,879.75,1,1,1.0
1599,2,614.27,98.77,276.57000000000005,783.0,1,1,1.0
1600,1,461.34,195.38,387.00000000000006,879.7399999999999,1,1,1.0
1600,2,614.81,97.73,276.0,783.75,1,1,1.0
1601,1,473.25,195.75,374.63,879.75,1,1,1.0
1601,2,614.95,97.97,275.63,784.5,1,1,1.0
1602,1,466.22,196.78,380.62,878.25,1,1,1.0
1602,2,615.33,98.02,275.25,784.5,1,1,1.0
1603,1,469.31,207.28,373.49999999999994,870.75,1,1,1.0
1603,2,615.63,97.55,274.13,784.5,1,1,1.0
1604,1,478.69,207.52,364.11999999999995,870.75,1,1,1.0
1604,2,615.66,97.03,274.12,785.25,1,1,1.0
1605,1,476.06,207.66,367.31,870.7500000000001,1,1,1.0
1605,2,615.49,97.08,274.13,785.25,1,1,1.0
1606,1,473.53,207.7,369.94000000000005,870.75,1,1,1.0
1606,2,615.0,97.12,274.69000000000005,785.26,1,1,1.0
1607,1,470.34,208.31,373.88000000000005,870.0,1,1,1.0
1607,2,614.93,97.45,274.69000000000005,784.5,1,1,1.0
1608,1,473.44,198.19,374.61999999999995,876.0,1,1,1.0
1608,2,615.07,97.5,274.68999999999994,785.25,1,1,1.0
1609,1,473.34,207.75,372.57,870.0,1,1,1.0
1609,2,614.98,98.16,276.0,784.5,1,1,1.0
1610,1,471.94,197.81,377.44,876.0,1,1,1.0
1610,2,615.33,98.11,275.62,785.25,1,1,1.0
1611,1,468.56,197.25,381.56,876.75,1,1,1.0
1611,2,615.56,98.44,275.25,784.5,1,1,1.0
1612,1,466.31,207.7,380.44,870.0,1,1,1.0
1612,2,615.59,98.34,275.25,783.75,1,1,1.0
1613,1,472.03,207.0,374.06000000000006,871.5,1,1,1.0
1613,2,616.8,98.11,274.13,783.75,1,1,1.0
1614,1,470.16,206.81,373.49999999999994,871.5,1,1,1.0
1614,2,616.36,97.22,274.68999999999994,783.75,1,1,1.0
1615,1,467.53,205.45,372.19000000000005,872.25,1,1,1.0
1615,2,616.57,96.28,273.93999999999994,783.75,1,1,1.0
1616,1,469.88,204.75,367.67999999999995,872.25,1,1,1.0
1616,2,617.04,95.72,273.0,784.5,1,1,1.0
1617,1,474.56,203.02,362.24999999999994,873.75,1,1,1.0
1617,2,618.16,95.67,271.88,785.25,1,1,1.0
1618,1,474.84,201.14,361.13000000000005,874.5000000000001,1,1,1.0
1618,2,618.7,94.73,271.68999999999994,785.25,1,1,1.0
1619,1,477.28,200.34,358.88,875.9999999999999,1,1,1.0
1619,2,619.1,94.27,270.93999999999994,784.5,1,1,1.0
1620,1,479.91,198.09,356.81,877.4999999999999,1,1,1.0
1620,2,619.78,94.08,270.94000000000005,786.0,1,1,1.0
1621,1,483.84,198.47,354.94,872.25,1,1,1.0
1621,2,620.86,92.48,270.37,788.25,1,1,1.0
1622,1,487.88,195.0,354.37,876.0,1,1,1.0
1622,2,621.82,92.02,269.80999999999995,789.75,1,1,1.0
1623,1,494.53,183.38,355.69000000000005,890.2399999999999,1,1,1.0
1623,2,622.69,91.45,269.80999999999995,789.75,1,1,1.0
1624,1,499.69,182.25,354.36999999999995,893.25,1,1,1.0
1624,2,622.83,89.95,269.62,792.0,1,1,1.0
1625,1,511.83,189.66,342.75000000000006,878.2500000000001,1,1,1.0
1625,2,616.78,95.53,268.13,725.63,1,1,1.0
1626,1,520.17,189.94,336.56000000000006,879.0,1,1,1.0
1626,2,618.56,100.12,264.19000000000005,675.76,1,1,1.0
1627,1,521.53,187.31,335.25,888.0,1,1,1.0
1627,2,619.5,97.97,262.12,640.5,1,1,1.0
1628,1,526.59,185.74,337.5,889.5,1,1,1.0
1628,2,621.56,90.98,258.0,574.13,1,1,1.0
1629,1,532.83,183.56,334.68999999999994,891.75,1,1,1.0
1629,2,622.55,87.33,258.19000000000005,475.87000000000006,1,1,1.0
1630,1,540.75,182.72,332.05999999999995,892.5,1,1,1.0
1630,2,624.33,84.89,256.30999999999995,471.0,1,1,1.0
1631,1,545.62,182.53,326.63,892.5,1,1,1.0
1631,2,625.55,83.39,254.25,469.88,1,1,1.0
1632,1,550.27,181.31,323.06000000000006,894.0,1,1,1.0
1632,2,626.67,82.76,252.75,468.75,1,1,1.0
1633,1,555.0,179.16,319.5,897.0000000000001,1,1,1.0
1633,2,625.59,84.19,255.0,452.61999999999995,1,1,1.0
1634,1,555.33,177.16,319.68999999999994,899.2500000000001,1,1,1.0
1634,2,627.52,83.91,251.81000000000006,424.5,1,1,1.0
1635,1,559.12,176.77,316.68999999999994,899.25,1,1,1.0
1635,2,627.66,78.94,249.37,344.62,1,1,1.0
1636,1,561.84,177.3,315.38,897.76,1,1,1.0
1636,2,628.41,76.22,247.68000000000006,341.44000000000005,1,1,1.0
1637,1,563.91,178.78,318.37,896.25,1,1,1.0
1637,2,629.77,75.89,244.68000000000006,333.94,1,1,1.0
1638,1,565.03,177.56,323.06000000000006,896.25,1,1,1.0
1638,2,630.38,73.59,243.37,311.82000000000005,1,1,1.0
1639,1,568.22,176.62,326.25,896.2600000000001,1,1,1.0
1639,2,631.78,68.72,242.25,303.0,1,1,1.0
1640,1,572.72,176.72,326.62,894.0,1,1,1.0
1640,2,632.53,67.59,240.38,295.13,1,1,1.0
1641,1,578.34,174.28,325.5,896.25,1,1,1.0
1641,2,632.62,67.5,239.82000000000005,290.06,1,1,1.0
1642,1,580.03,171.66,327.75,898.5000000000001,1,1,1.0
1642,2,633.38,65.81,237.92999999999995,285.75,1,1,1.0
1643,1,581.44,171.66,329.05999999999995,898.5000000000001,1,1,1.0
1643,2,635.48,67.03,234.18999999999994,281.25,1,1,1.0
1644,1,582.38,169.03,332.42999999999995,901.5,1,1,1.0
1644,2,635.41,66.38,233.25,276.93,1,1,1.0
1645,1,584.91,169.03,332.43000000000006,901.5,1,1,1.0
1645,2,636.23,66.38,231.75,275.81,1,1,1.0
1646,1,585.47,166.41,333.0,904.5000000000001,1,1,1.0
1646,2,637.1,65.2,230.05999999999995,274.88,1,1,1.0
1647,1,585.56,163.69,334.31000000000006,908.25,1,1,1.0
1647,2,637.22,64.69,230.25,276.0,1,1,1.0
1648,1,584.62,164.91,336.57000000000005,906.7500000000001,1,1,1.0
1648,2,638.55,64.31,227.63,277.31,1,1,1.0
1649,1,583.78,164.81,338.44000000000005,908.25,1,1,1.0
1649,2,638.65,63.75,227.06000000000006,276.37,1,1,1.0
1650,1,582.38,164.44,340.31000000000006,908.25,1,1,1.0
1650,2,637.22,63.89,229.12,277.31,1,1,1.0
1651,1,580.88,164.16,340.87,908.2500000000001,1,1,1.0
1651,2,638.51,62.86,226.87,278.25,1,1,1.0
1652,1,577.78,163.78,342.75,908.25,1,1,1.0
1652,2,639.3,62.91,226.13,279.75,1,1,1.0
1653,1,575.72,164.44,343.5,908.25,1,1,1.0
1653,2,639.47,60.84,227.05999999999995,282.93999999999994,1,1,1.0
1654,1,573.0,166.12,344.62,906.7600000000001,1,1,1.0
1654,2,640.69,60.52,225.93999999999994,285.18,1,1,1.0
1655,1,570.94,165.66,345.3699999999999,906.7500000000001,1,1,1.0
1655,2,642.47,59.86,223.68999999999994,288.19,1,1,1.0
1656,1,568.41,165.28,345.93000000000006,906.75,1,1,1.0
1656,2,643.31,59.34,223.1300000000001,292.13,1,1,1.0
1657,1,564.56,162.66,345.0,909.7500000000001,1,1,1.0
1657,2,644.25,59.16,223.5,300.75,1,1,1.0
1658,1,562.31,162.38,344.6300000000001,909.7399999999999,1,1,1.0
1658,2,646.03,58.41,220.88,305.25,1,1,1.0
1659,1,559.59,162.0,345.93999999999994,909.75,1,1,1.0
1659,2,646.41,57.56,220.5,312.56,1,1,1.0
1660,1,557.44,162.66,346.30999999999995,909.7500000000001,1,1,1.0
1660,2,646.31,56.72,220.31000000000006,320.62,1,1,1.0
1661,1,551.44,164.16,349.8699999999999,908.2500000000001,1,1,1.0
1661,2,646.31,56.44,220.31000000000006,334.87,1,1,1.0
1662,1,543.84,165.94,354.93999999999994,906.75,1,1,1.0
1662,2,646.88,55.97,219.37,343.87,1,1,1.0
1663,1,538.97,171.09,356.25,899.9999999999999,1,1,1.0
1663,2,646.69,56.44,219.0,348.94,1,1,1.0
1664,1,532.69,171.47,360.3699999999999,900.0,1,1,1.0
1664,2,646.78,57.09,218.81000000000006,354.93999999999994,1,1,1.0
1665,1,525.05,172.97,366.0,898.5,1,1,1.0
1665,2,645.75,58.03,220.30999999999995,366.19000000000005,1,1,1.0
1666,1,519.38,177.47,367.67999999999995,893.25,1,1,1.0
1666,2,642.94,64.69,224.05999999999995,369.37,1,1,1.0
1667,1,514.31,179.06,368.25,892.5,1,1,1.0
1667,2,641.86,66.26,225.93999999999994,399.37,1,1,1.0
1668,1,509.58,179.62,370.31,891.7600000000001,1,1,1.0
1669,1,505.83,180.56,371.06,891.0,1,1,1.0
1670,1,497.81,169.41,376.49999999999994,904.5000000000001,1,1,1.0
1671,1,492.75,169.12,380.63,904.4999999999999,1,1,1.0
1672,1,488.91,169.59,382.31,904.4999999999999,1,1,1.0
1672,2,645.68,76.41,238.5,801.0,1,1,1.0
1673,1,484.78,170.62,382.31000000000006,902.9999999999999,1,1,1.0
1673,2,642.94,78.33,241.1199999999999,799.5,1,1,1.0
1674,1,479.53,171.19,384.75,900.75,1,1,1.0
1674,2,640.27,79.64,244.12,800.25,1,1,1.0
1675,1,476.34,171.0,386.25000000000006,900.75,1,1,1.0
1675,2,638.55,80.77,245.25,800.25,1,1,1.0
1676,1,471.66,180.0,390.36999999999995,891.0,1,1,1.0
1676,2,638.32,82.03,246.93999999999994,798.75,1,1,1.0
1677,1,468.84,179.34,392.63000000000005,890.9999999999999,1,1,1.0
1677,2,637.88,84.23,246.0,797.25,1,1,1.0
1678,1,465.19,178.5,397.11999999999995,891.75,1,1,1.0
1678,2,636.94,84.84,247.68999999999994,796.5,1,1,1.0
1679,1,461.34,177.75,399.00000000000006,892.5,1,1,1.0
1679,2,635.93,85.31,249.37,796.5,1,1,1.0
1680,1,457.03,177.09,404.63,892.4999999999999,1,1,1.0
1680,2,635.27,85.64,251.81000000000006,797.25,1,1,1.0
1681,1,454.31,176.62,406.13000000000005,893.2600000000001,1,1,1.0
1681,2,634.78,86.58,251.63,795.75,1,1,1.0
1682,1,450.38,176.44,410.62,893.25,1,1,1.0
1682,2,634.62,87.61,251.62,793.5,1,1,1.0
1683,1,445.88,175.41,416.24,894.7500000000001,1,1,1.0
1683,2,634.85,89.11,251.63,792.75,1,1,1.0
1684,1,443.25,175.97,418.13,894.0,1,1,1.0
1684,2,634.12,89.62,251.63,792.0,1,1,1.0
1685,1,439.59,175.57,418.13000000000005,897.75,1,1,1.0
1685,2,633.49,89.34,252.93999999999994,791.25,1,1,1.0
1686,1,438.47,175.71,417.37,897.75,1,1,1.0
1686,2,633.33,89.53,252.93999999999994,790.5,1,1,1.0
1687,1,437.34,175.92,415.88000000000005,897.7500000000001,1,1,1.0
1687,2,632.39,89.72,254.06000000000006,789.0,1,1,1.0
1688,1,436.5,175.69,414.75,898.5,1,1,1.0
1688,2,631.57,89.11,255.37,790.5,1,1,1.0
1689,1,435.28,175.57,412.5,899.25,1,1,1.0
1689,2,631.22,89.06,256.30999999999995,790.5,1,1,1.0
1690,1,436.41,174.91,408.36999999999995,901.5000000000001,1,1,1.0
1690,2,630.89,89.48,256.88,789.75,1,1,1.0
1691,1,437.25,175.31,407.25,900.0,1,1,1.0
1691,2,630.23,89.39,258.56999999999994,791.25,1,1,1.0
1692,1,440.06,175.78,401.24999999999994,894.75,1,1,1.0
1692,2,629.77,88.92,259.68000000000006,792.0,1,1,1.0
1693,1,439.78,175.59,403.13,893.9999999999999,1,1,1.0
1693,2,629.58,88.27,260.25,792.0,1,1,1.0
1694,1,440.34,175.57,407.25000000000006,897.75,1,1,1.0
1694,2,629.74,88.22,260.80999999999995,792.0,1,1,1.0
1695,1,443.44,175.8,408.36999999999995,897.76,1,1,1.0
1695,2,629.16,88.73,262.5,789.75,1,1,1.0
1696,1,447.38,176.18,408.37,897.75,1,1,1.0
1696,2,628.38,88.22,264.19000000000005,791.25,1,1,1.0
1697,1,451.5,177.28,412.12,892.5,1,1,1.0
1697,2,628.69,88.41,264.75,791.25,1,1,1.0
1698,1,456.09,177.94,408.75000000000006,891.75,1,1,1.0
1698,2,628.2,86.86,266.05999999999995,792.0,1,1,1.0
1699,1,462.09,178.78,408.00000000000006,891.0,1,1,1.0
1699,2,628.31,85.92,266.44000000000005,793.5,1,1,1.0
1700,1,469.69,172.22,404.61999999999995,898.5,1,1,1.0
1700,2,629.72,85.45,265.30999999999995,794.25,1,1,1.0
1701,1,474.75,172.5,400.5,898.5,1,1,1.0
1701,2,631.12,84.38,264.76,795.74,1,1,1.0
1702,1,480.56,172.88,396.74999999999994,899.2399999999999,1,1,1.0
1702,2,621.84,92.16,266.81999999999994,480.0,1,1,1.0
1703,1,488.44,172.31,390.36999999999995,900.75,1,1,1.0
1703,2,622.92,91.36,267.38,475.87,1,1,1.0
1704,1,495.0,171.84,386.25,902.2499999999999,1,1,1.0
1704,2,623.91,79.22,267.37,475.12,1,1,1.0
1705,1,503.95,178.41,380.07,897.0000000000001,1,1,1.0
1705,2,630.77,83.16,262.13,468.0,1,1,1.0
1706,1,511.97,179.44,376.12,892.5,1,1,1.0
1706,2,633.09,83.34,260.25,464.63,1,1,1.0
1707,1,519.0,180.19,372.55999999999995,891.75,1,1,1.0
1707,2,635.09,82.59,258.17999999999995,463.88,1,1,1.0
1708,1,524.77,177.47,373.12,894.0,1,1,1.0
1708,2,636.89,81.19,256.31000000000006,463.86999999999995,1,1,1.0
1709,1,529.83,173.44,374.80999999999995,898.5,1,1,1.0
1709,2,635.53,76.64,255.75,438.0,1,1,1.0
1710,1,535.78,172.97,375.38,897.75,1,1,1.0
1710,2,637.03,67.31,249.38,350.06,1,1,1.0
1711,1,541.03,173.91,376.13,897.0000000000001,1,1,1.0
1711,2,642.59,66.09,242.42999999999995,348.93999999999994,1,1,1.0
1712,1,544.59,174.44,381.18999999999994,899.26,1,1,1.0
1712,2,645.68,63.66,237.56000000000006,343.87,1,1,1.0
1713,1,548.81,179.11,383.44000000000005,893.9999999999999,1,1,1.0
1713,2,647.86,60.38,233.80999999999995,333.74,1,1,1.0
1714,1,551.44,180.68,387.3699999999999,892.5,1,1,1.0
1714,2,648.7,57.09,231.75,332.07000000000005,1,1,1.0
1715,1,553.03,183.35,392.63,889.4999999999999,1,1,1.0
1715,2,647.65,53.62,232.5,333.76,1,1,1.0
1716,1,555.52,180.56,399.0,891.75,1,1,1.0
1716,2,646.99,52.41,234.38,333.75,1,1,1.0
1717,1,557.2,178.41,403.88,893.2500000000001,1,1,1.0
1717,2,644.51,51.38,245.81000000000006,336.93,1,1,1.0
1718,1,555.94,179.62,409.8699999999999,893.2600000000001,1,1,1.0
1718,2,643.31,49.69,256.8800000000001,341.25,1,1,1.0
1719,1,561.56,177.94,409.8800000000001,894.75,1,1,1.0
1719,2,644.06,47.25,265.1300000000001,342.37,1,1,1.0
1720,1,567.38,176.34,410.24,896.2499999999999,1,1,1.0
1720,2,644.53,45.0,271.88,340.12,1,1,1.0
1721,1,569.25,175.22,411.75,897.0,1,1,1.0
1721,2,645.52,43.22,275.25,343.5,1,1,1.0
1722,1,577.69,177.09,408.75,896.2499999999999,1,1,1.0
1722,2,646.27,42.56,277.31000000000006,343.88,1,1,1.0
1723,1,582.38,179.34,407.62,893.2499999999999,1,1,1.0
1723,2,646.64,40.97,280.5,345.75,1,1,1.0
1724,1,594.38,176.44,400.12,896.25,1,1,1.0
1724,2,645.94,39.66,284.05999999999995,347.25,1,1,1.0
1725,1,601.69,175.69,395.25,897.75,1,1,1.0
1725,2,645.75,39.0,285.19000000000005,348.94,1,1,1.0
1726,1,607.12,177.75,392.63,894.75,1,1,1.0
1726,2,645.84,39.28,285.75,345.75,1,1,1.0
1727,1,611.11,179.56,388.5,893.24,1,1,1.0
1727,2,646.22,41.25,284.25,341.25,1,1,1.0
1728,1,614.58,180.4,386.25,892.5000000000001,1,1,1.0
1728,2,645.84,40.97,283.68999999999994,342.75,1,1,1.0
1729,1,619.08,180.23,382.68999999999994,892.5,1,1,1.0
1729,2,645.94,42.75,281.43999999999994,340.69,1,1,1.0
1730,1,624.42,180.61,378.75,891.7499999999999,1,1,1.0
1730,2,645.89,43.88,278.25,337.87,1,1,1.0
1731,1,629.16,181.64,374.43000000000006,891.0000000000001,1,1,1.0
1731,2,646.64,44.62,273.38,336.38,1,1,1.0
1732,1,633.47,181.17,370.30999999999995,891.7500000000001,1,1,1.0
1732,2,646.88,44.72,268.31000000000006,335.80999999999995,1,1,1.0
1733,1,636.84,180.96,367.31999999999994,891.75,1,1,1.0
1733,2,647.2,44.34,263.05999999999995,333.75,1,1,1.0
1734,1,640.5,181.73,364.12,891.0,1,1,1.0
1734,2,648.33,43.97,258.55999999999995,335.25,1,1,1.0
1735,1,642.0,181.85,363.0,890.9999999999999,1,1,1.0
1735,2,649.5,42.94,251.62,337.5,1,1,1.0
1736,1,643.31,181.71,361.8800000000001,891.0,1,1,1.0
1736,2,650.77,43.59,247.12,335.25,1,1,1.0
1737,1,643.5,179.65,361.88,893.2500000000001,1,1,1.0
1737,2,650.79,45.94,234.19000000000005,339.75,1,1,1.0
1738,1,642.09,179.53,364.13,892.5,1,1,1.0
1738,2,647.06,47.72,204.19000000000005,344.62,1,1,1.0
1739,1,643.5,179.25,362.25,892.5,1,1,1.0
1739,2,648.26,48.09,216.94000000000005,350.07000000000005,1,1,1.0
1740,1,644.44,178.97,361.1199999999999,893.25,1,1,1.0
1740,2,647.7,51.28,225.55999999999995,350.05999999999995,1,1,1.0
1741,1,644.81,179.34,360.0,892.4999999999999,1,1,1.0
1741,2,645.56,57.56,230.06000000000006,347.81,1,1,1.0
1742,1,644.91,180.09,359.43000000000006,891.7499999999999,1,1,1.0
1742,2,643.41,63.66,237.56000000000006,336.37,1,1,1.0
1743,1,644.91,179.25,359.43000000000006,892.5,1,1,1.0
1743,2,640.85,67.12,243.38,312.19,1,1,1.0
1744,1,644.91,176.91,359.25,894.0000000000001,1,1,1.0
1744,2,636.94,71.91,248.05999999999995,301.87,1,1,1.0
1745,1,644.81,173.06,358.8800000000001,897.75,1,1,1.0
1745,2,632.91,76.41,253.87,304.87,1,1,1.0
1746,1,644.44,173.34,358.1199999999999,897.7499999999999,1,1,1.0
1746,2,627.94,81.0,258.0,287.25,1,1,1.0
1747,1,643.78,171.47,358.13,899.25,1,1,1.0
1747,2,624.52,84.19,260.81000000000006,273.0,1,1,1.0
1748,1,643.5,172.88,357.75,897.0000000000001,1,1,1.0
1748,2,623.48,87.56,263.63,254.25,1,1,1.0
1749,1,643.03,171.94,356.81000000000006,898.5,1,1,1.0
1749,2,618.98,90.45,265.68999999999994,247.12,1,1,1.0
1750,1,642.28,165.94,356.81000000000006,904.5,1,1,1.0
1750,2,615.8,93.45,265.31000000000006,229.5,1,1,1.0
1751,1,642.19,165.84,354.93999999999994,904.4999999999999,1,1,1.0
1751,2,608.67,96.68,273.56000000000006,226.87,1,1,1.0
1752,1,640.88,163.22,354.37,908.25,1,1,1.0
1752,2,602.86,101.51,280.12,224.25,1,1,1.0
1753,1,639.38,163.31,355.31000000000006,908.25,1,1,1.0
1753,2,597.02,105.59,286.32000000000005,232.11999999999998,1,1,1.0
1754,1,638.16,164.16,355.31000000000006,906.7500000000001,1,1,1.0
1754,2,591.09,110.95,291.38,231.57,1,1,1.0
1755,1,635.86,163.22,357.18999999999994,908.25,1,1,1.0
1755,2,587.25,113.81,293.63,231.0,1,1,1.0
1756,1,635.77,163.97,356.81000000000006,906.75,1,1,1.0
1756,2,583.78,115.41,295.88,233.61999999999998,1,1,1.0
1757,1,634.27,162.19,357.18000000000006,908.25,1,1,1.0
1757,2,580.1,116.44,297.0,237.0,1,1,1.0
1758,1,633.98,160.22,356.81999999999994,909.75,1,1,1.0
1758,2,576.66,116.02,298.12,238.87,1,1,1.0
1759,1,633.56,156.84,356.6300000000001,913.4999999999999,1,1,1.0
1759,2,574.76,114.56,299.25,244.13,1,1,1.0
1760,1,631.17,156.56,357.75,913.5,1,1,1.0
1760,2,573.87,110.81,297.55999999999995,250.69,1,1,1.0
1761,1,628.83,156.38,358.12,913.5000000000001,1,1,1.0
1761,2,573.59,107.34,296.42999999999995,255.93999999999997,1,1,1.0
1762,1,627.05,156.38,356.81000000000006,913.5000000000001,1,1,1.0
1762,2,576.47,104.44,294.18999999999994,253.12,1,1,1.0
1763,1,623.67,156.28,358.13,913.5,1,1,1.0
1763,2,575.91,100.64,293.62,258.19,1,1,1.0
1764,1,620.86,159.09,358.5,909.7499999999999,1,1,1.0
1764,2,574.45,96.8,296.43999999999994,263.62,1,1,1.0
1765,1,620.39,161.25,355.31000000000006,908.25,1,1,1.0
1765,2,572.62,94.5,296.43999999999994,266.44,1,1,1.0
1766,1,619.27,162.56,351.75,906.75,1,1,1.0
1766,2,569.06,92.34,297.0,272.25,1,1,1.0
1767,1,618.23,162.28,349.88,906.75,1,1,1.0
1767,2,562.31,88.22,298.5,281.25,1,1,1.0
1768,1,616.59,160.59,349.88,909.7499999999999,1,1,1.0
1768,2,558.0,85.97,301.88,282.19000000000005,1,1,1.0
1769,1,615.94,160.03,350.80999999999995,912.0,1,1,1.0
1769,2,554.16,84.09,304.5,288.18999999999994,1,1,1.0
1770,1,614.72,159.0,354.55999999999995,913.5,1,1,1.0
1770,2,550.83,84.09,302.43999999999994,292.68999999999994,1,1,1.0
1771,1,613.64,157.12,363.38,914.9999999999999,1,1,1.0
1771,2,547.92,84.38,301.5,293.24,1,1,1.0
1772,1,613.59,158.44,373.88,913.5,1,1,1.0
1772,2,546.23,85.41,300.38,290.06000000000006,1,1,1.0
1773,1,613.08,157.78,383.05999999999995,913.5,1,1,1.0
1773,2,544.64,85.5,300.0,288.75,1,1,1.0
1774,1,613.27,159.84,387.75,911.9999999999999,1,1,1.0
1774,2,543.52,85.5,299.43000000000006,291.75,1,1,1.0
1775,1,614.72,161.25,386.62,909.75,1,1,1.0
1775,2,543.09,84.66,297.93999999999994,295.67999999999995,1,1,1.0
1776,1,615.7,159.84,385.88,911.9999999999999,1,1,1.0
1776,2,545.51,83.58,295.31000000000006,297.19,1,1,1.0
1777,1,617.34,157.41,381.93999999999994,915.0000000000001,1,1,1.0
1777,2,545.18,80.44,291.94000000000005,297.56,1,1,1.0
1778,1,619.41,158.16,377.25,915.0000000000001,1,1,1.0
1778,2,547.2,77.34,285.0,310.32000000000005,1,1,1.0
1779,1,621.47,158.06,372.18999999999994,915.0,1,1,1.0
1779,2,548.34,74.48,281.25,303.38,1,1,1.0
1780,1,624.56,156.66,358.5,917.2500000000001,1,1,1.0
1780,2,547.08,71.44,276.0,303.0,1,1,1.0
1781,1,628.59,159.94,354.0,913.5,1,1,1.0
1781,2,551.95,65.88,273.0,295.31,1,1,1.0
1782,1,633.42,162.66,348.0,909.7500000000001,1,1,1.0
1782,2,551.62,65.16,267.38,304.5,1,1,1.0
1783,1,640.97,162.84,339.75,909.7499999999999,1,1,1.0
1784,1,648.19,159.0,331.68999999999994,913.5,1,1,1.0
1785,1,655.41,158.44,323.43000000000006,913.5,1,1,1.0
1786,1,661.88,155.25,317.62,917.25,1,1,1.0
1786,2,561.98,54.84,162.85000000000002,522.38,1,1,1.0
1787,1,672.09,152.91,309.0,918.7500000000001,1,1,1.0
1787,2,561.38,56.25,171.56000000000006,637.5,1,1,1.0
1788,1,679.5,148.59,303.55999999999995,922.4999999999999,1,1,1.0
1788,2,562.59,54.19,180.38,698.25,1,1,1.0
1789,1,685.69,148.41,300.0,921.0000000000001,1,1,1.0
1789,2,561.89,55.12,190.97000000000003,725.63,1,1,1.0
1790,1,690.28,146.16,297.0,922.5000000000001,1,1,1.0
1790,2,561.19,52.88,199.68999999999994,754.5,1,1,1.0
1791,1,695.91,145.78,293.06000000000006,922.5,1,1,1.0
1791,2,560.62,53.72,205.13,757.5,1,1,1.0
1792,1,701.06,142.97,291.0,926.25,1,1,1.0
1792,2,565.22,51.66,217.5,815.25,1,1,1.0
1793,1,704.72,140.81,290.80999999999995,929.25,1,1,1.0
1793,2,568.36,49.41,221.05999999999995,819.0,1,1,1.0
1794,1,709.66,136.97,290.07000000000005,939.75,1,1,1.0
1794,2,568.27,48.38,225.0,819.0,1,1,1.0
1795,1,712.73,134.06,290.81999999999994,944.25,1,1,1.0
1795,2,562.92,46.97,230.06000000000006,786.0,1,1,1.0
1796,1,717.14,132.47,290.44000000000005,946.5,1,1,1.0
1796,2,562.92,44.91,232.31000000000006,793.5,1,1,1.0
1797,1,722.81,130.69,290.06000000000006,948.0,1,1,1.0
1797,2,563.48,44.53,235.5,799.5,1,1,1.0
1798,1,728.58,131.25,288.37,946.5,1,1,1.0
1798,2,564.14,44.06,236.81000000000006,804.0,1,1,1.0
1799,1,733.31,129.94,287.81000000000006,948.0,1,1,1.0
1799,2,566.86,43.88,234.93999999999994,814.5,1,1,1.0
1800,1,742.45,129.56,282.94000000000005,948.0,1,1,1.0
1800,2,572.86,45.89,231.18999999999994,829.5,1,1,1.0
1801,1,748.73,129.94,279.94000000000005,946.5,1,1,1.0
1801,2,574.55,43.92,230.62,833.25,1,1,1.0
1802,1,750.98,129.66,280.31999999999994,946.5000000000001,1,1,1.0
1802,2,579.23,44.3,228.0,834.75,1,1,1.0
1803,1,750.84,130.41,282.57000000000005,944.2500000000001,1,1,1.0
1803,2,585.09,42.56,227.06999999999994,834.75,1,1,1.0
1804,1,750.66,130.5,284.2500000000001,944.25,1,1,1.0
1804,2,591.42,42.66,222.56000000000006,835.5,1,1,1.0
1805,1,751.59,131.34,286.13,941.9999999999999,1,1,1.0
1805,2,596.91,43.97,224.43000000000006,835.5,1,1,1.0
1806,1,751.5,131.91,287.25,939.7500000000001,1,1,1.0
1806,2,601.69,43.59,225.93999999999994,837.0,1,1,1.0
1807,1,749.44,133.22,291.0,936.75,1,1,1.0
1807,2,606.0,42.09,225.94000000000005,839.25,1,1,1.0
1808,1,747.14,133.78,294.0000000000001,934.5,1,1,1.0
1808,2,610.03,43.31,226.13,837.0,1,1,1.0
1809,1,746.95,134.53,294.94000000000005,934.5,1,1,1.0
1809,2,614.81,44.72,224.44000000000005,834.75,1,1,1.0
1810,1,746.06,134.53,296.6300000000001,934.5,1,1,1.0
1810,2,618.84,46.97,222.56999999999994,831.75,1,1,1.0
1811,1,746.11,135.47,297.37,933.0,1,1,1.0
1811,2,625.78,49.31,216.75,830.25,1,1,1.0
1812,1,745.55,135.75,298.30999999999995,933.0,1,1,1.0
1812,2,630.66,51.09,214.31000000000006,828.0,1,1,1.0
1813,1,740.44,135.94,303.55999999999995,933.0,1,1,1.0
1813,2,635.16,52.97,213.56000000000006,823.5,1,1,1.0
1814,1,740.11,136.78,304.4999999999999,933.0,1,1,1.0
1814,2,643.5,53.39,210.19000000000005,824.25,1,1,1.0
1815,1,743.58,135.84,301.12,932.9999999999999,1,1,1.0
1815,2,648.19,53.02,210.55999999999995,822.0,1,1,1.0
1816,1,747.42,137.06,297.56000000000006,931.5,1,1,1.0
1816,2,652.03,53.58,208.69000000000005,816.75,1,1,1.0
1817,1,754.69,135.94,290.44000000000005,933.0,1,1,1.0
1817,2,655.97,53.02,208.5,811.5,1,1,1.0
1818,1,764.72,135.56,280.30999999999995,931.5,1,1,1.0
1818,2,658.03,52.73,209.44000000000005,804.75,1,1,1.0
1819,1,775.64,135.84,269.2500000000001,929.2499999999999,1,1,1.0
1819,2,660.38,51.52,207.56000000000006,800.25,1,1,1.0
1820,1,783.19,136.41,262.1199999999999,926.2500000000001,1,1,1.0
1820,2,663.28,49.5,205.5,801.0,1,1,1.0
1821,1,786.0,137.53,258.94000000000005,924.0,1,1,1.0
1821,2,669.23,51.38,205.88,801.74,1,1,1.0
1822,1,786.84,139.22,257.63,918.75,1,1,1.0
1822,2,674.06,51.52,203.06000000000006,795.75,1,1,1.0
1823,1,786.94,141.38,256.30999999999995,918.7399999999999,1,1,1.0
1823,2,678.89,51.38,198.19000000000005,790.5,1,1,1.0
1824,1,787.31,142.5,254.6300000000001,921.0,1,1,1.0
1824,2,683.2,51.14,193.13,789.0,1,1,1.0
1825,1,786.09,146.16,255.18999999999994,921.0000000000001,1,1,1.0
1825,2,684.05,50.53,195.37,792.0,1,1,1.0
1826,1,784.69,147.28,255.3699999999999,921.0,1,1,1.0
1826,2,685.22,47.81,195.18999999999994,804.0,1,1,1.0
1827,1,784.78,150.19,254.6300000000001,917.25,1,1,1.0
1827,2,688.17,46.03,189.94000000000005,812.25,1,1,1.0
1828,1,785.25,151.31,254.05999999999995,917.25,1,1,1.0
1828,2,689.48,44.48,187.68999999999994,821.25,1,1,1.0
1829,1,782.44,154.31,256.30999999999995,915.0,1,1,1.0
1829,2,691.41,43.78,183.56000000000006,826.5,1,1,1.0
1830,1,778.08,157.12,260.2499999999999,913.4999999999999,1,1,1.0
1830,2,692.81,42.19,183.56000000000006,838.5,1,1,1.0
1831,1,776.91,159.75,260.81000000000006,912.0,1,1,1.0
1831,2,693.42,39.56,183.85000000000002,854.25,1,1,1.0
1832,1,778.08,164.53,258.93999999999994,906.75,1,1,1.0
1832,2,693.47,36.66,184.68999999999994,861.0,1,1,1.0
1833,1,773.2,167.06,263.05999999999995,903.0,1,1,1.0
1833,2,693.42,37.64,186.66000000000008,847.5,1,1,1.0
1834,1,773.16,170.91,263.06000000000006,899.2500000000001,1,1,1.0
1834,2,693.7,38.53,188.43999999999994,837.0,1,1,1.0
1835,1,770.95,176.34,265.8799999999999,893.9999999999999,1,1,1.0
1835,2,691.73,37.69,190.40999999999997,833.25,1,1,1.0
1836,1,772.08,180.56,265.31000000000006,891.75,1,1,1.0
1836,2,689.62,35.77,194.07000000000005,849.75,1,1,1.0
1837,1,777.84,187.78,262.13,884.25,1,1,1.0
1837,2,689.39,33.61,198.19000000000005,877.5,1,1,1.0
1838,1,776.16,190.59,265.87,881.9999999999999,1,1,1.0
1838,2,688.45,33.98,198.75,879.0,1,1,1.0
1839,1,770.48,186.0,272.25,888.0,1,1,1.0
1839,2,685.59,34.73,195.93999999999994,873.75,1,1,1.0
1840,1,767.3,184.41,277.69000000000005,891.0000000000001,1,1,1.0
1840,2,683.62,35.3,193.13,868.5,1,1,1.0
1841,1,764.95,184.88,280.5,888.0000000000001,1,1,1.0
1841,2,681.47,36.7,194.80999999999995,868.5,1,1,1.0
1842,1,763.5,184.5,282.19000000000005,888.75,1,1,1.0
1842,2,679.69,35.02,193.8699999999999,868.5,1,1,1.0
1843,1,764.06,185.25,282.94000000000005,888.0,1,1,1.0
1843,2,676.5,34.03,195.38,861.75,1,1,1.0
1844,1,762.75,184.88,284.05999999999995,889.5000000000001,1,1,1.0
1844,2,674.53,34.69,198.56000000000006,859.5,1,1,1.0
1845,1,762.14,186.94,285.7500000000001,885.0,1,1,1.0
1845,2,673.78,35.25,197.06000000000006,864.0,1,1,1.0
1846,1,760.5,187.03,287.80999999999995,884.25,1,1,1.0
1846,2,672.47,35.39,197.05999999999995,864.75,1,1,1.0
1847,1,760.41,187.97,288.37,883.5,1,1,1.0
1847,2,672.94,36.14,196.30999999999995,861.75,1,1,1.0
1848,1,760.55,189.47,288.94000000000005,881.25,1,1,1.0
1848,2,671.34,35.34,197.43999999999994,859.5,1,1,1.0
1849,1,762.8,189.47,286.69000000000005,881.25,1,1,1.0
1849,2,670.88,34.5,198.56000000000006,859.5,1,1,1.0
1850,1,762.89,189.28,286.13,882.0,1,1,1.0
1850,2,670.31,33.0,199.8800000000001,860.25,1,1,1.0
1851,1,761.3,187.31,286.30999999999995,883.5,1,1,1.0
1851,2,667.03,33.42,204.38,859.5,1,1,1.0
1852,1,758.81,184.12,287.25,886.4999999999999,1,1,1.0
1852,2,660.47,36.66,212.80999999999995,854.25,1,1,1.0
1853,1,758.34,180.94,286.68999999999994,889.5,1,1,1.0
1853,2,652.97,39.7,218.43999999999994,851.25,1,1,1.0
1854,1,758.3,176.91,284.25,893.2500000000001,1,1,1.0
1854,2,643.78,44.11,224.81000000000006,846.75,1,1,1.0
1855,1,756.28,172.59,284.05999999999995,898.4999999999999,1,1,1.0
1855,2,630.84,47.86,235.68999999999994,842.25,1,1,1.0
1856,1,756.56,168.38,281.44000000000005,902.2399999999999,1,1,1.0
1856,2,624.09,50.81,244.31999999999994,839.25,1,1,1.0
1857,1,759.61,164.25,276.56000000000006,906.75,1,1,1.0
1857,2,613.97,54.05,252.93999999999994,836.25,1,1,1.0
1858,1,762.75,161.06,273.94000000000005,909.75,1,1,1.0
1858,2,600.0,54.66,264.75,836.25,1,1,1.0
1859,1,769.73,157.41,269.6299999999999,913.5000000000001,1,1,1.0
1859,2,585.94,55.45,276.55999999999995,835.5,1,1,1.0
1860,1,783.0,155.25,262.5,912.0,1,1,1.0
1860,2,572.91,54.61,292.12,836.25,1,1,1.0
1861,1,792.38,152.16,258.92999999999995,912.0000000000001,1,1,1.0
1861,2,564.14,53.53,301.13,837.0,1,1,1.0
1862,1,799.12,149.72,258.57000000000005,913.5,1,1,1.0
1862,2,560.06,52.22,311.44000000000005,839.25,1,1,1.0
1863,1,799.03,144.66,266.05999999999995,918.7500000000001,1,1,1.0
1863,2,557.39,50.2,318.38,840.75,1,1,1.0
1864,1,797.72,141.75,275.6199999999999,922.5,1,1,1.0
1864,2,555.52,48.05,320.62,843.0,1,1,1.0
1865,1,793.5,138.84,286.30999999999995,926.2499999999999,1,1,1.0
1865,2,554.77,45.19,323.81000000000006,846.75,1,1,1.0
1866,1,787.03,137.72,299.6300000000001,927.75,1,1,1.0
1866,2,555.0,42.66,324.75,849.0,1,1,1.0
1867,1,779.72,135.09,313.30999999999995,929.2499999999999,1,1,1.0
1867,2,557.86,40.12,323.05999999999995,852.0,1,1,1.0
1868,1,776.34,132.28,323.07000000000005,933.0,1,1,1.0
1868,2,561.61,39.61,316.68999999999994,852.75,1,1,1.0
1869,1,776.91,129.56,328.67999999999995,936.75,1,1,1.0
1869,2,569.25,39.05,308.80999999999995,853.5,1,1,1.0
1870,1,773.51,120.38,342.0,948.0000000000001,1,1,1.0
1870,2,578.53,39.0,303.94000000000005,854.25,1,1,1.0
1871,1,773.86,116.62,345.37,951.7600000000001,1,1,1.0
1871,2,588.28,39.19,297.0,855.75,1,1,1.0
1872,1,774.63,112.78,346.32000000000005,958.5,1,1,1.0
1872,2,597.38,35.86,290.06000000000006,859.5,1,1,1.0
1873,1,776.18,108.47,345.93999999999994,958.5,1,1,1.0
1873,2,608.53,34.97,282.19000000000005,860.25,1,1,1.0
1874,1,779.37,107.06,344.9999999999999,949.5,1,1,1.0
1874,2,618.28,32.91,280.88,861.75,1,1,1.0
1875,1,780.63,105.14,345.38,944.2500000000001,1,1,1.0
1875,2,628.69,29.86,277.68999999999994,861.75,1,1,1.0
1876,1,785.06,103.97,341.6300000000001,946.5,1,1,1.0
1876,2,638.72,26.11,270.75,848.25,1,1,1.0
1877,1,792.75,100.64,334.8699999999999,946.5000000000001,1,1,1.0
1877,2,647.02,24.94,268.12,819.0,1,1,1.0
1878,1,795.75,99.75,332.80999999999995,946.5,1,1,1.0
1878,2,651.52,23.91,269.06000000000006,801.0,1,1,1.0
1879,1,799.03,98.25,330.0,948.0,1,1,1.0
1879,2,654.7,22.41,273.55999999999995,781.5,1,1,1.0
1880,1,802.03,98.39,325.8800000000001,946.5000000000001,1,1,1.0
1880,2,654.38,19.03,280.31000000000006,766.88,1,1,1.0
1881,1,801.28,97.97,325.8800000000001,948.0,1,1,1.0
1881,2,653.11,15.19,287.25,767.25,1,1,1.0
1882,1,801.75,97.83,324.75,944.2499999999999,1,1,1.0
1882,2,651.19,11.44,292.5,768.75,1,1,1.0
1883,1,803.62,99.56,320.9999999999999,938.25,1,1,1.0
1883,2,649.22,9.42,297.55999999999995,766.88,1,1,1.0
1884,1,805.5,99.84,318.0,932.9999999999999,1,1,1.0
1884,2,647.72,7.69,301.12,768.0,1,1,1.0
1885,1,806.91,97.08,315.37,927.7499999999999,1,1,1.0
1885,2,649.36,6.8,297.37,773.25,1,1,1.0
1886,1,811.36,97.41,316.68999999999994,917.25,1,1,1.0
1886,2,652.12,6.38,293.07000000000005,771.74,1,1,1.0
1887,1,814.55,93.94,318.0,904.5,1,1,1.0
1887,2,656.06,6.38,286.1300000000001,776.24,1,1,1.0
1888,1,819.7,88.48,319.1299999999999,900.0,1,1,1.0
1888,2,660.23,5.16,277.88,776.25,1,1,1.0
1889,1,828.14,86.16,315.38,882.75,1,1,1.0
1889,2,668.53,4.73,268.31000000000006,772.5,1,1,1.0
1890,1,833.39,81.94,311.43999999999994,860.25,1,1,1.0
1890,2,676.17,4.69,259.88,777.0,1,1,1.0
1891,1,842.67,75.14,301.5000000000001,833.25,1,1,1.0
1891,2,683.77,5.02,255.75,774.0,1,1,1.0
1892,1,849.52,68.72,293.43000000000006,815.25,1,1,1.0
1892,2,693.56,4.17,245.81000000000006,763.13,1,1,1.0
1893,1,854.39,65.67,287.06000000000006,796.5,1,1,1.0
1893,2,705.09,3.42,236.06999999999994,744.0,1,1,1.0
1894,1,859.59,62.72,277.88,796.5,1,1,1.0
1894,2,716.06,3.8,223.69000000000005,727.87,1,1,1.0
1895,1,865.59,61.5,268.32000000000005,795.75,1,1,1.0
1895,2,726.19,3.28,214.68999999999994,707.63,1,1,1.0
1896,1,869.86,60.56,260.2499999999999,797.25,1,1,1.0
1896,2,736.03,1.9,205.13,687.37,1,1,1.0
1897,1,873.23,61.12,251.06999999999994,796.5,1,1,1.0
1897,2,743.91,-0.38,200.06000000000006,666.76,1,1,1.0
1898,1,874.59,63.47,246.57000000000005,786.75,1,1,1.0
1898,2,747.23,1.64,199.5,663.0,1,1,1.0
1899,1,878.02,65.06,241.87000000000012,785.25,1,1,1.0
1899,2,751.5,2.44,198.19000000000005,663.0,1,1,1.0
1900,1,883.97,65.91,235.69000000000005,782.25,1,1,1.0
1900,2,755.86,2.67,196.12,661.5,1,1,1.0
1901,1,891.66,67.03,228.17999999999995,783.75,1,1,1.0
1901,2,759.84,1.5,194.06999999999994,661.12,1,1,1.0
1902,1,896.81,63.75,228.94000000000005,775.5,1,1,1.0
1902,2,763.64,1.59,193.88,663.75,1,1,1.0
1903,1,902.44,61.5,226.1199999999999,778.5,1,1,1.0
1903,2,768.7,-1.69,190.13,671.6300000000001,1,1,1.0
1904,1,906.56,58.83,227.6300000000001,762.0,1,1,1.0
1904,2,772.45,-0.66,190.9699999999999,664.5,1,1,1.0
1905,1,908.53,53.23,231.94000000000005,755.25,1,1,1.0
1905,2,777.05,-2.67,185.62,666.75,1,1,1.0
1906,1,909.38,47.09,237.56000000000006,757.12,1,1,1.0
1906,2,782.72,-3.23,183.75,668.62,1,1,1.0
1907,1,909.09,43.78,239.07000000000005,748.5,1,1,1.0
1907,2,787.99,-3.61,181.88,664.5,1,1,1.0
1908,1,907.78,39.28,242.80999999999995,739.88,1,1,1.0
1908,2,793.78,-3.66,181.88,663.0,1,1,1.0
1909,1,906.38,35.34,249.0000000000001,710.63,1,1,1.0
1909,2,798.38,-1.5,178.5,655.88,1,1,1.0
1910,1,906.66,31.59,251.62,700.5,1,1,1.0
1910,2,802.36,0.42,176.90999999999997,629.63,1,1,1.0
1911,1,908.91,29.39,252.17999999999995,699.38,1,1,1.0
1911,2,806.39,-2.34,177.65999999999997,626.62,1,1,1.0
1912,1,909.75,29.2,252.19000000000005,695.25,1,1,1.0
1912,2,808.92,-2.16,178.41000000000008,603.0,1,1,1.0
1913,1,912.47,28.64,249.0,692.25,1,1,1.0
1913,2,811.41,-3.56,179.5300000000001,593.6199999999999,1,1,1.0
1914,1,913.88,27.42,246.92999999999995,693.75,1,1,1.0
1914,2,814.17,-3.94,178.69000000000005,585.3800000000001,1,1,1.0
1915,1,916.12,27.61,242.9999999999999,693.75,1,1,1.0
1915,2,812.11,-4.22,183.55999999999995,584.25,1,1,1.0
1916,1,920.44,27.66,234.94000000000005,694.5,1,1,1.0
1916,2,807.42,-3.66,191.5300000000001,582.0,1,1,1.0
1917,1,922.41,28.12,229.87,693.76,1,1,1.0
1917,2,802.45,-3.47,199.30999999999995,582.0,1,1,1.0
1918,1,922.88,29.02,227.42999999999995,692.25,1,1,1.0
1918,2,800.2,-3.66,202.68999999999994,580.13,1,1,1.0
1919,1,921.94,30.09,225.94000000000005,690.0,1,1,1.0
1919,2,798.23,-4.69,206.81999999999994,585.3800000000001,1,1,1.0
1920,1,920.16,31.36,224.81000000000006,686.25,1,1,1.0
1920,2,799.08,-5.06,206.80999999999995,584.25,1,1,1.0
1921,1,918.38,32.16,220.87,682.12,1,1,1.0
1921,2,801.0,-4.36,204.38,581.25,1,1,1.0
1922,1,915.75,32.58,220.30999999999995,677.62,1,1,1.0
1922,2,804.23,-3.66,198.75,580.13,1,1,1.0
1923,1,911.06,32.02,219.3800000000001,674.62,1,1,1.0
1923,2,808.03,-1.97,191.52999999999997,574.13,1,1,1.0
1924,1,906.47,29.86,221.6199999999999,668.25,1,1,1.0
1924,2,814.41,-1.5,186.75,578.25,1,1,1.0
1925,1,902.16,25.59,224.06000000000006,663.0,1,1,1.0
1925,2,820.78,1.22,175.77999999999997,570.37,1,1,1.0
1926,1,896.44,19.97,228.0,662.25,1,1,1.0
1926,2,825.94,-1.03,174.18999999999994,518.62,1,1,1.0
1927,1,892.59,18.14,231.38,651.75,1,1,1.0
1927,2,836.44,-0.56,161.25,473.62,1,1,1.0
1928,1,891.8,16.66,230.62000000000012,627.75,1,1,1.0
1928,2,847.88,-1.59,150.0,433.5,1,1,1.0
1929,1,889.55,12.42,231.37000000000012,622.88,1,1,1.0
1929,2,864.47,2.16,129.93999999999994,416.61999999999995,1,1,1.0
1930,1,890.44,12.47,228.0,610.5,1,1,1.0
1930,2,872.32,0.91,117.65999999999997,528.38,1,1,1.0
1931,1,889.97,10.69,223.1199999999999,605.25,1,1,1.0
1931,2,883.64,2.72,118.40999999999997,501.75,1,1,1.0
1932,1,891.33,9.56,216.93999999999994,604.8800000000001,1,1,1.0
1932,2,887.77,4.97,117.46000000000004,493.11999999999995,1,1,1.0
1933,1,892.5,7.03,210.55999999999995,607.5,1,1,1.0
1934,1,896.2,6.0,203.25,611.25,1,1,1.0
1935,1,899.67,6.28,196.88,612.0,1,1,1.0
1936,1,903.66,6.19,191.81000000000006,610.5,1,1,1.0
1937,1,906.98,6.84,187.41000000000008,609.75,1,1,1.0
1938,1,910.03,7.5,183.0,609.0,1,1,1.0
1939,1,912.38,8.62,179.5300000000001,606.76,1,1,1.0
1940,1,913.83,7.69,177.09000000000003,605.25,1,1,1.0
1941,1,914.91,8.53,173.89999999999998,600.38,1,1,1.0
1942,1,915.42,5.34,171.85000000000002,595.13,1,1,1.0
1943,1,915.84,3.23,170.54000000000008,589.5,1,1,1.0
1944,1,916.59,1.22,168.65999999999997,585.37,1,1,1.0
1945,1,917.2,-0.38,168.0,572.63,1,1,1.0
1946,1,917.81,-0.19,168.66000000000008,561.75,1,1,1.0
1947,1,917.95,1.36,171.0,549.75,1,1,1.0
1948,1,919.27,0.33,168.6500000000001,548.62,1,1,1.0
1949,1,919.97,-0.38,169.69000000000005,546.0,1,1,1.0
1950,1,919.83,1.45,172.87,540.0,1,1,1.0
1951,1,920.39,3.47,171.0000000000001,536.25,1,1,1.0
1952,1,920.16,1.03,169.95999999999992,538.88,1,1,1.0
1953,1,920.81,1.69,168.66000000000008,537.75,1,1,1.0
1954,1,921.28,1.97,168.0,536.62,1,1,1.0
1955,1,922.27,4.78,166.87000000000012,531.0,1,1,1.0
1956,1,921.56,2.53,165.10000000000014,534.0,1,1,1.0
1957,1,921.23,2.91,163.5999999999999,536.62,1,1,1.0
1958,1,919.78,5.77,161.05999999999995,531.0,1,1,1.0
1959,1,919.03,5.95,158.6300000000001,528.38,1,1,1.0
1960,1,919.36,6.35,157.2199999999999,523.88,1,1,1.0
1961,1,919.69,7.24,155.25,517.88,1,1,1.0
1962,1,919.78,6.33,151.8800000000001,515.25,1,1,1.0
1963,1,920.06,5.91,150.75,511.86999999999995,1,1,1.0
1964,1,920.72,6.45,152.05999999999995,508.12000000000006,1,1,1.0
1965,1,922.22,9.3,154.97000000000003,504.37999999999994,1,1,1.0
1966,1,923.81,11.7,160.69000000000005,499.87,1,1,1.0
1967,1,925.27,6.8,164.9000000000001,507.36999999999995,1,1,1.0
1968,1,927.8,5.16,175.77999999999997,509.24999999999994,1,1,1.0
1969,1,930.19,3.33,179.05999999999995,511.50000000000006,1,1,1.0
1970,1,931.69,0.56,168.0,515.25,1,1,1.0
1971,1,933.7,1.5,173.15999999999985,514.12,1,1,1.0
1972,1,934.73,2.11,186.8499999999999,514.12,1,1,1.0
1973,1,936.8,3.05,186.6500000000001,513.37,1,1,1.0
1974,1,939.09,-0.66,172.68999999999994,519.38,1,1,1.0
1975,1,941.72,-1.22,174.19000000000005,519.75,1,1,1.0
1976,1,942.66,0.0,179.06000000000006,516.0,1,1,1.0
1977,1,945.28,-0.38,176.05999999999995,516.0,1,1,1.0
1978,1,944.53,2.44,179.05999999999995,509.25,1,1,1.0
1979,1,944.91,3.19,189.92999999999995,501.0,1,1,1.0
1980,1,946.78,2.67,192.75,498.75,1,1,1.0
1981,1,949.41,3.82,193.87,493.5,1,1,1.0
1982,1,954.42,4.22,191.2500000000001,488.25,1,1,1.0
1983,1,961.88,4.41,182.2399999999999,480.75,1,1,1.0
1984,1,971.13,4.97,174.93999999999994,484.5,1,1,1.0
1985,1,986.39,7.64,161.43999999999994,480.0,1,1,1.0
1986,1,1002.96,12.98,145.1199999999999,464.63,1,1,1.0
1987,1,1023.42,14.77,125.15999999999997,463.5,1,1,1.0
1988,1,1050.42,7.55,98.25,469.5,1,1,1.0
1989,1,1062.75,8.53,89.57999999999993,472.13000000000005,1,1,1.0
1990,1,1064.18,10.36,90.0,471.75,1,1,1.0
